0 1.41395
1 0.221744
2 0.0963525
3 0.0657233
4 0.0527425
5 0.0420348
6 0.0331348
7 0.0272047
8 0.0229683
9 0.0195679
10 0.0171965
11 0.0154014
12 0.0134329
13 0.011291
14 0.00936536
15 0.0077733
16 0.00659744
17 0.00569349
18 0.00488976
19 0.0042741
20 0.00376625
21 0.00328486
22 0.00306554
23 0.0032492
24 0.00354092
25 0.00360721
26 0.00366308
27 0.00379207
28 0.00405813
29 0.00453238
30 0.00504935
31 0.00560892
32 0.00636215
33 0.00726324
34 0.00840269
35 0.00986786
36 0.0117701
37 0.014067
38 0.0166912
39 0.019953
40 0.0227072
41 0.025447
42 0.0290901
43 0.0337607
44 0.0423365
45 0.0556101
46 0.0882077
47 0.217274
