0 1.40876
1 0.215393
2 0.0889827
3 0.0550632
4 0.04167
5 0.034383
6 0.0299951
7 0.026295
8 0.0222526
9 0.0187599
10 0.0159364
11 0.0138227
12 0.0128374
13 0.011576
14 0.0100386
15 0.00863497
16 0.00755738
17 0.0067532
18 0.00608504
19 0.00561844
20 0.00531424
21 0.00492338
22 0.00474761
23 0.0045491
24 0.0043622
25 0.0044932
26 0.00461619
27 0.0046393
28 0.00471185
29 0.00511163
30 0.0057303
31 0.00624739
32 0.00681945
33 0.00773539
34 0.00870771
35 0.0099628
36 0.0112952
37 0.0126323
38 0.0141201
39 0.0161911
40 0.0189547
41 0.0222377
42 0.0259729
43 0.0311364
44 0.0387389
45 0.0517353
46 0.0859643
47 0.213915
