0 1.40342
1 0.209875
2 0.0848758
3 0.0526597
4 0.0377722
5 0.0298291
6 0.0245925
7 0.0206159
8 0.0170262
9 0.0134137
10 0.0104983
11 0.00831987
12 0.00674732
13 0.00565082
14 0.00494386
15 0.00441955
16 0.00382403
17 0.00315723
18 0.00279611
19 0.00263201
20 0.00251638
21 0.00237822
22 0.0022394
23 0.00208272
24 0.00200791
25 0.00205777
26 0.00214144
27 0.00229594
28 0.00246413
29 0.00278111
30 0.00325613
31 0.00376519
32 0.00424341
33 0.00479506
34 0.00533411
35 0.00608087
36 0.00720431
37 0.00851632
38 0.0101381
39 0.0122524
40 0.0151239
41 0.0188703
42 0.0231321
43 0.0285873
44 0.0354239
45 0.0469837
46 0.0782606
47 0.205017
