0 1.3965
1 0.202192
2 0.0745601
3 0.042212
4 0.0295829
5 0.0226114
6 0.0179862
7 0.0148714
8 0.0125363
9 0.0108852
10 0.00988953
11 0.00908524
12 0.00812258
13 0.00743548
14 0.00679331
15 0.00608103
16 0.00555285
17 0.00497675
18 0.00446805
19 0.00396016
20 0.00352833
21 0.00316281
22 0.00291037
23 0.00280465
24 0.00283657
25 0.00291926
26 0.00292525
27 0.00290756
28 0.00300852
29 0.00332655
30 0.00364976
31 0.00407847
32 0.00474487
33 0.00559885
34 0.00701435
35 0.00837057
36 0.00959256
37 0.0112735
38 0.013275
39 0.0150748
40 0.0170783
41 0.0197226
42 0.0234041
43 0.0279716
44 0.0346482
45 0.0470901
46 0.0785693
47 0.202385
