0 1.38374
1 0.192472
2 0.0690682
3 0.038236
4 0.0272746
5 0.0215389
6 0.0169041
7 0.0140725
8 0.0122453
9 0.0102726
10 0.00838652
11 0.00720749
12 0.00626792
13 0.00541864
14 0.0045123
15 0.00376021
16 0.00327925
17 0.00300261
18 0.00274738
19 0.0024542
20 0.00216341
21 0.00196192
22 0.00180486
23 0.00161605
24 0.00151413
25 0.00145883
26 0.00143076
27 0.00139219
28 0.00136697
29 0.00143361
30 0.00164895
31 0.00200722
32 0.0024485
33 0.00305241
34 0.00359908
35 0.00410672
36 0.00472816
37 0.00566219
38 0.00678382
39 0.00828233
40 0.0100619
41 0.0120583
42 0.0143998
43 0.0175604
44 0.0230832
45 0.0338623
46 0.0644852
47 0.190583
