0 1.427
1 0.229822
2 0.0996883
3 0.0637571
4 0.0476898
5 0.0382245
6 0.0320699
7 0.0274375
8 0.0236922
9 0.0207213
10 0.0174466
11 0.0143674
12 0.0116992
13 0.00959431
14 0.00792212
15 0.00681837
16 0.00601699
17 0.00550701
18 0.00506465
19 0.00453274
20 0.0039869
21 0.00362995
22 0.00352478
23 0.00350581
24 0.00361131
25 0.00385599
26 0.00429189
27 0.00472679
28 0.00514206
29 0.00585259
30 0.0067207
31 0.00735867
32 0.00789559
33 0.0084909
34 0.0093439
35 0.0104866
36 0.0121731
37 0.0144892
38 0.0177847
39 0.0214933
40 0.0259241
41 0.0313755
42 0.0372228
43 0.0442518
44 0.0537927
45 0.0682399
46 0.103457
47 0.232528
