0 1.41438
1 0.221259
2 0.0934818
3 0.0600754
4 0.0450521
5 0.0365386
6 0.031396
7 0.0269784
8 0.0222645
9 0.0181895
10 0.0149472
11 0.0123773
12 0.0105222
13 0.00898676
14 0.00798039
15 0.00685751
16 0.00563475
17 0.00462612
18 0.00395388
19 0.00349016
20 0.00312708
21 0.00287464
22 0.00256757
23 0.00232018
24 0.00219551
25 0.00219928
26 0.00225138
27 0.00233572
28 0.00248019
29 0.00269578
30 0.00313514
31 0.00369425
32 0.0044172
33 0.00520899
34 0.00626827
35 0.00779786
36 0.00983356
37 0.0120144
38 0.0143532
39 0.0168208
40 0.0199165
41 0.0235962
42 0.0286309
43 0.0355817
44 0.0449604
45 0.0607573
46 0.0971738
47 0.225499
