0 1.41563
1 0.225087
2 0.0972312
3 0.066159
4 0.0548504
5 0.0475871
6 0.0412256
7 0.0349358
8 0.0298569
9 0.0248623
10 0.0202833
11 0.0164728
12 0.0135033
13 0.0111531
14 0.0096724
15 0.00859347
16 0.0077742
17 0.00678586
18 0.00594151
19 0.00539081
20 0.00477322
21 0.00425486
22 0.00397166
23 0.00380714
24 0.00360948
25 0.00346452
26 0.00339621
27 0.00336873
28 0.00341344
29 0.00356806
30 0.00392439
31 0.00434855
32 0.0049299
33 0.00574298
34 0.00678519
35 0.00790766
36 0.00900119
37 0.01063
38 0.0127467
39 0.0154905
40 0.0191158
41 0.0228923
42 0.027693
43 0.0335669
44 0.0406785
45 0.0541663
46 0.0876191
47 0.216585
