0 1.38787
1 0.195318
2 0.0714241
3 0.0423302
4 0.030904
5 0.0248164
6 0.0209749
7 0.0184689
8 0.0158721
9 0.013792
10 0.0125333
11 0.0116031
12 0.010316
13 0.00868723
14 0.00748733
15 0.00643699
16 0.0054562
17 0.00478522
18 0.00430069
19 0.00390511
20 0.00349934
21 0.00314811
22 0.0028837
23 0.00266136
24 0.00236735
25 0.00218657
26 0.00215141
27 0.00226561
28 0.00240906
29 0.00256331
30 0.00299201
31 0.00349411
32 0.00397442
33 0.00461868
34 0.00560406
35 0.00688607
36 0.00862349
37 0.0107626
38 0.0129609
39 0.0150567
40 0.017389
41 0.0196152
42 0.022474
43 0.0269282
44 0.0338841
45 0.0460245
46 0.0767291
47 0.19956
