0 1.39432
1 0.19886
2 0.0742989
3 0.0442035
4 0.0322602
5 0.0242326
6 0.0188879
7 0.0152722
8 0.0125155
9 0.010078
10 0.00816726
11 0.00685722
12 0.00591187
13 0.00492992
14 0.00396927
15 0.00314849
16 0.00265952
17 0.00235994
18 0.00215812
19 0.00193013
20 0.00163461
21 0.00135794
22 0.00110422
23 0.000856677
24 0.000713379
25 0.000660232
26 0.000721725
27 0.00077901
28 0.000913158
29 0.00112619
30 0.00138985
31 0.00163328
32 0.0019526
33 0.002412
34 0.00299993
35 0.00378498
36 0.00491764
37 0.00629347
38 0.00789823
39 0.00941345
40 0.0114038
41 0.0140621
42 0.0175258
43 0.0222572
44 0.0292124
45 0.0420296
46 0.0749068
47 0.201531
