0 1.40631
1 0.212904
2 0.0852292
3 0.0522511
4 0.0390058
5 0.0307036
6 0.0249167
7 0.0204401
8 0.0166441
9 0.0144431
10 0.012894
11 0.0116038
12 0.0105871
13 0.00959698
14 0.00831901
15 0.00725292
16 0.00626882
17 0.00540581
18 0.00478665
19 0.0040739
20 0.00338834
21 0.00280783
22 0.00249176
23 0.00242735
24 0.00237229
25 0.00227556
26 0.00221072
27 0.00231422
28 0.00258087
29 0.00288047
30 0.00322859
31 0.00365871
32 0.00419843
33 0.00491931
34 0.00596651
35 0.00739101
36 0.00891185
37 0.0112084
38 0.0141239
39 0.0178116
40 0.0212332
41 0.0253869
42 0.0295881
43 0.0341161
44 0.0405241
45 0.0542457
46 0.0894479
47 0.21555
