0 1.38831
1 0.194236
2 0.0691828
3 0.0376124
4 0.0253811
5 0.0188792
6 0.0144618
7 0.0113093
8 0.00921237
9 0.00743764
10 0.00614914
11 0.00507865
12 0.00427742
13 0.0035714
14 0.00304943
15 0.00255093
16 0.00212184
17 0.00179322
18 0.00152343
19 0.00127211
20 0.00109423
21 0.00104846
22 0.00107073
23 0.00112592
24 0.00119743
25 0.00130925
26 0.00147864
27 0.00165426
28 0.00185698
29 0.00214626
30 0.00255641
31 0.00310533
32 0.00375168
33 0.00445389
34 0.00539794
35 0.00631341
36 0.00730611
37 0.00845368
38 0.00988401
39 0.0113498
40 0.0131567
41 0.015675
42 0.0185723
43 0.0226057
44 0.028635
45 0.0399288
46 0.0721641
47 0.197418
