0 1.39625
1 0.20241
2 0.075209
3 0.0442174
4 0.0318375
5 0.0244285
6 0.0194298
7 0.0158383
8 0.0128775
9 0.0110499
10 0.00966216
11 0.00824127
12 0.00684541
13 0.00569295
14 0.00506714
15 0.00464005
16 0.00419472
17 0.00363157
18 0.00304237
19 0.00261344
20 0.00233882
21 0.00215319
22 0.00210769
23 0.0020764
24 0.00204374
25 0.00207167
26 0.00210037
27 0.00213177
28 0.0022018
29 0.00237339
30 0.00278611
31 0.00338184
32 0.00410803
33 0.00485271
34 0.00549976
35 0.00656636
36 0.00808059
37 0.00972132
38 0.0114372
39 0.0135938
40 0.0159996
41 0.0188236
42 0.0224904
43 0.0266018
44 0.0318393
45 0.041449
46 0.0724828
47 0.199502
