0 1.41436
1 0.219945
2 0.0946632
3 0.0605113
4 0.0464262
5 0.0390602
6 0.0340129
7 0.0294679
8 0.025315
9 0.021217
10 0.0175832
11 0.0146887
12 0.0123927
13 0.0101264
14 0.00854129
15 0.00767198
16 0.00698154
17 0.0063615
18 0.00561113
19 0.00491136
20 0.00435301
21 0.00384113
22 0.00343108
23 0.00319322
24 0.00311166
25 0.00309555
26 0.00320209
27 0.00334423
28 0.00350497
29 0.00377934
30 0.00412106
31 0.00456599
32 0.00505441
33 0.00556727
34 0.00627999
35 0.00728155
36 0.00857413
37 0.00988341
38 0.0113942
39 0.0131535
40 0.0154907
41 0.0186625
42 0.0226962
43 0.0274462
44 0.034952
45 0.0491349
46 0.0831773
47 0.213223
