0 1.40952
1 0.215274
2 0.0873828
3 0.0523417
4 0.037818
5 0.0294807
6 0.0245629
7 0.0216205
8 0.0183278
9 0.0154019
10 0.0123835
11 0.010061
12 0.00822885
13 0.00695496
14 0.00616148
15 0.00556205
16 0.00504496
17 0.00447255
18 0.00390615
19 0.00338568
20 0.00294386
21 0.00263371
22 0.00240094
23 0.00227804
24 0.0022716
25 0.00232482
26 0.00239498
27 0.00263004
28 0.00298979
29 0.00335705
30 0.00370084
31 0.00418887
32 0.00473736
33 0.00526373
34 0.00585902
35 0.00677706
36 0.00780294
37 0.00890924
38 0.0106473
39 0.0131026
40 0.0168362
41 0.0214785
42 0.0261184
43 0.0320055
44 0.0397592
45 0.0526519
46 0.0857681
47 0.212562
