0 1.39855
1 0.209756
2 0.0856998
3 0.0535688
4 0.0415888
5 0.0335132
6 0.0270608
7 0.0221308
8 0.018034
9 0.0150153
10 0.0127798
11 0.0108971
12 0.00912485
13 0.00775849
14 0.00681982
15 0.00616014
16 0.00556047
17 0.00507132
18 0.00465547
19 0.00420957
20 0.00377969
21 0.00332291
22 0.00289992
23 0.00254607
24 0.00231156
25 0.00216386
26 0.0021125
27 0.0021587
28 0.00229659
29 0.00256998
30 0.00297155
31 0.00343151
32 0.00377995
33 0.00423832
34 0.00487402
35 0.00569974
36 0.00651564
37 0.00745074
38 0.00871024
39 0.0103864
40 0.012597
41 0.0153078
42 0.0186714
43 0.0234825
44 0.0306153
45 0.0427899
46 0.0745933
47 0.201695
