0 1.40692
1 0.215696
2 0.0891723
3 0.0564054
4 0.0436266
5 0.0350467
6 0.0295394
7 0.0253774
8 0.0212563
9 0.0169074
10 0.0135473
11 0.0112457
12 0.0095942
13 0.00806189
14 0.0070817
15 0.00628822
16 0.00551624
17 0.00487613
18 0.00441366
19 0.00410798
20 0.00391321
21 0.00373394
22 0.00359287
23 0.00340716
24 0.00339204
25 0.00355294
26 0.00387723
27 0.00425108
28 0.00456202
29 0.00497841
30 0.00542839
31 0.00600544
32 0.00677672
33 0.00792216
34 0.0096453
35 0.0116839
36 0.0139739
37 0.015975
38 0.0185981
39 0.0221
40 0.0255735
41 0.0287857
42 0.0325232
43 0.0373512
44 0.0445556
45 0.0558567
46 0.0870926
47 0.213231
