0 1.40432
1 0.210756
2 0.0835185
3 0.0490115
4 0.0348955
5 0.0269196
6 0.0222545
7 0.0194469
8 0.016347
9 0.0135261
10 0.0108187
11 0.00874578
12 0.00710508
13 0.00595311
14 0.00524572
15 0.00471999
16 0.00427573
17 0.00377532
18 0.0032824
19 0.00282439
20 0.00243434
21 0.00217325
22 0.00197237
23 0.00185334
24 0.00182164
25 0.00183223
26 0.00186875
27 0.00206055
28 0.0023559
29 0.0026747
30 0.0029871
31 0.00338024
32 0.00381254
33 0.00423745
34 0.00472061
35 0.00550307
36 0.00638039
37 0.0073474
38 0.00889762
39 0.011073
40 0.014429
41 0.0186782
42 0.0230554
43 0.0287163
44 0.0361872
45 0.0487717
46 0.0815474
47 0.207915
