0 1.4071
1 0.20843
2 0.0784208
3 0.0447387
4 0.0311806
5 0.0236914
6 0.0193036
7 0.0165644
8 0.0139676
9 0.0114383
10 0.0091596
11 0.00729297
12 0.00596761
13 0.00495646
14 0.00412298
15 0.00351658
16 0.00309468
17 0.00280362
18 0.00258016
19 0.00229339
20 0.00196581
21 0.00170626
22 0.00152269
23 0.00136233
24 0.00126622
25 0.0013034
26 0.00141961
27 0.00156768
28 0.00176366
29 0.00196454
30 0.00218452
31 0.0024851
32 0.00287135
33 0.00343727
34 0.00431079
35 0.00531285
36 0.00643794
37 0.00787277
38 0.00955367
39 0.0116144
40 0.0143127
41 0.0182241
42 0.0233159
43 0.0296386
44 0.038415
45 0.053133
46 0.0873041
47 0.213396
