0 1.40813
1 0.219354
2 0.0926333
3 0.0567112
4 0.0420405
5 0.0323769
6 0.0260888
7 0.0217112
8 0.0183019
9 0.0155567
10 0.0135245
11 0.0117467
12 0.0102244
13 0.00902543
14 0.00807235
15 0.0072885
16 0.00677419
17 0.00619677
18 0.00554073
19 0.00497622
20 0.00451156
21 0.00422937
22 0.00407093
23 0.00397562
24 0.00378337
25 0.00368918
26 0.00370701
27 0.00384537
28 0.00418217
29 0.0048145
30 0.00569238
31 0.00638094
32 0.00703454
33 0.00759875
34 0.00834741
35 0.00914988
36 0.00982152
37 0.0105193
38 0.0116643
39 0.0135691
40 0.0165918
41 0.0203019
42 0.0255461
43 0.0321675
44 0.0406231
45 0.054527
46 0.0867657
47 0.213398
