0 1.4048
1 0.213121
2 0.0860602
3 0.05198
4 0.0381684
5 0.0297462
6 0.0239125
7 0.0197498
8 0.0161309
9 0.0135559
10 0.0117774
11 0.0102779
12 0.00874852
13 0.00730424
14 0.00607515
15 0.00518212
16 0.00453624
17 0.0040413
18 0.0036241
19 0.00325948
20 0.00296647
21 0.00278503
22 0.00270574
23 0.00258892
24 0.00261509
25 0.0028096
26 0.00305402
27 0.00330928
28 0.00351274
29 0.00368971
30 0.00403056
31 0.00438602
32 0.00490142
33 0.00570629
34 0.00670828
35 0.00775942
36 0.00897762
37 0.0105405
38 0.0126819
39 0.0156605
40 0.0186299
41 0.022306
42 0.0264965
43 0.0314928
44 0.0384588
45 0.0510419
46 0.0820107
47 0.208089
