0 1.42314
1 0.233076
2 0.107522
3 0.0730533
4 0.0569208
5 0.0462112
6 0.0377561
7 0.0309738
8 0.0251401
9 0.0204358
10 0.0172338
11 0.0147002
12 0.0122738
13 0.0103639
14 0.00904248
15 0.00805223
16 0.00728217
17 0.00665935
18 0.0059748
19 0.00541213
20 0.00498289
21 0.00443724
22 0.00392909
23 0.0037039
24 0.00354609
25 0.0034324
26 0.00342297
27 0.00351003
28 0.00368226
29 0.00384739
30 0.00416817
31 0.0047663
32 0.00558991
33 0.00653342
34 0.00751357
35 0.00847904
36 0.00976941
37 0.0115271
38 0.0139223
39 0.0168683
40 0.0210265
41 0.0269689
42 0.0336702
43 0.0411322
44 0.0512903
45 0.0666488
46 0.0990746
47 0.226448
