0 1.42749
1 0.231759
2 0.103966
3 0.0662983
4 0.0478988
5 0.0359456
6 0.0272534
7 0.0212245
8 0.0169
9 0.0143162
10 0.0120122
11 0.0100852
12 0.00856496
13 0.00727977
14 0.00597809
15 0.00505051
16 0.00450727
17 0.00413122
18 0.00369149
19 0.00321946
20 0.00293591
21 0.00276232
22 0.00261279
23 0.00249729
24 0.0024366
25 0.00251369
26 0.00273851
27 0.00310718
28 0.00361945
29 0.00422965
30 0.0048829
31 0.00572269
32 0.00665951
33 0.00766099
34 0.00894616
35 0.0109237
36 0.0135876
37 0.0168937
38 0.0202167
39 0.0238692
40 0.0284076
41 0.0325991
42 0.036178
43 0.041308
44 0.0495137
45 0.0642115
46 0.0987664
47 0.229478
