0 1.40448
1 0.216909
2 0.0900891
3 0.0572799
4 0.0434759
5 0.0355515
6 0.0289138
7 0.0239491
8 0.0207245
9 0.0189315
10 0.0168901
11 0.0138742
12 0.011614
13 0.00967914
14 0.00820698
15 0.00706691
16 0.00601053
17 0.00507409
18 0.00438017
19 0.00382115
20 0.0035051
21 0.00314456
22 0.00275893
23 0.00258877
24 0.00250085
25 0.00251367
26 0.00257419
27 0.00262301
28 0.00286422
29 0.00330069
30 0.00377778
31 0.00447638
32 0.00536024
33 0.00642136
34 0.00746622
35 0.00866214
36 0.010016
37 0.0117051
38 0.0141472
39 0.0175318
40 0.0217403
41 0.0260832
42 0.0283954
43 0.0317485
44 0.0377938
45 0.0505308
46 0.0832668
47 0.209012
