0 1.4125
1 0.218558
2 0.0931001
3 0.0602107
4 0.0465334
5 0.0366616
6 0.0296245
7 0.0235867
8 0.0182689
9 0.0144264
10 0.011788
11 0.00994627
12 0.00851203
13 0.00735848
14 0.00643525
15 0.00556438
16 0.00475373
17 0.00423672
18 0.00379176
19 0.00348707
20 0.00315305
21 0.00286033
22 0.00274188
23 0.00263889
24 0.00246045
25 0.00235231
26 0.00240973
27 0.00265564
28 0.00293051
29 0.00317601
30 0.00355767
31 0.00422815
32 0.00502936
33 0.00604717
34 0.00721628
35 0.00878094
36 0.0106466
37 0.0126619
38 0.0144924
39 0.0170664
40 0.0204979
41 0.0241062
42 0.0274007
43 0.0325098
44 0.0409282
45 0.0553328
46 0.0884868
47 0.2168
