0 1.42472
1 0.227465
2 0.0943284
3 0.0562647
4 0.0404887
5 0.0307488
6 0.0229965
7 0.0182804
8 0.0151472
9 0.0127939
10 0.0104039
11 0.00863122
12 0.00722843
13 0.00619908
14 0.00529366
15 0.00444683
16 0.00367532
17 0.00305434
18 0.00260089
19 0.00231108
20 0.00211681
21 0.00203774
22 0.00198981
23 0.00200973
24 0.00204142
25 0.0021038
26 0.00222244
27 0.00249609
28 0.00296518
29 0.00381096
30 0.00463567
31 0.00525623
32 0.00574304
33 0.00638806
34 0.00723237
35 0.00818796
36 0.00931142
37 0.0104761
38 0.0121979
39 0.0140672
40 0.016744
41 0.0208253
42 0.0259963
43 0.0325192
44 0.0420418
45 0.0571094
46 0.0932638
47 0.227142
