0 1.39691
1 0.201128
2 0.0750498
3 0.0433008
4 0.0319445
5 0.0257044
6 0.0215202
7 0.0190794
8 0.0162867
9 0.0137959
10 0.011895
11 0.0102021
12 0.00878614
13 0.0076509
14 0.00674033
15 0.00581135
16 0.00491691
17 0.00417858
18 0.00361667
19 0.00324633
20 0.00287576
21 0.00256221
22 0.0024437
23 0.00233
24 0.00229272
25 0.00233129
26 0.00236142
27 0.00241888
28 0.00255459
29 0.00280142
30 0.00301925
31 0.00328278
32 0.00391574
33 0.00473755
34 0.00575924
35 0.00674527
36 0.00757277
37 0.00868833
38 0.010505
39 0.0128637
40 0.0154993
41 0.0188107
42 0.0228812
43 0.0277992
44 0.0342226
45 0.0454545
46 0.0767095
47 0.202753
