0 1.40957
1 0.214589
2 0.0882668
3 0.0547611
4 0.0407099
5 0.0334663
6 0.0279163
7 0.0238487
8 0.0198486
9 0.0162468
10 0.0137799
11 0.0115129
12 0.00975241
13 0.00784376
14 0.00637693
15 0.00517939
16 0.00424474
17 0.00357473
18 0.00309083
19 0.00274349
20 0.0024133
21 0.00216908
22 0.00185814
23 0.00167187
24 0.00161389
25 0.00167424
26 0.00184947
27 0.00219034
28 0.00254918
29 0.00298462
30 0.00334857
31 0.00374772
32 0.00420459
33 0.00486285
34 0.00560832
35 0.00648997
36 0.00770147
37 0.00926426
38 0.0111081
39 0.0132189
40 0.0163591
41 0.0204755
42 0.0259699
43 0.0331934
44 0.0431032
45 0.0589985
46 0.0917335
47 0.21777
