0 1.40038
1 0.201707
2 0.0722206
3 0.0390239
4 0.026579
5 0.0204038
6 0.0169142
7 0.0148031
8 0.012939
9 0.0109382
10 0.00952821
11 0.00831581
12 0.00738256
13 0.0063359
14 0.00536413
15 0.00461082
16 0.00395788
17 0.00335946
18 0.00287587
19 0.00243517
20 0.00212748
21 0.00188502
22 0.00180013
23 0.00177837
24 0.00171976
25 0.00175278
26 0.00186881
27 0.00207452
28 0.00234113
29 0.00265951
30 0.00298073
31 0.00333323
32 0.0037054
33 0.00426321
34 0.00526309
35 0.00703537
36 0.00925242
37 0.0114023
38 0.0135828
39 0.0163085
40 0.0190281
41 0.0207382
42 0.0237485
43 0.0284186
44 0.0354846
45 0.0480764
46 0.0801629
47 0.206514
