0 1.3929
1 0.197193
2 0.071437
3 0.0384399
4 0.0254573
5 0.0191479
6 0.0151186
7 0.012495
8 0.0105283
9 0.00898856
10 0.00762836
11 0.00653896
12 0.00547419
13 0.00449768
14 0.00367242
15 0.00304942
16 0.00249865
17 0.00209184
18 0.00180228
19 0.00167501
20 0.00163528
21 0.00165415
22 0.00166862
23 0.00168301
24 0.00177017
25 0.00190755
26 0.0020793
27 0.00224084
28 0.00249933
29 0.00289467
30 0.00326432
31 0.00374031
32 0.00423093
33 0.00478544
34 0.0053743
35 0.00617488
36 0.00709843
37 0.00823714
38 0.00977243
39 0.0120555
40 0.014904
41 0.0182778
42 0.0220795
43 0.0266304
44 0.032671
45 0.0432183
46 0.0732333
47 0.19794
