0 1.39199
1 0.199654
2 0.0737914
3 0.0421008
4 0.0296486
5 0.0225879
6 0.0182174
7 0.0153945
8 0.0134982
9 0.011874
10 0.0104692
11 0.00907641
12 0.00762752
13 0.00630896
14 0.00534866
15 0.00456073
16 0.00383595
17 0.00315264
18 0.00251567
19 0.00203728
20 0.00167698
21 0.00147705
22 0.00139573
23 0.00135034
24 0.00131303
25 0.00130829
26 0.0013169
27 0.00136696
28 0.00147472
29 0.00166034
30 0.00194037
31 0.00241887
32 0.00300347
33 0.00361511
34 0.0042622
35 0.00490085
36 0.0056248
37 0.0064828
38 0.00747909
39 0.00887644
40 0.010693
41 0.0133653
42 0.0165406
43 0.0208566
44 0.0275001
45 0.0395822
46 0.070617
47 0.195116
