0 1.40069
1 0.205531
2 0.0792144
3 0.0465633
4 0.0341039
5 0.0278075
6 0.0233438
7 0.0203224
8 0.0173534
9 0.0139235
10 0.0107476
11 0.00875856
12 0.00733819
13 0.00600627
14 0.00480066
15 0.00398336
16 0.00346138
17 0.0031621
18 0.00302291
19 0.00287595
20 0.00272818
21 0.00260437
22 0.00253926
23 0.00252137
24 0.00259379
25 0.00278704
26 0.00308742
27 0.00353106
28 0.00404638
29 0.00458103
30 0.00522939
31 0.00603658
32 0.00704448
33 0.00816244
34 0.00925744
35 0.0106066
36 0.0122175
37 0.0134915
38 0.0150913
39 0.0170603
40 0.0193684
41 0.0225322
42 0.0269553
43 0.0320501
44 0.0384794
45 0.0504384
46 0.0816222
47 0.207696
