0 1.40021
1 0.208316
2 0.0842502
3 0.0533209
4 0.0411155
5 0.0338715
6 0.0282088
7 0.0235857
8 0.0197569
9 0.0160645
10 0.0133396
11 0.0113166
12 0.00983697
13 0.00845245
14 0.00730561
15 0.0062734
16 0.00558087
17 0.00517268
18 0.00480807
19 0.00453501
20 0.00427746
21 0.00398565
22 0.00374428
23 0.00351858
24 0.00334356
25 0.00336507
26 0.00339559
27 0.00343844
28 0.00350831
29 0.00367779
30 0.00410853
31 0.00476652
32 0.00535767
33 0.00577123
34 0.00631617
35 0.00717081
36 0.00839287
37 0.0100209
38 0.0118972
39 0.0136652
40 0.015409
41 0.01808
42 0.0217878
43 0.0276368
44 0.0354617
45 0.0481495
46 0.0805909
47 0.208148
