0 1.40525
1 0.206081
2 0.0792573
3 0.0474009
4 0.03663
5 0.031425
6 0.0278829
7 0.0232619
8 0.0191748
9 0.016083
10 0.0132904
11 0.0106657
12 0.00893061
13 0.00742444
14 0.0060821
15 0.00516633
16 0.00440865
17 0.00382247
18 0.00344734
19 0.00309074
20 0.00279474
21 0.00259549
22 0.00251838
23 0.00245418
24 0.00246418
25 0.00256221
26 0.00277662
27 0.00311185
28 0.00344269
29 0.00379252
30 0.00427514
31 0.00487325
32 0.00566142
33 0.00643878
34 0.00759792
35 0.00907275
36 0.0106436
37 0.0125074
38 0.0144372
39 0.0162971
40 0.0188041
41 0.0220052
42 0.0254984
43 0.0295662
44 0.0360104
45 0.0480124
46 0.0802321
47 0.208438
