0 1.40423
1 0.209405
2 0.08227
3 0.0503277
4 0.0373269
5 0.0296013
6 0.023506
7 0.0192121
8 0.0162727
9 0.0141434
10 0.0122579
11 0.0110683
12 0.0101209
13 0.00892543
14 0.00800402
15 0.0069298
16 0.00614726
17 0.00556376
18 0.00496134
19 0.00444406
20 0.00387107
21 0.0033602
22 0.00307838
23 0.00279128
24 0.00263844
25 0.00260795
26 0.0027415
27 0.00301802
28 0.00352239
29 0.00403217
30 0.0043448
31 0.0047882
32 0.00556466
33 0.00634148
34 0.00722377
35 0.00853132
36 0.0104491
37 0.0131103
38 0.0160024
39 0.0189156
40 0.022041
41 0.0259395
42 0.0310464
43 0.0367424
44 0.04185
45 0.052709
46 0.0838157
47 0.208774
