0 1.39006
1 0.199639
2 0.0724242
3 0.0396046
4 0.027177
5 0.0208962
6 0.0174676
7 0.0156332
8 0.0139768
9 0.0119135
10 0.00984442
11 0.00832657
12 0.00726134
13 0.00615818
14 0.00514374
15 0.00435903
16 0.00356832
17 0.00288275
18 0.00244422
19 0.00215541
20 0.00196077
21 0.00184931
22 0.00178314
23 0.00174269
24 0.00172547
25 0.00177217
26 0.00185322
27 0.00194905
28 0.00210705
29 0.0023691
30 0.00268963
31 0.00301426
32 0.0033982
33 0.00392406
34 0.00446653
35 0.00506673
36 0.00596337
37 0.00728104
38 0.00889107
39 0.0107304
40 0.0130139
41 0.0156913
42 0.0187683
43 0.0219345
44 0.0273353
45 0.0387328
46 0.0698738
47 0.19562
