0 1.4231
1 0.232837
2 0.107124
3 0.072544
4 0.0565305
5 0.0460953
6 0.0379258
7 0.0312135
8 0.0252124
9 0.0202679
10 0.0168183
11 0.0140938
12 0.0115799
13 0.00973705
14 0.00856831
15 0.00768349
16 0.00695813
17 0.00632735
18 0.00565892
19 0.00513085
20 0.00472366
21 0.00421877
22 0.00373164
23 0.00350993
24 0.00335712
25 0.00325842
26 0.00324563
27 0.00332707
28 0.00349287
29 0.00365527
30 0.00395464
31 0.00451683
32 0.0052858
33 0.00617811
34 0.00710436
35 0.00805447
36 0.00934043
37 0.0111134
38 0.0135578
39 0.0165664
40 0.0207699
41 0.0267282
42 0.0334052
43 0.0410152
44 0.0513855
45 0.0669878
46 0.0994858
47 0.226692
