0 1.39725
1 0.203164
2 0.0772066
3 0.0459791
4 0.035475
5 0.0298837
6 0.0243812
7 0.0199812
8 0.0161033
9 0.0128625
10 0.0102828
11 0.00822838
12 0.00654393
13 0.00534019
14 0.00456348
15 0.00402757
16 0.00366759
17 0.00324596
18 0.00281515
19 0.00239977
20 0.00203622
21 0.00174433
22 0.00161527
23 0.001587
24 0.00163589
25 0.00166855
26 0.0017483
27 0.00193517
28 0.00219549
29 0.00256961
30 0.00297924
31 0.003313
32 0.00355377
33 0.00408753
34 0.0048772
35 0.00577558
36 0.00679581
37 0.00826552
38 0.0101201
39 0.012395
40 0.014668
41 0.0174038
42 0.0209072
43 0.0254264
44 0.032527
45 0.0445481
46 0.0757573
47 0.20041
