0 1.39538
1 0.200459
2 0.074623
3 0.0423394
4 0.0302729
5 0.0241175
6 0.0195939
7 0.0164646
8 0.0136305
9 0.0104884
10 0.0077464
11 0.00598745
12 0.00475106
13 0.00367179
14 0.00281455
15 0.00227753
16 0.00195273
17 0.00173429
18 0.00156743
19 0.00136973
20 0.00117131
21 0.00107324
22 0.0010602
23 0.00108017
24 0.00112925
25 0.00126148
26 0.0014578
27 0.00176192
28 0.00207088
29 0.00239361
30 0.00288559
31 0.00354599
32 0.00443135
33 0.00546818
34 0.00646854
35 0.00767004
36 0.00896433
37 0.00998118
38 0.0112918
39 0.012897
40 0.0147831
41 0.0175857
42 0.0217826
43 0.0269717
44 0.0337769
45 0.0462754
46 0.0776227
47 0.203546
