0 1.38955
1 0.198236
2 0.074364
3 0.0433173
4 0.0314167
5 0.02504
6 0.0201681
7 0.0160404
8 0.0127596
9 0.00979366
10 0.00769035
11 0.00616352
12 0.00493181
13 0.00389677
14 0.0031973
15 0.00275011
16 0.00244219
17 0.00223112
18 0.00206497
19 0.00190103
20 0.00169198
21 0.00149087
22 0.0013094
23 0.0011685
24 0.00104504
25 0.00106414
26 0.00114636
27 0.0011966
28 0.0012744
29 0.00142223
30 0.00172954
31 0.00216967
32 0.00266484
33 0.00312478
34 0.00360515
35 0.00427762
36 0.00516193
37 0.00622536
38 0.00763497
39 0.00925966
40 0.011023
41 0.0134991
42 0.0167615
43 0.0219303
44 0.0287034
45 0.0405396
46 0.0723764
47 0.199106
