0 1.41291
1 0.214812
2 0.0852159
3 0.0511609
4 0.0383903
5 0.0309078
6 0.0256054
7 0.0205797
8 0.0171302
9 0.0147789
10 0.0125909
11 0.0106393
12 0.00911673
13 0.00799565
14 0.0066623
15 0.00532649
16 0.00431485
17 0.00359449
18 0.00305524
19 0.00268585
20 0.00240661
21 0.00224498
22 0.00223931
23 0.00232242
24 0.00253434
25 0.00274975
26 0.00299995
27 0.00333533
28 0.00370007
29 0.00420862
30 0.00479781
31 0.00544217
32 0.00621748
33 0.00722885
34 0.00845944
35 0.00967333
36 0.0111018
37 0.0126737
38 0.0148756
39 0.0171208
40 0.0202151
41 0.0238757
42 0.0277419
43 0.0331988
44 0.0406277
45 0.0539294
46 0.0878953
47 0.217354
