0 1.40622
1 0.207205
2 0.0803547
3 0.0484488
4 0.0377399
5 0.0326564
6 0.0291376
7 0.0244069
8 0.0202134
9 0.017039
10 0.0141242
11 0.011322
12 0.00945825
13 0.00784583
14 0.006415
15 0.005429
16 0.00461084
17 0.00399046
18 0.00360076
19 0.00324263
20 0.00295233
21 0.00277412
22 0.00270946
23 0.00264823
24 0.00267009
25 0.00277836
26 0.00299539
27 0.0033358
28 0.00368468
29 0.00404064
30 0.00452003
31 0.0051357
32 0.00595548
33 0.0067715
34 0.00796384
35 0.00946801
36 0.0110421
37 0.0128884
38 0.0147743
39 0.0165776
40 0.0190663
41 0.0222628
42 0.0257699
43 0.0298354
44 0.0363239
45 0.0484153
46 0.0807176
47 0.209067
