0 1.39831
1 0.201612
2 0.0757306
3 0.0423464
4 0.0291819
5 0.0226895
6 0.0184534
7 0.0155733
8 0.0133466
9 0.0117965
10 0.0102701
11 0.00889347
12 0.00751154
13 0.00630953
14 0.00529572
15 0.00452005
16 0.0038399
17 0.0033125
18 0.0029167
19 0.00271633
20 0.0026007
21 0.00256599
22 0.00255635
23 0.0025174
24 0.00256031
25 0.00267591
26 0.00283105
27 0.00296902
28 0.00323974
29 0.00364726
30 0.00402967
31 0.0045727
32 0.00520048
33 0.00590983
34 0.00663661
35 0.00760822
36 0.00877679
37 0.0101728
38 0.0119661
39 0.0146413
40 0.0178517
41 0.0214904
42 0.0256581
43 0.0303232
44 0.0365561
45 0.0473381
46 0.0777319
47 0.202966
