0 1.42477
1 0.227687
2 0.0977464
3 0.0618543
4 0.0459314
5 0.0366779
6 0.0306296
7 0.0261229
8 0.0224922
9 0.0195675
10 0.0163618
11 0.0133945
12 0.0108202
13 0.00880821
14 0.0072383
15 0.00621527
16 0.00546283
17 0.00500206
18 0.00460531
19 0.00411074
20 0.00361026
21 0.00328362
22 0.00318882
23 0.00317418
24 0.00326716
25 0.00349686
26 0.00390797
27 0.00432753
28 0.00473139
29 0.00542038
30 0.00623644
31 0.00682417
32 0.00733137
33 0.00787221
34 0.00861729
35 0.00966722
36 0.0112973
37 0.0135619
38 0.0167666
39 0.0203491
40 0.0245694
41 0.0298193
42 0.0355527
43 0.0425163
44 0.0520021
45 0.0664256
46 0.101545
47 0.230488
