0 1.40577
1 0.210543
2 0.0838473
3 0.0517222
4 0.0392887
5 0.031781
6 0.0265484
7 0.0225538
8 0.0192822
9 0.0167203
10 0.0148433
11 0.0136142
12 0.0125339
13 0.0108265
14 0.00909843
15 0.00762397
16 0.00637414
17 0.00543222
18 0.00478165
19 0.0043819
20 0.0041237
21 0.00381986
22 0.00373264
23 0.00379497
24 0.0039228
25 0.00396134
26 0.00398362
27 0.00419312
28 0.00454172
29 0.0050732
30 0.00578229
31 0.00630289
32 0.00677984
33 0.00728777
34 0.0079365
35 0.00860968
36 0.00983
37 0.0113487
38 0.0130503
39 0.0150987
40 0.0176432
41 0.0207949
42 0.02421
43 0.0287202
44 0.0357943
45 0.0492121
46 0.0821854
47 0.209553
