0 1.40062
1 0.205308
2 0.0794133
3 0.0474831
4 0.0358163
5 0.0295616
6 0.0249919
7 0.0213772
8 0.0181985
9 0.0152526
10 0.0126212
11 0.0102931
12 0.00814194
13 0.00660288
14 0.00557309
15 0.004704
16 0.00392362
17 0.00333579
18 0.00288053
19 0.0025535
20 0.00215253
21 0.00188846
22 0.00179006
23 0.00172951
24 0.00177102
25 0.00185953
26 0.00194975
27 0.00206684
28 0.00225056
29 0.00252193
30 0.00274778
31 0.00315747
32 0.00365903
33 0.00420649
34 0.00485039
35 0.00578774
36 0.00698937
37 0.00873634
38 0.0111975
39 0.0141947
40 0.0173029
41 0.0203554
42 0.0239933
43 0.0293096
44 0.0361993
45 0.0488952
46 0.0825087
47 0.208897
