0 1.40498
1 0.20771
2 0.0819175
3 0.0502066
4 0.0367373
5 0.0294446
6 0.024367
7 0.0200964
8 0.0170286
9 0.0142319
10 0.011697
11 0.00950477
12 0.00762232
13 0.00593931
14 0.00469853
15 0.00374347
16 0.00304983
17 0.00253034
18 0.00208445
19 0.00178233
20 0.00160917
21 0.00147999
22 0.00136476
23 0.00129623
24 0.00122648
25 0.001188
26 0.00119101
27 0.00121203
28 0.00130509
29 0.00144847
30 0.00167071
31 0.00201456
32 0.00254428
33 0.00336862
34 0.0045287
35 0.00584599
36 0.00732854
37 0.00900413
38 0.0113078
39 0.0138369
40 0.0166204
41 0.0201388
42 0.0249047
43 0.0306683
44 0.0381215
45 0.0506161
46 0.0821842
47 0.208259
