0 1.41319
1 0.213945
2 0.0877487
3 0.0555489
4 0.0432556
5 0.0370236
6 0.0314419
7 0.0264785
8 0.0228177
9 0.0193026
10 0.0160356
11 0.0137689
12 0.0119879
13 0.0106527
14 0.00957377
15 0.00866202
16 0.00796971
17 0.00711221
18 0.00599218
19 0.00504623
20 0.00436143
21 0.00379598
22 0.00337454
23 0.00308154
24 0.00298797
25 0.00315261
26 0.00344951
27 0.00376402
28 0.00401241
29 0.00440324
30 0.00500022
31 0.00575021
32 0.00668969
33 0.0075907
34 0.00856538
35 0.00995555
36 0.0115508
37 0.013001
38 0.0142437
39 0.0160666
40 0.0184452
41 0.0217874
42 0.0265095
43 0.0326609
44 0.0411248
45 0.0556379
46 0.0891561
47 0.217737
