0 1.39913
1 0.198913
2 0.073211
3 0.0429943
4 0.0312753
5 0.0244557
6 0.0197239
7 0.0160645
8 0.0128808
9 0.0105572
10 0.00872385
11 0.00709208
12 0.0058768
13 0.00507238
14 0.00442529
15 0.00399071
16 0.00379125
17 0.00358745
18 0.00333628
19 0.00302703
20 0.00271986
21 0.00241448
22 0.00216802
23 0.00208204
24 0.00204607
25 0.00206533
26 0.00207739
27 0.00208359
28 0.00212457
29 0.00232798
30 0.00267093
31 0.00314925
32 0.00370628
33 0.00432859
34 0.00509099
35 0.00582566
36 0.0066326
37 0.00785894
38 0.00986764
39 0.0127193
40 0.0158472
41 0.0194604
42 0.0239205
43 0.0289693
44 0.0362331
45 0.0497885
46 0.0824048
47 0.208248
