0 1.40404
1 0.211376
2 0.0834112
3 0.0508861
4 0.0376726
5 0.0306164
6 0.0257321
7 0.0216031
8 0.0180295
9 0.0151036
10 0.0125827
11 0.0105182
12 0.00880606
13 0.00727552
14 0.00619036
15 0.0054127
16 0.00476231
17 0.00424546
18 0.003763
19 0.00334048
20 0.00310831
21 0.00299108
22 0.00298025
23 0.0030016
24 0.00291872
25 0.00285795
26 0.00281553
27 0.00289518
28 0.00305655
29 0.00330277
30 0.00366709
31 0.00425917
32 0.00505871
33 0.0061472
34 0.00751371
35 0.00916533
36 0.0106524
37 0.0123535
38 0.0145492
39 0.0171928
40 0.019821
41 0.0230935
42 0.0275336
43 0.0331739
44 0.0405958
45 0.0528112
46 0.0833096
47 0.208211
