0 1.39725
1 0.201777
2 0.0750665
3 0.043715
4 0.0322001
5 0.0267931
6 0.0227927
7 0.0193351
8 0.0159008
9 0.0133884
10 0.0114309
11 0.00968619
12 0.00797399
13 0.00658497
14 0.00539111
15 0.00452081
16 0.0039141
17 0.00343211
18 0.00306528
19 0.00281823
20 0.00266972
21 0.00259298
22 0.00249442
23 0.00242066
24 0.0022547
25 0.00217959
26 0.00233381
27 0.00253483
28 0.00271276
29 0.00303701
30 0.00351022
31 0.00407822
32 0.00477062
33 0.00569959
34 0.00688724
35 0.00807033
36 0.0090633
37 0.010311
38 0.01154
39 0.0131998
40 0.0152452
41 0.0177898
42 0.0208422
43 0.0262883
44 0.0347688
45 0.046559
46 0.0759509
47 0.200516
