0 1.39502
1 0.198026
2 0.0723659
3 0.0409359
4 0.0292333
5 0.023522
6 0.0200909
7 0.0170906
8 0.0141358
9 0.0117503
10 0.00956165
11 0.00759832
12 0.0060236
13 0.00480078
14 0.0039231
15 0.00321995
16 0.0026881
17 0.00237448
18 0.00219541
19 0.00199706
20 0.00179435
21 0.00168595
22 0.00170826
23 0.00178764
24 0.00172536
25 0.00175344
26 0.00187521
27 0.00201155
28 0.00226139
29 0.00260473
30 0.00300997
31 0.00345606
32 0.00407783
33 0.00490848
34 0.00601592
35 0.0073238
36 0.00851214
37 0.0102577
38 0.0121825
39 0.0143367
40 0.017081
41 0.0211059
42 0.0261881
43 0.0316391
44 0.0385889
45 0.0495477
46 0.0800789
47 0.204956
