0 1.40448
1 0.210764
2 0.0820963
3 0.049934
4 0.0371903
5 0.0305039
6 0.0246501
7 0.0199729
8 0.0159358
9 0.0124694
10 0.00978219
11 0.0077905
12 0.00640808
13 0.0056276
14 0.0050212
15 0.00435202
16 0.0036615
17 0.00302307
18 0.00261471
19 0.00235581
20 0.00209072
21 0.00175615
22 0.0015327
23 0.00140577
24 0.00135787
25 0.00137972
26 0.00150011
27 0.00168193
28 0.00194536
29 0.00225746
30 0.00254899
31 0.00286103
32 0.00336159
33 0.00415197
34 0.00487937
35 0.00581438
36 0.00662461
37 0.0076578
38 0.00904622
39 0.0104532
40 0.0124149
41 0.014718
42 0.0185334
43 0.0246966
44 0.0334555
45 0.0476014
46 0.0818681
47 0.209035
