0 1.40416
1 0.207411
2 0.0792178
3 0.0468864
4 0.0349502
5 0.0280681
6 0.0230207
7 0.018876
8 0.0159845
9 0.0138075
10 0.0118139
11 0.00983879
12 0.00822858
13 0.00711686
14 0.00609682
15 0.0050805
16 0.00411545
17 0.00339369
18 0.00285746
19 0.00257419
20 0.0023984
21 0.00221523
22 0.00211748
23 0.00206853
24 0.00210609
25 0.00222674
26 0.00233654
27 0.00244636
28 0.00270435
29 0.00303004
30 0.00345793
31 0.00398483
32 0.00471411
33 0.00551202
34 0.00681305
35 0.00859839
36 0.0104016
37 0.0123984
38 0.0146932
39 0.0171854
40 0.0194773
41 0.0224364
42 0.0260708
43 0.0313581
44 0.0395303
45 0.0525403
46 0.085245
47 0.21254
