0 1.4022
1 0.203378
2 0.076867
3 0.0455693
4 0.0341214
5 0.0268458
6 0.0218383
7 0.0182883
8 0.0151895
9 0.0123016
10 0.009869
11 0.00795527
12 0.00640941
13 0.00521575
14 0.00445884
15 0.00385409
16 0.00347952
17 0.00311988
18 0.00280724
19 0.00254298
20 0.00226679
21 0.00208608
22 0.00202705
23 0.00208326
24 0.00222314
25 0.00247053
26 0.00276478
27 0.00304303
28 0.00332536
29 0.00369691
30 0.00427534
31 0.00494632
32 0.00578484
33 0.00691201
34 0.00819095
35 0.00981042
36 0.0117529
37 0.0138066
38 0.0157791
39 0.0178751
40 0.0194463
41 0.021419
42 0.0244413
43 0.0279717
44 0.0344669
45 0.0476301
46 0.0804153
47 0.207751
