0 1.41052
1 0.212772
2 0.0818244
3 0.0468513
4 0.0335724
5 0.0278108
6 0.0236435
7 0.0199505
8 0.0167517
9 0.0138064
10 0.0112991
11 0.00937957
12 0.00793186
13 0.00685857
14 0.0057723
15 0.00490582
16 0.00437277
17 0.00400014
18 0.00379582
19 0.00382123
20 0.00377001
21 0.00366514
22 0.0035449
23 0.00343796
24 0.00339645
25 0.00354759
26 0.00384135
27 0.00409646
28 0.00454903
29 0.00513633
30 0.00588437
31 0.0067373
32 0.00756488
33 0.00835733
34 0.00945568
35 0.0106236
36 0.0117108
37 0.0130583
38 0.0149229
39 0.017468
40 0.0211815
41 0.0262547
42 0.0311616
43 0.0360214
44 0.0425206
45 0.0559275
46 0.0886171
47 0.213516
