0 1.3928
1 0.198163
2 0.0726828
3 0.0406821
4 0.028851
5 0.0228144
6 0.0183693
7 0.015266
8 0.0125043
9 0.00949665
10 0.0069311
11 0.00528211
12 0.00412696
13 0.00313502
14 0.00237464
15 0.0019173
16 0.00164905
17 0.00145911
18 0.00131063
19 0.00112167
20 0.000922097
21 0.00082806
22 0.000814187
23 0.000826631
24 0.00085549
25 0.000959437
26 0.00111927
27 0.00137963
28 0.00163887
29 0.00190812
30 0.00233986
31 0.00293193
32 0.00373795
33 0.00468705
34 0.00561061
35 0.00672497
36 0.00791377
37 0.00887254
38 0.0101142
39 0.0116478
40 0.0134411
41 0.0161253
42 0.0202042
43 0.0253295
44 0.0320834
45 0.0444991
46 0.0756984
47 0.201383
