0 1.39018
1 0.197885
2 0.0749281
3 0.0455514
4 0.0328924
5 0.0252619
6 0.0201922
7 0.0170859
8 0.0147407
9 0.012567
10 0.0104902
11 0.0087941
12 0.00766064
13 0.00701456
14 0.00629694
15 0.00535584
16 0.00455096
17 0.00381354
18 0.00332497
19 0.00298284
20 0.00283222
21 0.0027012
22 0.0026142
23 0.00261007
24 0.00248794
25 0.00238668
26 0.00228678
27 0.00228653
28 0.00239421
29 0.00251627
30 0.00264042
31 0.00283827
32 0.00317985
33 0.00365782
34 0.00429888
35 0.00521205
36 0.00606894
37 0.00731801
38 0.00899995
39 0.0109489
40 0.0134322
41 0.0161255
42 0.019443
43 0.0242836
44 0.0320034
45 0.0439448
46 0.0740974
47 0.19788
