0 1.40641
1 0.210612
2 0.0838636
3 0.0503883
4 0.0365624
5 0.0290164
6 0.024383
7 0.0204786
8 0.0169419
9 0.0141726
10 0.0114497
11 0.0091501
12 0.00697284
13 0.00513152
14 0.00378969
15 0.00296847
16 0.00230427
17 0.00186237
18 0.00158208
19 0.00144646
20 0.00146784
21 0.00147588
22 0.00134641
23 0.00123167
24 0.00120821
25 0.00128596
26 0.00139181
27 0.0015919
28 0.00178046
29 0.00193879
30 0.00219749
31 0.00257042
32 0.00311752
33 0.003831
34 0.00491026
35 0.0062785
36 0.00795263
37 0.0100116
38 0.0119335
39 0.0143006
40 0.0173282
41 0.020848
42 0.0254005
43 0.0310615
44 0.0372071
45 0.049429
46 0.0827168
47 0.211464
