0 1.39276
1 0.200449
2 0.0770055
3 0.0455377
4 0.0330469
5 0.0262361
6 0.021497
7 0.0178907
8 0.0151722
9 0.0132854
10 0.0116414
11 0.00983714
12 0.0084398
13 0.0074739
14 0.00685989
15 0.00611012
16 0.00521712
17 0.00435217
18 0.00362934
19 0.0030788
20 0.00270072
21 0.00243093
22 0.00223866
23 0.00201003
24 0.00182891
25 0.00167322
26 0.00159731
27 0.00168648
28 0.00184411
29 0.00193638
30 0.00197641
31 0.00200896
32 0.00213814
33 0.00242609
34 0.00294315
35 0.00372723
36 0.004675
37 0.00574185
38 0.00687285
39 0.00807973
40 0.00967037
41 0.0118753
42 0.0145764
43 0.0179739
44 0.0232092
45 0.0344078
46 0.0661574
47 0.193278
