0 1.39243
1 0.200207
2 0.0743864
3 0.0432898
4 0.0319342
5 0.024192
6 0.017992
7 0.0139358
8 0.0113836
9 0.0097495
10 0.00849671
11 0.00740142
12 0.00646318
13 0.00549957
14 0.00464222
15 0.00386626
16 0.00321073
17 0.00273318
18 0.00235613
19 0.00205611
20 0.00180873
21 0.00165472
22 0.00157148
23 0.00147755
24 0.00143408
25 0.00146164
26 0.00155206
27 0.00168511
28 0.0018469
29 0.00206605
30 0.00241922
31 0.00292312
32 0.00351893
33 0.00418635
34 0.00487996
35 0.00574484
36 0.00681059
37 0.00807543
38 0.00953148
39 0.0110689
40 0.0130217
41 0.0154835
42 0.018714
43 0.0232176
44 0.0298167
45 0.041351
46 0.0730201
47 0.198131
