0 1.4126
1 0.211329
2 0.0832301
3 0.0507599
4 0.0376627
5 0.0300972
6 0.0252355
7 0.0213672
8 0.017799
9 0.0147532
10 0.0123511
11 0.0106568
12 0.0094895
13 0.00849603
14 0.00758605
15 0.00641446
16 0.00538197
17 0.00451093
18 0.00382983
19 0.00329502
20 0.00286665
21 0.00250018
22 0.00224204
23 0.00207231
24 0.00220873
25 0.0025409
26 0.00300202
27 0.00350827
28 0.00402069
29 0.00483543
30 0.00577973
31 0.00642185
32 0.00701955
33 0.00773822
34 0.00870701
35 0.00987042
36 0.0107682
37 0.0118738
38 0.0133975
39 0.0155724
40 0.0187739
41 0.0227124
42 0.0272945
43 0.0335365
44 0.0423068
45 0.0576565
46 0.0940108
47 0.221624
