0 1.39138
1 0.202384
2 0.0764403
3 0.0443925
4 0.0334576
5 0.0270767
6 0.0220813
7 0.0184389
8 0.0154177
9 0.0127564
10 0.0101721
11 0.0083934
12 0.00666776
13 0.00531193
14 0.00441208
15 0.00368889
16 0.00327078
17 0.00278195
18 0.00229615
19 0.00189011
20 0.00157916
21 0.00141955
22 0.00139505
23 0.00143469
24 0.00152767
25 0.00173017
26 0.001942
27 0.00221738
28 0.00250953
29 0.00290393
30 0.00328177
31 0.00333497
32 0.0034842
33 0.00370817
34 0.00407923
35 0.00469715
36 0.00572595
37 0.00713182
38 0.00878187
39 0.0107329
40 0.0129012
41 0.0160495
42 0.0187865
43 0.0221162
44 0.0270906
45 0.0375622
46 0.0683703
47 0.195586
