0 1.39809
1 0.202919
2 0.0763103
3 0.044138
4 0.0321103
5 0.0263298
6 0.0228845
7 0.0200765
8 0.0170754
9 0.014922
10 0.0129039
11 0.0108808
12 0.0092778
13 0.00796936
14 0.0068663
15 0.00589471
16 0.00516375
17 0.00459214
18 0.00430602
19 0.00411047
20 0.00399973
21 0.00401397
22 0.00374975
23 0.00348149
24 0.00332673
25 0.00324339
26 0.00327641
27 0.00341008
28 0.00363889
29 0.00386142
30 0.004186
31 0.00464035
32 0.00515936
33 0.00583943
34 0.00674071
35 0.00792999
36 0.00911189
37 0.0105869
38 0.0121102
39 0.0140923
40 0.0163471
41 0.0188028
42 0.0215978
43 0.0254726
44 0.0317194
45 0.0438899
46 0.0766726
47 0.203747
