0 1.40251
1 0.212003
2 0.0828227
3 0.0475931
4 0.0337313
5 0.0264497
6 0.0216656
7 0.0187753
8 0.0159442
9 0.0134835
10 0.0110515
11 0.00890209
12 0.00685855
13 0.00544609
14 0.00448328
15 0.00371869
16 0.00312942
17 0.00263767
18 0.00219293
19 0.00179579
20 0.00156658
21 0.00150561
22 0.00149647
23 0.00151076
24 0.00162708
25 0.00175651
26 0.00189497
27 0.00204516
28 0.00227375
29 0.00261171
30 0.00307016
31 0.00369195
32 0.0045825
33 0.00565078
34 0.00677926
35 0.00804359
36 0.00953249
37 0.0113784
38 0.0134523
39 0.0155742
40 0.0184131
41 0.0216688
42 0.0257721
43 0.030522
44 0.0365729
45 0.049942
46 0.081737
47 0.206304
