0 1.39006
1 0.202417
2 0.0785696
3 0.0465009
4 0.034634
5 0.0272872
6 0.0219002
7 0.0179745
8 0.014705
9 0.0123109
10 0.0104432
11 0.00876952
12 0.0071644
13 0.00592613
14 0.00518679
15 0.00465447
16 0.00405701
17 0.00358395
18 0.00318772
19 0.00282745
20 0.00252656
21 0.00221093
22 0.00188208
23 0.00160852
24 0.00144074
25 0.00133651
26 0.00128923
27 0.00130174
28 0.00140133
29 0.00160144
30 0.00195933
31 0.00239999
32 0.00277511
33 0.00321915
34 0.00375703
35 0.00443045
36 0.00516044
37 0.00607335
38 0.00721545
39 0.00858774
40 0.0104014
41 0.0126426
42 0.0154752
43 0.0197493
44 0.0265504
45 0.0382702
46 0.0693819
47 0.195247
