0 1.39803
1 0.202568
2 0.0749761
3 0.0413748
4 0.0281416
5 0.0205656
6 0.0163238
7 0.013729
8 0.0113364
9 0.00931625
10 0.00783347
11 0.00662996
12 0.00537456
13 0.00434724
14 0.00364543
15 0.00321414
16 0.00281606
17 0.00250267
18 0.0022833
19 0.00211931
20 0.0018727
21 0.00164116
22 0.00149964
23 0.00143783
24 0.00140761
25 0.00144471
26 0.00148163
27 0.00150859
28 0.00159579
29 0.00174603
30 0.00188725
31 0.00209708
32 0.00250123
33 0.00303145
34 0.00367044
35 0.00442404
36 0.00536504
37 0.00667736
38 0.00833464
39 0.0106558
40 0.0133096
41 0.0159113
42 0.0188371
43 0.0221714
44 0.0271637
45 0.038832
46 0.0716547
47 0.199683
