0 1.41495
1 0.212059
2 0.0824933
3 0.0480962
4 0.0350264
5 0.0282299
6 0.0239552
7 0.0206883
8 0.0173302
9 0.0146941
10 0.0125843
11 0.0105033
12 0.00874878
13 0.00755046
14 0.0068008
15 0.00607751
16 0.00518429
17 0.00438716
18 0.00373971
19 0.00318135
20 0.00281151
21 0.00260761
22 0.0024949
23 0.0023709
24 0.00219604
25 0.00211426
26 0.00215731
27 0.00220749
28 0.00248744
29 0.00299181
30 0.00372488
31 0.00465094
32 0.00546675
33 0.0063051
34 0.00719805
35 0.00796971
36 0.00924611
37 0.011152
38 0.013558
39 0.0163943
40 0.0189465
41 0.0212832
42 0.0251013
43 0.0301082
44 0.0380582
45 0.0528818
46 0.0881806
47 0.218097
