0 1.40878
1 0.212347
2 0.0853311
3 0.0526264
4 0.0390926
5 0.0317067
6 0.0270019
7 0.0237489
8 0.0207988
9 0.0187672
10 0.0164783
11 0.0138135
12 0.0111242
13 0.00914915
14 0.00759801
15 0.00635315
16 0.00543626
17 0.00478067
18 0.00417011
19 0.00362074
20 0.00325704
21 0.00304883
22 0.00288194
23 0.00284336
24 0.00285864
25 0.00306791
26 0.00350138
27 0.00392758
28 0.00442043
29 0.00507676
30 0.00586487
31 0.00676623
32 0.00754078
33 0.00843929
34 0.009533
35 0.0107286
36 0.0120837
37 0.0133648
38 0.0148206
39 0.0172807
40 0.0201021
41 0.0234734
42 0.0280538
43 0.0349733
44 0.0426496
45 0.0533273
46 0.0838337
47 0.210243
