0 1.40335
1 0.207877
2 0.0811395
3 0.0493373
4 0.0362187
5 0.0280069
6 0.0220206
7 0.0177117
8 0.0147429
9 0.0127583
10 0.0112805
11 0.0100765
12 0.00889518
13 0.00751765
14 0.00627924
15 0.00511727
16 0.00409592
17 0.00338384
18 0.00292375
19 0.00256851
20 0.00226859
21 0.0020607
22 0.00191719
23 0.00175791
24 0.00162297
25 0.00160051
26 0.00166442
27 0.0017145
28 0.00176395
29 0.00186581
30 0.00203945
31 0.00240118
32 0.00291717
33 0.00345913
34 0.00407474
35 0.00468489
36 0.00550634
37 0.00676
38 0.00840646
39 0.010404
40 0.0128916
41 0.0156819
42 0.0191711
43 0.0240567
44 0.0324964
45 0.047056
46 0.0816274
47 0.208778
