0 1.38683
1 0.194184
2 0.0709044
3 0.0410445
4 0.0299995
5 0.024361
6 0.0214302
7 0.0196976
8 0.018731
9 0.0179373
10 0.016807
11 0.0153435
12 0.0133482
13 0.0112723
14 0.00941179
15 0.00797578
16 0.00690009
17 0.00618454
18 0.00569232
19 0.00525274
20 0.00472806
21 0.00413497
22 0.0036619
23 0.00336185
24 0.00320764
25 0.00328468
26 0.0034894
27 0.00371771
28 0.0039454
29 0.00417623
30 0.00445701
31 0.00494738
32 0.00568403
33 0.00646344
34 0.00750898
35 0.00873369
36 0.0100788
37 0.0121462
38 0.0145191
39 0.0175001
40 0.0202659
41 0.0223553
42 0.0252474
43 0.0283931
44 0.0341248
45 0.0452062
46 0.0747398
47 0.197037
