0 1.40003
1 0.206141
2 0.0801833
3 0.0461853
4 0.0336021
5 0.0272164
6 0.0227873
7 0.0189145
8 0.0158404
9 0.0128942
10 0.010817
11 0.00919501
12 0.00771947
13 0.00646056
14 0.0055516
15 0.00490635
16 0.00433361
17 0.00381568
18 0.00334308
19 0.00295425
20 0.00264504
21 0.00233429
22 0.00197346
23 0.00171756
24 0.00161487
25 0.00160517
26 0.00169699
27 0.00183203
28 0.00201158
29 0.00229697
30 0.00268821
31 0.0031896
32 0.00373656
33 0.00453879
34 0.00537778
35 0.00637542
36 0.00760316
37 0.00926547
38 0.0112888
39 0.0140019
40 0.0167213
41 0.0193138
42 0.0233737
43 0.0288884
44 0.0371875
45 0.051462
46 0.0840539
47 0.208227
