0 1.40971
1 0.2196
2 0.0927918
3 0.0597947
4 0.0476378
5 0.0411468
6 0.0345714
7 0.0287509
8 0.0245161
9 0.021246
10 0.0182574
11 0.0153747
12 0.0124467
13 0.00991056
14 0.00792894
15 0.00649139
16 0.00529972
17 0.00443404
18 0.00377553
19 0.00327439
20 0.00288143
21 0.00264057
22 0.00264289
23 0.00277987
24 0.00287351
25 0.0030328
26 0.00323317
27 0.00348574
28 0.00391189
29 0.00443111
30 0.0049758
31 0.0055185
32 0.0060289
33 0.00672457
34 0.00759646
35 0.00853884
36 0.00935528
37 0.010551
38 0.0120527
39 0.0137204
40 0.0159663
41 0.0193091
42 0.0234894
43 0.0284988
44 0.035479
45 0.0497683
46 0.0850638
47 0.213413
