0 1.38961
1 0.196994
2 0.069428
3 0.0363163
4 0.0234413
5 0.0168193
6 0.0129592
7 0.010588
8 0.00888065
9 0.00719886
10 0.00597783
11 0.00510355
12 0.0045553
13 0.00394583
14 0.00340086
15 0.002962
16 0.00263617
17 0.00226273
18 0.00193524
19 0.00163907
20 0.0014109
21 0.0012626
22 0.00117929
23 0.00116385
24 0.00118621
25 0.00122509
26 0.00126399
27 0.00132353
28 0.00147837
29 0.00175223
30 0.00216562
31 0.00279952
32 0.00351315
33 0.00428098
34 0.0051397
35 0.00600707
36 0.00701261
37 0.00830053
38 0.010231
39 0.0119893
40 0.0135254
41 0.0156804
42 0.0186927
43 0.0235346
44 0.029692
45 0.0415013
46 0.0725996
47 0.197467
