0 1.4226
1 0.219297
2 0.0899631
3 0.05631
4 0.0442276
5 0.037156
6 0.0313771
7 0.0269055
8 0.0220768
9 0.0179907
10 0.0149349
11 0.0131292
12 0.0115086
13 0.00955401
14 0.00811031
15 0.00708546
16 0.00602054
17 0.00501658
18 0.00434641
19 0.00391758
20 0.00355576
21 0.00322682
22 0.00296123
23 0.00277704
24 0.00275801
25 0.00275659
26 0.00289113
27 0.00314281
28 0.00343888
29 0.00382388
30 0.00432167
31 0.0051011
32 0.00616753
33 0.00739214
34 0.00879476
35 0.0100752
36 0.0114183
37 0.013609
38 0.0161898
39 0.0193815
40 0.0242123
41 0.0313379
42 0.0401401
43 0.0490509
44 0.0585163
45 0.0719856
46 0.104194
47 0.230051
