0 1.41789
1 0.215421
2 0.083098
3 0.0457377
4 0.0298769
5 0.0216047
6 0.0165478
7 0.0134856
8 0.0110783
9 0.00903397
10 0.00744664
11 0.00604381
12 0.00501504
13 0.00408117
14 0.0033811
15 0.00280411
16 0.00226645
17 0.00188258
18 0.00165138
19 0.00141345
20 0.00115042
21 0.000979293
22 0.000888961
23 0.000844327
24 0.000797599
25 0.000785203
26 0.000811636
27 0.000822641
28 0.000874516
29 0.000990261
30 0.00113718
31 0.00137441
32 0.00176722
33 0.00232498
34 0.00312089
35 0.00415663
36 0.00536351
37 0.00713309
38 0.00886248
39 0.0105345
40 0.0125841
41 0.0157193
42 0.0207793
43 0.0276603
44 0.0359078
45 0.0515837
46 0.0890062
47 0.220745
