0 1.3959
1 0.203035
2 0.0768565
3 0.0454379
4 0.0338237
5 0.0259198
6 0.0196827
7 0.0154844
8 0.01275
9 0.0110032
10 0.00955874
11 0.00841324
12 0.00747348
13 0.00648939
14 0.00555278
15 0.00465617
16 0.00391597
17 0.00336894
18 0.00292666
19 0.00257918
20 0.00233098
21 0.00221276
22 0.00218318
23 0.00213485
24 0.00210539
25 0.00214721
26 0.00227259
27 0.00243024
28 0.00259771
29 0.00280829
30 0.00315981
31 0.00366351
32 0.00428586
33 0.00501677
34 0.00576567
35 0.00669478
36 0.00779963
37 0.00917161
38 0.0107715
39 0.0124718
40 0.0146225
41 0.0172699
42 0.0206297
43 0.025221
44 0.0319386
45 0.0435238
46 0.0751644
47 0.200566
