0 1.40837
1 0.212572
2 0.0841167
3 0.0505006
4 0.0381396
5 0.0303667
6 0.0246245
7 0.0200065
8 0.016163
9 0.0133031
10 0.0109614
11 0.00911522
12 0.0076167
13 0.00645992
14 0.00554176
15 0.00478743
16 0.00414607
17 0.00355047
18 0.00300188
19 0.00262841
20 0.00251548
21 0.00244222
22 0.00232332
23 0.00217187
24 0.00206588
25 0.0019788
26 0.00199974
27 0.00206839
28 0.0022459
29 0.00248905
30 0.00291621
31 0.00350733
32 0.00409908
33 0.0047601
34 0.00551836
35 0.00649061
36 0.00765431
37 0.00913067
38 0.0110091
39 0.0134374
40 0.0157252
41 0.0179067
42 0.0214816
43 0.02648
44 0.034641
45 0.0492143
46 0.0833469
47 0.211496
