0 1.39319
1 0.206871
2 0.0811775
3 0.0494042
4 0.0363481
5 0.0287712
6 0.0228045
7 0.0183687
8 0.0153811
9 0.0138148
10 0.0122772
11 0.00972326
12 0.00787646
13 0.00637333
14 0.0052689
15 0.00440559
16 0.00372364
17 0.0030191
18 0.00245984
19 0.00203651
20 0.00178616
21 0.00153479
22 0.00127877
23 0.00114163
24 0.00106013
25 0.00100712
26 0.00100815
27 0.00102501
28 0.00112894
29 0.00137018
30 0.00169097
31 0.00217378
32 0.00275661
33 0.00351538
34 0.00443724
35 0.0054869
36 0.00678287
37 0.00847537
38 0.0107275
39 0.0137145
40 0.0170544
41 0.0204809
42 0.0226401
43 0.0259593
44 0.0316638
45 0.0436793
46 0.0751541
47 0.199509
