0 1.41064
1 0.220705
2 0.0922594
3 0.0604467
4 0.0487942
5 0.0417408
6 0.0357136
7 0.0299415
8 0.0253559
9 0.0210749
10 0.0171044
11 0.0137206
12 0.0110317
13 0.00893129
14 0.00764312
15 0.00672094
16 0.00599942
17 0.00518363
18 0.00451108
19 0.0040131
20 0.0034275
21 0.00291252
22 0.0026505
23 0.00250381
24 0.00235423
25 0.00221576
26 0.00213918
27 0.00213437
28 0.00221324
29 0.00239358
30 0.00270108
31 0.00304156
32 0.00353782
33 0.00425005
34 0.00516412
35 0.00612218
36 0.00699365
37 0.00833855
38 0.0102071
39 0.012573
40 0.0155654
41 0.0188518
42 0.0232111
43 0.0287147
44 0.0356597
45 0.0492614
46 0.0826748
47 0.211727
