0 1.39772
1 0.202729
2 0.0763554
3 0.0432501
4 0.029349
5 0.0225957
6 0.0188124
7 0.0160702
8 0.0135752
9 0.0114749
10 0.0097587
11 0.00816002
12 0.00715891
13 0.00644071
14 0.00568382
15 0.00492898
16 0.00426752
17 0.00380764
18 0.00351467
19 0.00335417
20 0.00304564
21 0.00276948
22 0.00265654
23 0.0026362
24 0.00267592
25 0.00270378
26 0.00272581
27 0.00287451
28 0.00316948
29 0.00350766
30 0.004023
31 0.00458318
32 0.00520323
33 0.00601631
34 0.00711591
35 0.00852295
36 0.0102345
37 0.0124427
38 0.0148611
39 0.0171938
40 0.0198819
41 0.0229358
42 0.0274223
43 0.0313209
44 0.0369175
45 0.047209
46 0.0778776
47 0.203088
