0 1.38661
1 0.194968
2 0.0713117
3 0.0403038
4 0.0291978
5 0.0233417
6 0.0185898
7 0.0156864
8 0.0137682
9 0.011691
10 0.00970882
11 0.00837107
12 0.00723274
13 0.0062236
14 0.00518402
15 0.00433382
16 0.00377164
17 0.00341668
18 0.00309973
19 0.00276698
20 0.00244968
21 0.00222683
22 0.00204979
23 0.00185564
24 0.00176136
25 0.00171501
26 0.00169727
27 0.00166035
28 0.00164435
29 0.00173329
30 0.00198861
31 0.00239685
32 0.00290902
33 0.00360811
34 0.00424214
35 0.00482833
36 0.00551818
37 0.00654172
38 0.00772328
39 0.00929498
40 0.0111247
41 0.0131964
42 0.0156415
43 0.0189379
44 0.0246504
45 0.0355964
46 0.0664761
47 0.192916
