0 1.39124
1 0.196089
2 0.069519
3 0.0375751
4 0.0258512
5 0.0199637
6 0.01655
7 0.0139797
8 0.0116299
9 0.0100846
10 0.00870811
11 0.00734567
12 0.00626044
13 0.00522961
14 0.00420553
15 0.00342923
16 0.00291763
17 0.00247322
18 0.00221637
19 0.00202753
20 0.00190105
21 0.00186011
22 0.00170093
23 0.00154712
24 0.00146433
25 0.00146762
26 0.00156002
27 0.00172102
28 0.0019052
29 0.00209249
30 0.00237782
31 0.00276754
32 0.00324195
33 0.00387246
34 0.00463959
35 0.00564378
36 0.00662495
37 0.00785324
38 0.00912031
39 0.010879
40 0.0129448
41 0.015181
42 0.017723
43 0.0214584
44 0.0275638
45 0.0394436
46 0.0717514
47 0.198463
