0 1.40427
1 0.210659
2 0.083164
3 0.0503708
4 0.0371723
5 0.0289938
6 0.0229129
7 0.0188435
8 0.0164873
9 0.0150978
10 0.0133604
11 0.0114604
12 0.00955488
13 0.00800443
14 0.00658285
15 0.00554999
16 0.0048015
17 0.00406748
18 0.00364687
19 0.00350464
20 0.00345554
21 0.00331971
22 0.00322183
23 0.00313963
24 0.00298984
25 0.00294207
26 0.00297075
27 0.00306218
28 0.00322341
29 0.00348679
30 0.00391252
31 0.00445739
32 0.00523341
33 0.00617581
34 0.0070976
35 0.00808709
36 0.00959718
37 0.0115801
38 0.0134888
39 0.0152637
40 0.0176666
41 0.0208129
42 0.0246098
43 0.0291801
44 0.0353658
45 0.0475118
46 0.0804621
47 0.207933
