0 1.39012
1 0.196623
2 0.0710586
3 0.0407419
4 0.030711
5 0.0252821
6 0.0209411
7 0.0169596
8 0.0139351
9 0.011427
10 0.00924083
11 0.00753877
12 0.00627104
13 0.00521729
14 0.00445656
15 0.0038798
16 0.00346491
17 0.00307924
18 0.00294753
19 0.00281576
20 0.00260751
21 0.00241853
22 0.00217247
23 0.00197354
24 0.00193408
25 0.00203508
26 0.0022745
27 0.00255348
28 0.00276855
29 0.00309129
30 0.00343803
31 0.00363531
32 0.00383217
33 0.00417643
34 0.00468813
35 0.00532927
36 0.00615594
37 0.00733591
38 0.00884614
39 0.0110034
40 0.0141011
41 0.0179034
42 0.020998
43 0.0245397
44 0.0301053
45 0.0407833
46 0.070115
47 0.194466
