0 1.40804
1 0.211322
2 0.0812675
3 0.0478053
4 0.0348475
5 0.0272245
6 0.0224927
7 0.0188279
8 0.0158543
9 0.013605
10 0.0117191
11 0.00986601
12 0.00800198
13 0.00657468
14 0.00548997
15 0.00460534
16 0.00403406
17 0.00356888
18 0.00317179
19 0.00278941
20 0.00251695
21 0.00240972
22 0.00229778
23 0.00212159
24 0.00190315
25 0.00189007
26 0.00206506
27 0.00224265
28 0.00241931
29 0.00272782
30 0.00297523
31 0.00318239
32 0.00356666
33 0.00432069
34 0.00547851
35 0.0069098
36 0.00836184
37 0.0100873
38 0.0121992
39 0.0149905
40 0.0187406
41 0.0232561
42 0.0271715
43 0.0329353
44 0.0417637
45 0.0570708
46 0.0895146
47 0.214143
