0 1.41136
1 0.211828
2 0.0834367
3 0.0499601
4 0.0355275
5 0.027643
6 0.0218655
7 0.017648
8 0.0144042
9 0.012032
10 0.0101921
11 0.00858911
12 0.00719913
13 0.00614758
14 0.00525311
15 0.00459497
16 0.0040575
17 0.00357421
18 0.00307642
19 0.00269483
20 0.00247189
21 0.00229884
22 0.00222165
23 0.00219646
24 0.00226935
25 0.00234195
26 0.00244981
27 0.00264558
28 0.0029313
29 0.00325727
30 0.00367798
31 0.00431832
32 0.00517304
33 0.00640976
34 0.00774049
35 0.00880777
36 0.00960366
37 0.0108911
38 0.0128348
39 0.015594
40 0.0189348
41 0.022608
42 0.0271385
43 0.0329352
44 0.0410709
45 0.0554922
46 0.0903735
47 0.216745
