0 1.39712
1 0.196924
2 0.0733596
3 0.0434259
4 0.0336246
5 0.0248684
6 0.0190803
7 0.0155695
8 0.0130585
9 0.0109032
10 0.00900951
11 0.00757875
12 0.00632133
13 0.00503375
14 0.00418984
15 0.00366626
16 0.00323212
17 0.00285024
18 0.00253862
19 0.00233951
20 0.00209902
21 0.00181431
22 0.00152689
23 0.00133558
24 0.00126189
25 0.00122267
26 0.00123617
27 0.00131064
28 0.00142096
29 0.00157306
30 0.00170653
31 0.00214192
32 0.00272104
33 0.00335497
34 0.00413641
35 0.00514831
36 0.00647176
37 0.00813921
38 0.0102144
39 0.0129217
40 0.0166451
41 0.0202227
42 0.0237394
43 0.0292501
44 0.0362636
45 0.0481611
46 0.0785516
47 0.204209
