0 1.39504
1 0.200627
2 0.0735894
3 0.0417576
4 0.030058
5 0.0235985
6 0.0189069
7 0.0151817
8 0.0123952
9 0.010367
10 0.00862056
11 0.00692017
12 0.00556984
13 0.00461244
14 0.00375175
15 0.00299576
16 0.00233268
17 0.00183349
18 0.00143894
19 0.00116396
20 0.00100359
21 0.00090707
22 0.000874829
23 0.000863189
24 0.000895962
25 0.000971961
26 0.00103135
27 0.00109258
28 0.00123516
29 0.00140027
30 0.00164672
31 0.00194008
32 0.00238271
33 0.00284357
34 0.00363395
35 0.00474411
36 0.00592379
37 0.00723345
38 0.00870953
39 0.0102787
40 0.0118378
41 0.0142388
42 0.0176092
43 0.0224899
44 0.0303096
45 0.0434056
46 0.0764826
47 0.203614
