0 1.39346
1 0.204825
2 0.079597
3 0.0480531
4 0.0355261
5 0.0287674
6 0.0242779
7 0.0203848
8 0.0167505
9 0.014098
10 0.0118664
11 0.0100633
12 0.00897533
13 0.00830978
14 0.00765403
15 0.00671956
16 0.00559252
17 0.00477407
18 0.00414434
19 0.00366824
20 0.00326752
21 0.00291013
22 0.00271821
23 0.00262993
24 0.00269307
25 0.00284066
26 0.00297738
27 0.0030272
28 0.00310703
29 0.00331992
30 0.00359473
31 0.00403167
32 0.00464241
33 0.00544531
34 0.0064001
35 0.00748669
36 0.00885304
37 0.0102868
38 0.0118645
39 0.013868
40 0.015992
41 0.0187557
42 0.021926
43 0.0258094
44 0.0319104
45 0.0433778
46 0.0739615
47 0.197857
