0 1.398
1 0.202029
2 0.0756738
3 0.0443257
4 0.0318506
5 0.0241506
6 0.0191595
7 0.0152703
8 0.0122707
9 0.00999001
10 0.00880359
11 0.00777595
12 0.00680787
13 0.00604502
14 0.00532696
15 0.00460263
16 0.00385616
17 0.00339321
18 0.00296117
19 0.00262667
20 0.00228759
21 0.00200438
22 0.00181659
23 0.00164537
24 0.0015744
25 0.00159926
26 0.00173844
27 0.00192841
28 0.00222882
29 0.00263928
30 0.00304205
31 0.00337259
32 0.00368318
33 0.00416741
34 0.00493963
35 0.00613486
36 0.00751844
37 0.00906349
38 0.0106218
39 0.0122513
40 0.0142924
41 0.0169521
42 0.0205048
43 0.0252318
44 0.0317942
45 0.0436147
46 0.0752927
47 0.201322
