0 1.39944
1 0.206836
2 0.0816755
3 0.0501291
4 0.0378117
5 0.0307093
6 0.0257697
7 0.0215834
8 0.0177973
9 0.0148339
10 0.0128048
11 0.0113136
12 0.010034
13 0.0085257
14 0.00720675
15 0.00592894
16 0.00482341
17 0.00415852
18 0.00366073
19 0.00323185
20 0.00299357
21 0.00290661
22 0.0028618
23 0.00283062
24 0.00284993
25 0.00293725
26 0.00312961
27 0.00338326
28 0.00365005
29 0.00397111
30 0.00444087
31 0.00502347
32 0.00566105
33 0.00655244
34 0.00762535
35 0.0089531
36 0.0105416
37 0.0120257
38 0.0136916
39 0.0156675
40 0.0180671
41 0.0213318
42 0.0258942
43 0.0318156
44 0.0393357
45 0.0535381
46 0.0874881
47 0.212013
