0 1.38225
1 0.193508
2 0.0678805
3 0.0371912
4 0.026077
5 0.0199725
6 0.0160288
7 0.014259
8 0.013105
9 0.0116689
10 0.00985099
11 0.00822656
12 0.00673634
13 0.00560902
14 0.00474785
15 0.00413802
16 0.00366562
17 0.00335092
18 0.00316415
19 0.00302907
20 0.00278741
21 0.00248113
22 0.00226366
23 0.00202557
24 0.00181917
25 0.00167094
26 0.00159832
27 0.00170888
28 0.00189936
29 0.00214807
30 0.00250187
31 0.0029857
32 0.00347412
33 0.00405495
34 0.00469688
35 0.00539811
36 0.00628676
37 0.00752619
38 0.00896447
39 0.0102884
40 0.0118263
41 0.0134606
42 0.0152987
43 0.0181117
44 0.022586
45 0.0336535
46 0.065548
47 0.191538
