0 1.38893
1 0.196986
2 0.0706937
3 0.0392848
4 0.0281208
5 0.0216733
6 0.0170015
7 0.0133373
8 0.010605
9 0.00848662
10 0.00673894
11 0.00539767
12 0.00443542
13 0.00376584
14 0.00335522
15 0.0030105
16 0.00271026
17 0.002483
18 0.00229677
19 0.00208093
20 0.00188419
21 0.0016635
22 0.00146002
23 0.00132677
24 0.00123571
25 0.00116562
26 0.00113926
27 0.00119186
28 0.00135716
29 0.00155942
30 0.00182693
31 0.00211569
32 0.00251987
33 0.00306801
34 0.00369063
35 0.00451119
36 0.00535043
37 0.00623972
38 0.00735123
39 0.00856775
40 0.00997641
41 0.0119859
42 0.015489
43 0.0201263
44 0.025653
45 0.0366696
46 0.0671337
47 0.193255
