0 1.40728
1 0.211628
2 0.0833645
3 0.0484269
4 0.0330344
5 0.0241279
6 0.0186583
7 0.0153777
8 0.0133409
9 0.0114894
10 0.00982953
11 0.00828004
12 0.00685479
13 0.00556754
14 0.00459571
15 0.00392365
16 0.00350271
17 0.00323688
18 0.00314937
19 0.00300219
20 0.00284
21 0.00280848
22 0.00275092
23 0.00266355
24 0.00255962
25 0.00253758
26 0.0026932
27 0.00287042
28 0.00320028
29 0.00364755
30 0.00404968
31 0.00447042
32 0.00503939
33 0.00579679
34 0.00669755
35 0.0076878
36 0.00906572
37 0.0104115
38 0.0120107
39 0.0145463
40 0.0176121
41 0.0214748
42 0.0262353
43 0.0319686
44 0.0404214
45 0.0543407
46 0.0865143
47 0.212378
