0 1.40787
1 0.211472
2 0.0837326
3 0.0492176
4 0.0355201
5 0.0287005
6 0.023886
7 0.0201738
8 0.0177263
9 0.0155691
10 0.0135436
11 0.0116255
12 0.00994369
13 0.00827404
14 0.00701086
15 0.00598239
16 0.00530359
17 0.00480545
18 0.00442157
19 0.00393877
20 0.00346516
21 0.00295192
22 0.00265772
23 0.00265134
24 0.00272957
25 0.00286197
26 0.00299701
27 0.0032265
28 0.00349696
29 0.00375821
30 0.00407781
31 0.00459943
32 0.00543661
33 0.00673978
34 0.00837634
35 0.00988677
36 0.011609
37 0.0136651
38 0.0157214
39 0.0177655
40 0.0205907
41 0.0242925
42 0.0289687
43 0.0350839
44 0.0434509
45 0.0565449
46 0.0880595
47 0.212064
