0 1.40714
1 0.205681
2 0.0767117
3 0.0434405
4 0.0303469
5 0.022584
6 0.0172784
7 0.0138258
8 0.0112071
9 0.0091296
10 0.00761123
11 0.00641576
12 0.00552427
13 0.00469987
14 0.00369667
15 0.00274672
16 0.00206136
17 0.00157667
18 0.00123601
19 0.000986778
20 0.0008657
21 0.000793762
22 0.000749292
23 0.000721522
24 0.000729203
25 0.000810161
26 0.00097827
27 0.00121813
28 0.00150049
29 0.00172161
30 0.00203901
31 0.00245798
32 0.00291671
33 0.00358817
34 0.00434252
35 0.00527852
36 0.00667961
37 0.00849058
38 0.0100388
39 0.0121138
40 0.0144277
41 0.0171557
42 0.0199919
43 0.0240926
44 0.0306586
45 0.043531
46 0.0777878
47 0.207073
