0 1.4024
1 0.205325
2 0.0767118
3 0.0438695
4 0.0314291
5 0.0247247
6 0.0200312
7 0.016584
8 0.0139916
9 0.011541
10 0.00977398
11 0.00845894
12 0.0073251
13 0.0062083
14 0.00536342
15 0.00492785
16 0.00448778
17 0.0039011
18 0.00341272
19 0.00304791
20 0.00277362
21 0.0027092
22 0.00259602
23 0.00256082
24 0.00264859
25 0.00278784
26 0.0031299
27 0.00350739
28 0.0040113
29 0.00455388
30 0.00529616
31 0.00623163
32 0.00730524
33 0.00827623
34 0.00922294
35 0.0102239
36 0.0116593
37 0.0135326
38 0.0158846
39 0.018604
40 0.02146
41 0.0251542
42 0.0287307
43 0.0322123
44 0.0382458
45 0.0505928
46 0.0822398
47 0.206545
