0 1.4009
1 0.208205
2 0.0831532
3 0.0510093
4 0.036409
5 0.0277016
6 0.0218334
7 0.0177455
8 0.0145116
9 0.0119088
10 0.0104037
11 0.00925948
12 0.00846035
13 0.00727325
14 0.00596867
15 0.00499919
16 0.00428081
17 0.00356012
18 0.00300478
19 0.00257688
20 0.00219962
21 0.00194772
22 0.00180393
23 0.00173382
24 0.00178148
25 0.00186171
26 0.00202583
27 0.0023025
28 0.00257351
29 0.0027736
30 0.00307416
31 0.00355314
32 0.00423649
33 0.005126
34 0.00596273
35 0.00693758
36 0.00791669
37 0.00900516
38 0.010628
39 0.0129039
40 0.0157941
41 0.0188738
42 0.0224411
43 0.0283881
44 0.0374711
45 0.0516924
46 0.0841291
47 0.210003
