0 1.40114
1 0.204125
2 0.0784218
3 0.0469055
4 0.0337843
5 0.0268888
6 0.0222823
7 0.0184113
8 0.0156554
9 0.0130773
10 0.0106898
11 0.00864628
12 0.00689564
13 0.00532418
14 0.00417202
15 0.00329438
16 0.00267913
17 0.00221292
18 0.00179772
19 0.00150822
20 0.00134052
21 0.00121353
22 0.00109665
23 0.00103593
24 0.000972282
25 0.000929086
26 0.000923761
27 0.00094117
28 0.00102243
29 0.00113523
30 0.00131303
31 0.00160166
32 0.00206605
33 0.00280935
34 0.00387172
35 0.00511474
36 0.00651034
37 0.00810493
38 0.0103141
39 0.0127026
40 0.0153583
41 0.0187422
42 0.0232876
43 0.0287307
44 0.0358416
45 0.0479342
46 0.0790509
47 0.204799
