0 1.40152
1 0.203797
2 0.079733
3 0.0493228
4 0.03692
5 0.029202
6 0.0235164
7 0.0193498
8 0.0162709
9 0.0131355
10 0.0106973
11 0.00872027
12 0.0069213
13 0.00581734
14 0.00501398
15 0.00420451
16 0.0036824
17 0.00341237
18 0.00331147
19 0.00313145
20 0.00303221
21 0.00295761
22 0.00279232
23 0.00267872
24 0.00269479
25 0.00271894
26 0.00281456
27 0.00293998
28 0.0031066
29 0.00342919
30 0.00377914
31 0.00422129
32 0.00493813
33 0.00592256
34 0.00722927
35 0.00890503
36 0.0108736
37 0.0129386
38 0.0152541
39 0.0175332
40 0.0205493
41 0.0245779
42 0.028845
43 0.0334612
44 0.0399425
45 0.0520041
46 0.0834978
47 0.209588
