0 1.41824
1 0.220277
2 0.0946989
3 0.0621077
4 0.046747
5 0.0388656
6 0.0325495
7 0.0274312
8 0.0238345
9 0.0204074
10 0.0179163
11 0.0153005
12 0.0130502
13 0.0109792
14 0.00907036
15 0.00781696
16 0.00682513
17 0.00609151
18 0.00558707
19 0.00498817
20 0.00436591
21 0.00396005
22 0.00380194
23 0.00358341
24 0.00336727
25 0.00325621
26 0.00324048
27 0.00336606
28 0.0035836
29 0.00393086
30 0.00430465
31 0.00494
32 0.00570758
33 0.00661312
34 0.00793849
35 0.00927765
36 0.0103045
37 0.0116193
38 0.0134513
39 0.0161889
40 0.0197464
41 0.0238899
42 0.0287805
43 0.0345332
44 0.0430481
45 0.0582192
46 0.0920103
47 0.219571
