0 1.40484
1 0.210171
2 0.0847587
3 0.0522348
4 0.0395668
5 0.0326684
6 0.0275329
7 0.023713
8 0.0205164
9 0.016917
10 0.0141264
11 0.0116006
12 0.00920567
13 0.00779015
14 0.00685711
15 0.00588705
16 0.00497335
17 0.00388632
18 0.00274023
19 0.00208902
20 0.00172961
21 0.00159553
22 0.00161369
23 0.0016395
24 0.00163159
25 0.00171585
26 0.00193672
27 0.00224554
28 0.0025993
29 0.00302437
30 0.00357194
31 0.00420768
32 0.00486014
33 0.00571842
34 0.00685344
35 0.00776705
36 0.00885709
37 0.0103862
38 0.0121069
39 0.0142722
40 0.0173848
41 0.020753
42 0.0241636
43 0.0288861
44 0.0364195
45 0.0504463
46 0.0843663
47 0.212356
