0 1.39111
1 0.198839
2 0.0752923
3 0.04461
4 0.0328215
5 0.0276987
6 0.0243204
7 0.020741
8 0.0175292
9 0.0149426
10 0.0128188
11 0.0110721
12 0.00938184
13 0.00754343
14 0.00618293
15 0.00533805
16 0.0046136
17 0.00393451
18 0.00335356
19 0.00291468
20 0.00258787
21 0.00244087
22 0.00231239
23 0.00212904
24 0.00203983
25 0.00213727
26 0.00234172
27 0.00253201
28 0.00276143
29 0.00311854
30 0.00367393
31 0.00423728
32 0.00502562
33 0.00584249
34 0.00660094
35 0.00719404
36 0.00815253
37 0.00969406
38 0.0117785
39 0.0143274
40 0.0173495
41 0.0209782
42 0.0248473
43 0.0282061
44 0.0342614
45 0.0466753
46 0.0784164
47 0.20402
