0 1.39965
1 0.204627
2 0.0774159
3 0.0436097
4 0.0301454
5 0.0230224
6 0.0184207
7 0.0148194
8 0.011839
9 0.00921076
10 0.00736493
11 0.00585193
12 0.00466649
13 0.00392631
14 0.00341757
15 0.00301204
16 0.00272435
17 0.00232705
18 0.00201602
19 0.00172693
20 0.00149945
21 0.00135986
22 0.00124449
23 0.00111591
24 0.000998211
25 0.000965279
26 0.00101044
27 0.00103114
28 0.0011279
29 0.00131781
30 0.00161331
31 0.00194865
32 0.00243623
33 0.003144
34 0.00399958
35 0.00498779
36 0.00606473
37 0.0070761
38 0.0084064
39 0.0102173
40 0.0121763
41 0.0147555
42 0.0183692
43 0.0237533
44 0.031456
45 0.0438635
46 0.0762163
47 0.203235
