0 1.39082
1 0.200489
2 0.0739551
3 0.0422927
4 0.0298304
5 0.022364
6 0.0174072
7 0.0138298
8 0.0113098
9 0.0094188
10 0.00776426
11 0.00602655
12 0.00476506
13 0.00388702
14 0.00315907
15 0.0026599
16 0.00227087
17 0.00191096
18 0.0016206
19 0.00146498
20 0.00132527
21 0.00121039
22 0.00115272
23 0.0011365
24 0.00121905
25 0.00138182
26 0.00160373
27 0.001868
28 0.00216166
29 0.00259599
30 0.00320336
31 0.00373613
32 0.00413632
33 0.00435412
34 0.00473469
35 0.00551703
36 0.00672087
37 0.00835426
38 0.00969962
39 0.0111418
40 0.0132044
41 0.0154599
42 0.0183168
43 0.022655
44 0.0293016
45 0.0419397
46 0.0742401
47 0.199107
