0 1.39639
1 0.201051
2 0.0767378
3 0.0472282
4 0.0363538
5 0.0298073
6 0.0246185
7 0.0205875
8 0.0164976
9 0.0131098
10 0.0106267
11 0.0086447
12 0.00698971
13 0.00572953
14 0.00485253
15 0.00421692
16 0.00356869
17 0.00303131
18 0.00262457
19 0.00230065
20 0.00209116
21 0.00187202
22 0.00169017
23 0.00161026
24 0.00165284
25 0.00174846
26 0.00192552
27 0.00215596
28 0.00237554
29 0.00258407
30 0.00292538
31 0.00352166
32 0.00421153
33 0.0048225
34 0.00548503
35 0.00636568
36 0.00739771
37 0.00881851
38 0.0104406
39 0.0123188
40 0.0144637
41 0.0174436
42 0.0215805
43 0.0266664
44 0.0335861
45 0.0457266
46 0.0770976
47 0.202426
