0 1.39573
1 0.207064
2 0.0850646
3 0.0510962
4 0.0373133
5 0.0290509
6 0.0221056
7 0.0174427
8 0.0137926
9 0.0108585
10 0.00878329
11 0.00757649
12 0.00666573
13 0.00587927
14 0.00520726
15 0.00427963
16 0.00351398
17 0.00300336
18 0.00253297
19 0.0020965
20 0.00169519
21 0.00142307
22 0.00125388
23 0.00119411
24 0.00121584
25 0.00128122
26 0.00145618
27 0.00164274
28 0.00181155
29 0.00196774
30 0.00222992
31 0.00264581
32 0.00323714
33 0.00411348
34 0.0054731
35 0.00727831
36 0.00889935
37 0.0104747
38 0.0121196
39 0.0146864
40 0.0168309
41 0.0187187
42 0.020837
43 0.0242506
44 0.0307825
45 0.044519
46 0.0773748
47 0.204326
