0 1.39791
1 0.20322
2 0.0786574
3 0.0477346
4 0.034486
5 0.026691
6 0.0219814
7 0.0192379
8 0.0169979
9 0.0144756
10 0.0121185
11 0.00975661
12 0.00783433
13 0.00632122
14 0.00515085
15 0.00418727
16 0.00346161
17 0.00295074
18 0.00272667
19 0.00255128
20 0.00233014
21 0.00210931
22 0.00189711
23 0.00172047
24 0.00161881
25 0.00159411
26 0.0016791
27 0.0018381
28 0.00198056
29 0.00214774
30 0.0024192
31 0.0028309
32 0.00322669
33 0.00384926
34 0.00473503
35 0.00599232
36 0.0076034
37 0.00943624
38 0.0116556
39 0.0143306
40 0.0161883
41 0.0184687
42 0.0217056
43 0.0266072
44 0.0345857
45 0.0480073
46 0.0794979
47 0.202787
