0 1.39134
1 0.195377
2 0.0692323
3 0.0388378
4 0.0278002
5 0.0221952
6 0.0185515
7 0.0158432
8 0.0135937
9 0.0118703
10 0.00983378
11 0.00768907
12 0.0061613
13 0.00494514
14 0.00393968
15 0.00321464
16 0.00272708
17 0.00236985
18 0.00202027
19 0.00176349
20 0.0015704
21 0.00138802
22 0.00118502
23 0.00102848
24 0.000921286
25 0.000876408
26 0.000885329
27 0.000978343
28 0.00116867
29 0.00139367
30 0.00172001
31 0.00211487
32 0.00259156
33 0.00307098
34 0.00359264
35 0.00429027
36 0.00528909
37 0.00673881
38 0.00871933
39 0.0113644
40 0.0140142
41 0.0168781
42 0.0212285
43 0.0270952
44 0.0342989
45 0.0469412
46 0.077997
47 0.200968
