0 1.40849
1 0.215801
2 0.0895476
3 0.0541041
4 0.0388821
5 0.0313718
6 0.0269528
7 0.0235176
8 0.0200244
9 0.0167368
10 0.0137573
11 0.0114169
12 0.00952411
13 0.00779905
14 0.00639998
15 0.00527911
16 0.00435754
17 0.00365889
18 0.0031884
19 0.00290835
20 0.00270162
21 0.0025761
22 0.00247539
23 0.00241272
24 0.00246886
25 0.00263125
26 0.00286138
27 0.00317646
28 0.00363788
29 0.00405207
30 0.00471487
31 0.0055559
32 0.00631421
33 0.00696193
34 0.00806224
35 0.00899809
36 0.00972492
37 0.011021
38 0.0127754
39 0.0150804
40 0.0175482
41 0.0207997
42 0.0252227
43 0.0305603
44 0.0396809
45 0.0539927
46 0.0878572
47 0.216934
