0 1.39793
1 0.202673
2 0.0759364
3 0.0426413
4 0.0291173
5 0.0226908
6 0.0188449
7 0.01522
8 0.011945
9 0.00954745
10 0.00757457
11 0.00584075
12 0.00470993
13 0.00406993
14 0.00343853
15 0.00287271
16 0.00254165
17 0.00228293
18 0.0021094
19 0.00206472
20 0.00209101
21 0.00214202
22 0.0019961
23 0.00196291
24 0.00207614
25 0.00222667
26 0.00224773
27 0.00222183
28 0.00233599
29 0.00268709
30 0.00320618
31 0.00397337
32 0.00502939
33 0.0061544
34 0.00706654
35 0.00754506
36 0.00805543
37 0.00855107
38 0.00923289
39 0.0104349
40 0.012275
41 0.015058
42 0.0184766
43 0.0223358
44 0.0290338
45 0.0422776
46 0.0752966
47 0.201976
