0 1.42225
1 0.223266
2 0.0930566
3 0.0593033
4 0.0448499
5 0.0344996
6 0.0271679
7 0.0218591
8 0.0182344
9 0.015238
10 0.0124731
11 0.0103074
12 0.00864658
13 0.00733991
14 0.00626669
15 0.00527587
16 0.00453065
17 0.00392749
18 0.00347386
19 0.00326003
20 0.00305284
21 0.00282682
22 0.0025972
23 0.00247169
24 0.00243138
25 0.00243893
26 0.00260773
27 0.00291818
28 0.00350704
29 0.00442761
30 0.00541175
31 0.00643955
32 0.0077746
33 0.00895302
34 0.0103199
35 0.0118753
36 0.0133752
37 0.0149607
38 0.0166836
39 0.0189541
40 0.0215653
41 0.0256015
42 0.0307188
43 0.0373989
44 0.0478267
45 0.0628774
46 0.0967318
47 0.224097
