0 1.39012
1 0.20001
2 0.0749256
3 0.0441771
4 0.0319726
5 0.0242376
6 0.0186716
7 0.014767
8 0.012083
9 0.00953229
10 0.00757891
11 0.00629289
12 0.00536871
13 0.00478137
14 0.00424422
15 0.00381405
16 0.00354892
17 0.00325142
18 0.0029188
19 0.00246078
20 0.00209273
21 0.00173613
22 0.00153288
23 0.00136167
24 0.00112213
25 0.000934873
26 0.000873372
27 0.000886487
28 0.00096559
29 0.00105898
30 0.00118849
31 0.00133777
32 0.00153063
33 0.00187105
34 0.00243784
35 0.00312874
36 0.00400706
37 0.00523506
38 0.00667764
39 0.00852993
40 0.0104192
41 0.0128984
42 0.0172261
43 0.0224153
44 0.0291312
45 0.0406232
46 0.0715932
47 0.197776
