0 1.40184
1 0.199341
2 0.0751054
3 0.0458789
4 0.0355409
5 0.0292208
6 0.0245199
7 0.0208402
8 0.0185643
9 0.0161576
10 0.0139986
11 0.0124363
12 0.0108344
13 0.00903082
14 0.00784573
15 0.00699277
16 0.0059873
17 0.00491128
18 0.00404992
19 0.00342602
20 0.0030513
21 0.00273084
22 0.00258365
23 0.00253539
24 0.00242123
25 0.00232148
26 0.00232033
27 0.00241054
28 0.00259946
29 0.00295302
30 0.00340617
31 0.00385985
32 0.0042656
33 0.00477502
34 0.00537226
35 0.00620765
36 0.00741917
37 0.0088388
38 0.0105534
39 0.0123261
40 0.014588
41 0.0177797
42 0.0223912
43 0.0290892
44 0.0390402
45 0.0545892
46 0.0852508
47 0.208752
