0 1.40001
1 0.207574
2 0.0819964
3 0.0489615
4 0.0362885
5 0.0296094
6 0.025727
7 0.0224286
8 0.0189328
9 0.0158385
10 0.0133229
11 0.0114048
12 0.0105695
13 0.00935471
14 0.0078799
15 0.00673236
16 0.00580232
17 0.00504867
18 0.00442141
19 0.00397025
20 0.00373154
21 0.00345151
22 0.00328271
23 0.00305531
24 0.00289825
25 0.0029756
26 0.00303356
27 0.00300456
28 0.0030113
29 0.00327183
30 0.00364738
31 0.00395731
32 0.00435828
33 0.00497743
34 0.00565034
35 0.00651731
36 0.00740129
37 0.00830821
38 0.00934636
39 0.0107906
40 0.0127362
41 0.0151394
42 0.0182112
43 0.0228356
44 0.030053
45 0.0431364
46 0.0774468
47 0.205319
