0 1.43257
1 0.235115
2 0.102035
3 0.0643202
4 0.0479668
5 0.0372283
6 0.0287409
7 0.0233654
8 0.0196521
9 0.0168727
10 0.014014
11 0.0120551
12 0.0104738
13 0.00919707
14 0.0079723
15 0.00691089
16 0.0058863
17 0.00504432
18 0.00450194
19 0.00411905
20 0.00391523
21 0.00378961
22 0.00368347
23 0.00366006
24 0.00362723
25 0.00362076
26 0.00369747
27 0.00395098
28 0.00442328
29 0.00521856
30 0.00611872
31 0.00688137
32 0.00759048
33 0.00849003
34 0.00949537
35 0.0106806
36 0.011813
37 0.0127693
38 0.0144624
39 0.0169398
40 0.0207935
41 0.0260227
42 0.032234
43 0.0390164
44 0.0486016
45 0.0638382
46 0.0998769
47 0.233592
