0 1.39946
1 0.202923
2 0.076498
3 0.0437616
4 0.0308992
5 0.0240919
6 0.019142
7 0.0157743
8 0.0134371
9 0.0113229
10 0.00943826
11 0.00796594
12 0.00699198
13 0.00595078
14 0.00511485
15 0.00451463
16 0.00413386
17 0.00386855
18 0.00338443
19 0.00282192
20 0.0023569
21 0.00207455
22 0.00193667
23 0.00171962
24 0.00161776
25 0.00171722
26 0.00191857
27 0.00218936
28 0.00255214
29 0.00284095
30 0.00315889
31 0.00359489
32 0.00424469
33 0.00508305
34 0.00631979
35 0.0073792
36 0.00845432
37 0.00989899
38 0.0117122
39 0.0134337
40 0.0152573
41 0.017555
42 0.0207236
43 0.0252724
44 0.0331561
45 0.0473478
46 0.0805083
47 0.206861
