0 1.40171
1 0.207391
2 0.0796427
3 0.0481253
4 0.0352686
5 0.0275426
6 0.0221502
7 0.0182346
8 0.0148815
9 0.0126468
10 0.0109883
11 0.00936906
12 0.00782997
13 0.00667114
14 0.00602951
15 0.0055548
16 0.00507726
17 0.00443385
18 0.0037308
19 0.00322332
20 0.00287972
21 0.00265588
22 0.0025856
23 0.00256452
24 0.00254836
25 0.00256566
26 0.00257097
27 0.0025894
28 0.00267568
29 0.00290641
30 0.00344249
31 0.00419699
32 0.00517858
33 0.00620097
34 0.00705531
35 0.00831645
36 0.0100626
37 0.0119397
38 0.0137244
39 0.0159777
40 0.0183226
41 0.0211553
42 0.0248959
43 0.0291416
44 0.0344773
45 0.0442387
46 0.0758153
47 0.203816
