0 1.39729
1 0.207063
2 0.0800179
3 0.0476919
4 0.0350984
5 0.028224
6 0.0239016
7 0.0205612
8 0.0176256
9 0.0150238
10 0.0125931
11 0.0102071
12 0.00789751
13 0.00620152
14 0.00507072
15 0.00414585
16 0.00325963
17 0.00263491
18 0.00225992
19 0.00187042
20 0.00160613
21 0.00137013
22 0.00116805
23 0.00111556
24 0.00109376
25 0.00108306
26 0.00115553
27 0.00126265
28 0.00147211
29 0.00179499
30 0.00208396
31 0.00233651
32 0.00259585
33 0.00295547
34 0.00348445
35 0.0042182
36 0.00505508
37 0.0060536
38 0.00732698
39 0.00911162
40 0.011801
41 0.0152124
42 0.0197566
43 0.0253312
44 0.0320317
45 0.0434931
46 0.0743002
47 0.19942
