0 1.39654
1 0.203576
2 0.0767537
3 0.0457129
4 0.0344299
5 0.0284402
6 0.0244581
7 0.0213087
8 0.0185811
9 0.0163792
10 0.0142905
11 0.0125605
12 0.0111645
13 0.00973791
14 0.00850592
15 0.00706204
16 0.00567821
17 0.00475812
18 0.00408649
19 0.00348288
20 0.00298838
21 0.00263426
22 0.00247782
23 0.00245959
24 0.00245004
25 0.00245128
26 0.00248602
27 0.00255509
28 0.00268349
29 0.00291636
30 0.00340216
31 0.00396262
32 0.00438735
33 0.00487141
34 0.00553969
35 0.00656374
36 0.00791739
37 0.00966415
38 0.0114135
39 0.013544
40 0.0162793
41 0.0197308
42 0.0241604
43 0.029359
44 0.0364013
45 0.0477352
46 0.0771345
47 0.202104
