0 1.41542
1 0.215761
2 0.0852397
3 0.0515996
4 0.0385243
5 0.030642
6 0.0239119
7 0.0181343
8 0.014388
9 0.011883
10 0.0102084
11 0.00921471
12 0.00825675
13 0.00685806
14 0.00579053
15 0.00481828
16 0.00405981
17 0.00348793
18 0.0030294
19 0.00271964
20 0.00246763
21 0.00232094
22 0.00228403
23 0.00234533
24 0.00246546
25 0.00261369
26 0.00271464
27 0.00286936
28 0.00311021
29 0.0034758
30 0.00383066
31 0.00435504
32 0.00503189
33 0.00613659
34 0.00764105
35 0.00935133
36 0.0111181
37 0.0132278
38 0.015274
39 0.0177245
40 0.0207407
41 0.0244847
42 0.0278673
43 0.0323416
44 0.0404088
45 0.0547134
46 0.0900242
47 0.221342
