0 1.397
1 0.203218
2 0.0785869
3 0.0474758
4 0.0348133
5 0.028163
6 0.0235173
7 0.0185187
8 0.0151039
9 0.0129095
10 0.0108267
11 0.00881554
12 0.00722275
13 0.0060717
14 0.00521509
15 0.00440954
16 0.00366094
17 0.00315121
18 0.00276411
19 0.00239926
20 0.00208656
21 0.00189997
22 0.0017004
23 0.00157761
24 0.00154254
25 0.00161513
26 0.00171411
27 0.0018661
28 0.00207497
29 0.00233438
30 0.00268021
31 0.0030828
32 0.00351266
33 0.00386881
34 0.004291
35 0.00495693
36 0.00590528
37 0.00742677
38 0.00923462
39 0.0115791
40 0.0145535
41 0.0181551
42 0.0227006
43 0.0281314
44 0.0346715
45 0.0465374
46 0.0775959
47 0.202325
