0 1.394
1 0.200312
2 0.0756621
3 0.0446113
4 0.0320112
5 0.0254239
6 0.020879
7 0.0161025
8 0.012927
9 0.0109481
10 0.00917178
11 0.00741507
12 0.00602311
13 0.00503563
14 0.00429717
15 0.00357599
16 0.00290996
17 0.00247233
18 0.0021249
19 0.00180735
20 0.00151389
21 0.00133765
22 0.00116949
23 0.00107085
24 0.00104656
25 0.00110915
26 0.00119102
27 0.00131684
28 0.00147986
29 0.00167089
30 0.00195054
31 0.00227973
32 0.00265325
33 0.00296703
34 0.00330808
35 0.00387037
36 0.00477447
37 0.00622657
38 0.0079829
39 0.0103093
40 0.013272
41 0.0168364
42 0.0213464
43 0.0267131
44 0.0331763
45 0.0449104
46 0.0757594
47 0.200105
