0 1.40111
1 0.209547
2 0.0848695
3 0.0522932
4 0.0387169
5 0.0305446
6 0.0243744
7 0.0200672
8 0.0170675
9 0.0142765
10 0.0117465
11 0.00962109
12 0.00782378
13 0.00647675
14 0.00543174
15 0.00476794
16 0.00426434
17 0.0036221
18 0.00307571
19 0.00257927
20 0.00232351
21 0.00215545
22 0.00206816
23 0.00205982
24 0.00198668
25 0.00187557
26 0.00183059
27 0.00181249
28 0.00188624
29 0.0020329
30 0.00219921
31 0.00244961
32 0.00279109
33 0.00340032
34 0.00416824
35 0.00505441
36 0.00608401
37 0.00737953
38 0.00909044
39 0.0110098
40 0.0129841
41 0.0151597
42 0.0185032
43 0.0232828
44 0.0307673
45 0.043992
46 0.0784618
47 0.206627
