0 1.40018
1 0.208186
2 0.0825668
3 0.0494325
4 0.0339434
5 0.0257371
6 0.0214759
7 0.0180743
8 0.0152685
9 0.01217
10 0.00989039
11 0.00808512
12 0.00670479
13 0.0054655
14 0.00433841
15 0.00354567
16 0.00290977
17 0.0024345
18 0.00209134
19 0.00186398
20 0.00176731
21 0.00177109
22 0.00179044
23 0.00181114
24 0.00184227
25 0.0019319
26 0.00205135
27 0.00229661
28 0.0025139
29 0.00276944
30 0.00314053
31 0.00365252
32 0.00432331
33 0.00517633
34 0.00593129
35 0.00666639
36 0.00751364
37 0.00842336
38 0.00965637
39 0.0114212
40 0.0134974
41 0.0160913
42 0.0191231
43 0.0232928
44 0.0295065
45 0.0421818
46 0.075872
47 0.203755
