0 1.40022
1 0.205265
2 0.0796637
3 0.0490018
4 0.03709
5 0.0298336
6 0.024447
7 0.0204115
8 0.0172791
9 0.0142366
10 0.011632
11 0.00934865
12 0.00793166
13 0.00709171
14 0.00673658
15 0.00613765
16 0.00519168
17 0.00430031
18 0.00371522
19 0.00327217
20 0.00296855
21 0.00277057
22 0.0025929
23 0.00249825
24 0.00251506
25 0.00257823
26 0.00269668
27 0.00289675
28 0.00316516
29 0.00357344
30 0.00401116
31 0.00458622
32 0.0053831
33 0.0065098
34 0.00798867
35 0.009944
36 0.0124321
37 0.0145586
38 0.016026
39 0.0172183
40 0.0186091
41 0.0208105
42 0.0244303
43 0.0296514
44 0.0375933
45 0.0512129
46 0.0828095
47 0.2085
