0 1.40993
1 0.215953
2 0.0905806
3 0.0564757
4 0.0410081
5 0.0322196
6 0.0259775
7 0.02167
8 0.017727
9 0.0144964
10 0.011705
11 0.00919575
12 0.00739272
13 0.00625852
14 0.00523269
15 0.00439445
16 0.00372831
17 0.00328208
18 0.00291385
19 0.00265962
20 0.00250138
21 0.00237645
22 0.00213476
23 0.00191265
24 0.00175485
25 0.00171705
26 0.00180937
27 0.0019648
28 0.0021193
29 0.00228837
30 0.00258052
31 0.00288671
32 0.00334078
33 0.00386248
34 0.00446305
35 0.00527371
36 0.00648439
37 0.00772472
38 0.00892751
39 0.0104869
40 0.0127317
41 0.0157519
42 0.0196472
43 0.0245668
44 0.0325985
45 0.0456685
46 0.0801998
47 0.209298
