0 1.39246
1 0.200487
2 0.0761342
3 0.0437346
4 0.0317957
5 0.0256425
6 0.0210747
7 0.0177278
8 0.0152125
9 0.0134106
10 0.01188
11 0.0103045
12 0.00857697
13 0.00721332
14 0.00626522
15 0.0055199
16 0.00490234
17 0.00431025
18 0.00393049
19 0.00351915
20 0.00298706
21 0.00256914
22 0.00230245
23 0.00208524
24 0.00184079
25 0.0016793
26 0.00156412
27 0.00142859
28 0.0013657
29 0.00137885
30 0.00147151
31 0.00170264
32 0.0019667
33 0.00235611
34 0.00282732
35 0.00341705
36 0.00410122
37 0.00474073
38 0.00578439
39 0.00730148
40 0.00914874
41 0.0115367
42 0.0145167
43 0.0185808
44 0.0246843
45 0.0372036
46 0.0696426
47 0.197236
