0 1.398
1 0.201473
2 0.0746814
3 0.0433395
4 0.0324399
5 0.0272187
6 0.0236797
7 0.0205461
8 0.0178559
9 0.0150266
10 0.0125398
11 0.0103318
12 0.0085961
13 0.00750601
14 0.00646457
15 0.00557948
16 0.00487844
17 0.00421422
18 0.00371145
19 0.00334027
20 0.00301907
21 0.00281206
22 0.00262453
23 0.00248273
24 0.00239446
25 0.00231071
26 0.00239366
27 0.00257316
28 0.00284756
29 0.00321406
30 0.00357485
31 0.00397733
32 0.00441914
33 0.00496808
34 0.00578512
35 0.00668203
36 0.00771799
37 0.0089356
38 0.0106293
39 0.0132117
40 0.016675
41 0.0201947
42 0.0245021
43 0.029955
44 0.0364192
45 0.0480277
46 0.0790993
47 0.20458
