0 1.39855
1 0.196473
2 0.0724819
3 0.0432653
4 0.0327584
5 0.0264581
6 0.022048
7 0.0187141
8 0.0166343
9 0.014407
10 0.0123939
11 0.0109326
12 0.00945648
13 0.00783531
14 0.0067772
15 0.00599092
16 0.0050594
17 0.00409659
18 0.00332686
19 0.00277687
20 0.00243569
21 0.00212843
22 0.00196662
23 0.00191532
24 0.00183799
25 0.00178264
26 0.00182213
27 0.00191682
28 0.00209011
29 0.00240804
30 0.00279367
31 0.00315826
32 0.00348963
33 0.00391412
34 0.00443539
35 0.00518093
36 0.00624843
37 0.00749235
38 0.00907707
39 0.0106585
40 0.0127253
41 0.0156996
42 0.0200975
43 0.0266159
44 0.0363458
45 0.0517447
46 0.0824162
47 0.205832
