0 1.39951
1 0.20816
2 0.084733
3 0.0522835
4 0.037902
5 0.0293772
6 0.0234697
7 0.0184973
8 0.014936
9 0.0123858
10 0.0102896
11 0.00875456
12 0.00779776
13 0.00707374
14 0.00651173
15 0.00570908
16 0.00480737
17 0.0041274
18 0.00365842
19 0.00317924
20 0.00277132
21 0.00248764
22 0.0023149
23 0.0021889
24 0.00217099
25 0.00214175
26 0.00212258
27 0.0022079
28 0.00240527
29 0.00272988
30 0.00320114
31 0.00375119
32 0.00446192
33 0.00531712
34 0.00635637
35 0.00758942
36 0.00906182
37 0.0104725
38 0.0123708
39 0.0139541
40 0.0157691
41 0.0177567
42 0.0204672
43 0.0243693
44 0.0305411
45 0.0427149
46 0.0746475
47 0.201595
