0 1.39968
1 0.202363
2 0.0767743
3 0.0437072
4 0.0303396
5 0.0237635
6 0.0199726
7 0.0171002
8 0.0147334
9 0.0125247
10 0.0109652
11 0.0094506
12 0.00780512
13 0.00657178
14 0.00579614
15 0.00517986
16 0.00451029
17 0.00394147
18 0.00349604
19 0.00310757
20 0.0027424
21 0.00247789
22 0.00233022
23 0.00231373
24 0.00234975
25 0.00241615
26 0.00249415
27 0.0026361
28 0.0029527
29 0.00333847
30 0.00379963
31 0.00448691
32 0.00518322
33 0.0058414
34 0.00665888
35 0.00779671
36 0.00905894
37 0.01028
38 0.0118456
39 0.0137906
40 0.0154334
41 0.0180116
42 0.0218242
43 0.0262432
44 0.0334286
45 0.0459102
46 0.0777751
47 0.202913
