0 1.38928
1 0.197993
2 0.0704279
3 0.0380306
4 0.0262097
5 0.0201302
6 0.0170195
7 0.0142552
8 0.0117924
9 0.00936466
10 0.00746455
11 0.00566
12 0.00424957
13 0.0033453
14 0.00273362
15 0.00232686
16 0.00213708
17 0.0018961
18 0.00160416
19 0.0013561
20 0.00117282
21 0.001148
22 0.00114733
23 0.00115519
24 0.00118451
25 0.00112797
26 0.00111415
27 0.00117681
28 0.00133732
29 0.00160715
30 0.00196777
31 0.00222395
32 0.00248534
33 0.00281125
34 0.00323107
35 0.00375397
36 0.00435031
37 0.00519429
38 0.00641339
39 0.00807065
40 0.0101095
41 0.0122823
42 0.0147726
43 0.0180796
44 0.0235065
45 0.0350071
46 0.0663355
47 0.192213
