0 1.3926
1 0.200563
2 0.0760477
3 0.046396
4 0.0357243
5 0.0294513
6 0.0240644
7 0.0205136
8 0.0167807
9 0.0127446
10 0.010068
11 0.00797313
12 0.00635615
13 0.00508169
14 0.00401191
15 0.0031583
16 0.0025222
17 0.00196278
18 0.00158297
19 0.00137382
20 0.00121567
21 0.00122176
22 0.00120895
23 0.00116108
24 0.0011102
25 0.00107261
26 0.00107718
27 0.00112312
28 0.00127665
29 0.00145687
30 0.00160664
31 0.0018174
32 0.00218023
33 0.00262782
34 0.00340498
35 0.00462913
36 0.00610688
37 0.00778193
38 0.00908579
39 0.0106805
40 0.0127571
41 0.0159322
42 0.0203929
43 0.0257582
44 0.0325671
45 0.0438165
46 0.0751389
47 0.199263
