0 1.39402
1 0.201847
2 0.0771441
3 0.0465792
4 0.0334371
5 0.0261131
6 0.021731
7 0.0186485
8 0.0160568
9 0.0136905
10 0.0114264
11 0.00964951
12 0.00835458
13 0.00735738
14 0.00637466
15 0.00536855
16 0.00445165
17 0.00364066
18 0.00300155
19 0.00249405
20 0.00216957
21 0.00197125
22 0.00182558
23 0.00176149
24 0.00178176
25 0.00183395
26 0.00198215
27 0.00223266
28 0.00248671
29 0.00287281
30 0.00353439
31 0.00443295
32 0.005132
33 0.00581727
34 0.0062745
35 0.00681803
36 0.00758251
37 0.00860816
38 0.0100504
39 0.0117605
40 0.0135794
41 0.016076
42 0.0191278
43 0.0227877
44 0.0287856
45 0.0415367
46 0.0746739
47 0.202564
