0 1.38707
1 0.194245
2 0.0691062
3 0.0380072
4 0.0265815
5 0.0205535
6 0.0164171
7 0.0133322
8 0.0109611
9 0.00877194
10 0.0072858
11 0.00628382
12 0.00539734
13 0.00459059
14 0.00389284
15 0.00331605
16 0.00283112
17 0.00251151
18 0.00231676
19 0.00208585
20 0.00185288
21 0.00170987
22 0.00164208
23 0.0016564
24 0.00168451
25 0.00170097
26 0.00180343
27 0.00191953
28 0.00216308
29 0.00246892
30 0.00278066
31 0.0032822
32 0.00390108
33 0.00471185
34 0.0055343
35 0.00666224
36 0.00800528
37 0.00931561
38 0.0104704
39 0.0115998
40 0.0133102
41 0.0154346
42 0.0184384
43 0.0229794
44 0.0295695
45 0.0406628
46 0.0702678
47 0.194209
