0 1.39875
1 0.207372
2 0.0839488
3 0.0515642
4 0.0372876
5 0.0288663
6 0.0230413
7 0.018124
8 0.0146136
9 0.0120975
10 0.0100325
11 0.00852657
12 0.00759417
13 0.00689355
14 0.00634243
15 0.00554438
16 0.00465842
17 0.00399272
18 0.00353942
19 0.00307085
20 0.00267238
21 0.00239588
22 0.00222858
23 0.00211163
24 0.0021034
25 0.00208154
26 0.00206704
27 0.00215129
28 0.00234374
29 0.00266318
30 0.00312337
31 0.00366326
32 0.0043679
33 0.0052187
34 0.00625609
35 0.00749797
36 0.00898102
37 0.0103963
38 0.0122899
39 0.0138684
40 0.0156677
41 0.0176455
42 0.0203447
43 0.0242365
44 0.0303571
45 0.042442
46 0.0742507
47 0.201046
