0 1.40532
1 0.206034
2 0.0775749
3 0.0446748
4 0.0307863
5 0.0234472
6 0.0182509
7 0.0144
8 0.0113938
9 0.00902318
10 0.0071666
11 0.00559548
12 0.00438622
13 0.00352096
14 0.00287217
15 0.00247199
16 0.00220126
17 0.00197071
18 0.00170975
19 0.00157801
20 0.00153843
21 0.001467
22 0.00136816
23 0.0012642
24 0.00127469
25 0.00131315
26 0.00145259
27 0.00166285
28 0.00195852
29 0.00230598
30 0.00270027
31 0.00322833
32 0.00389919
33 0.00490287
34 0.00602383
35 0.00700046
36 0.00789724
37 0.00917029
38 0.0110288
39 0.0135475
40 0.0165376
41 0.0199456
42 0.0243315
43 0.0297025
44 0.0375386
45 0.0513693
46 0.0856054
47 0.211547
