0 1.40479
1 0.208357
2 0.0828845
3 0.0509865
4 0.0384996
5 0.0313269
6 0.0256402
7 0.0216545
8 0.0183083
9 0.0156694
10 0.0134825
11 0.0116039
12 0.0101131
13 0.00846663
14 0.00698969
15 0.00568771
16 0.0046735
17 0.00372769
18 0.00307912
19 0.00274068
20 0.00253921
21 0.00236866
22 0.0022685
23 0.00215715
24 0.00205539
25 0.00201646
26 0.00203816
27 0.00214401
28 0.00232489
29 0.00258707
30 0.00291876
31 0.00352325
32 0.00427001
33 0.00521288
34 0.00659815
35 0.00823671
36 0.0099041
37 0.0113054
38 0.01332
39 0.0159396
40 0.0188386
41 0.0218368
42 0.0249576
43 0.0295987
44 0.0367574
45 0.0500956
46 0.0833853
47 0.21291
