0 1.42151
1 0.224577
2 0.0946085
3 0.0591634
4 0.0462284
5 0.0391336
6 0.0333873
7 0.0275381
8 0.0220429
9 0.0180726
10 0.0153671
11 0.0129099
12 0.0104534
13 0.00859283
14 0.00739185
15 0.00627871
16 0.005387
17 0.00465598
18 0.00399359
19 0.00351913
20 0.00307503
21 0.00272299
22 0.00249656
23 0.00226016
24 0.00203841
25 0.00194733
26 0.00194505
27 0.00202201
28 0.00212986
29 0.00227074
30 0.00247834
31 0.00291012
32 0.00356434
33 0.00433379
34 0.00524917
35 0.00622367
36 0.0073045
37 0.00873571
38 0.0105828
39 0.0127212
40 0.0148252
41 0.017718
42 0.0221165
43 0.0276357
44 0.0349796
45 0.0490176
46 0.0831676
47 0.215153
