0 1.40565
1 0.216241
2 0.0934405
3 0.0587293
4 0.0447
5 0.0360551
6 0.028404
7 0.0229591
8 0.0185375
9 0.0150153
10 0.0123863
11 0.010824
12 0.00960176
13 0.00848626
14 0.00758685
15 0.00640388
16 0.00542173
17 0.0047821
18 0.00417016
19 0.0035344
20 0.00292019
21 0.00253242
22 0.00229691
23 0.0022371
24 0.002302
25 0.00239897
26 0.00264356
27 0.00289377
28 0.00312876
29 0.00340851
30 0.00379116
31 0.00432819
32 0.00503427
33 0.00610491
34 0.00781163
35 0.0101955
36 0.0123602
37 0.0144897
38 0.0165489
39 0.0196361
40 0.0222311
41 0.0241842
42 0.0261834
43 0.0297518
44 0.0368457
45 0.0515995
46 0.0855834
47 0.213377
