0 1.39688
1 0.201024
2 0.0770038
3 0.046903
4 0.0366159
5 0.0309837
6 0.0263118
7 0.0217836
8 0.017432
9 0.0141438
10 0.0112303
11 0.00916524
12 0.00744045
13 0.00627023
14 0.00543427
15 0.00469305
16 0.0040933
17 0.00358384
18 0.00313983
19 0.00275524
20 0.0026419
21 0.0026632
22 0.00271598
23 0.00277076
24 0.00286126
25 0.00292608
26 0.00301839
27 0.00322214
28 0.00355698
29 0.00400972
30 0.00443255
31 0.00506227
32 0.00593494
33 0.00682211
34 0.00799152
35 0.0095827
36 0.0114707
37 0.0132799
38 0.0148213
39 0.0170894
40 0.0203391
41 0.0238793
42 0.0277945
43 0.0327621
44 0.0401028
45 0.0521173
46 0.0832215
47 0.207863
