0 1.40223
1 0.21128
2 0.0828664
3 0.0492672
4 0.0356854
5 0.0271851
6 0.0212836
7 0.0177287
8 0.0148514
9 0.0121737
10 0.0100798
11 0.00828121
12 0.00679618
13 0.0056988
14 0.00475167
15 0.00397666
16 0.00336862
17 0.00285401
18 0.00247289
19 0.00215515
20 0.00190956
21 0.00179466
22 0.00175764
23 0.00175928
24 0.00178306
25 0.00190823
26 0.00203831
27 0.00232524
28 0.00268932
29 0.00304866
30 0.00349131
31 0.00425593
32 0.00500453
33 0.00568217
34 0.0064306
35 0.00723639
36 0.00842343
37 0.0098627
38 0.0118401
39 0.0141882
40 0.016575
41 0.0194399
42 0.0229754
43 0.0273176
44 0.0346058
45 0.0484072
46 0.0805456
47 0.209058
