0 1.40495
1 0.211835
2 0.0847113
3 0.0516541
4 0.0384467
5 0.0307068
6 0.0253245
7 0.0207523
8 0.0167446
9 0.0140587
10 0.0120775
11 0.0100853
12 0.00829299
13 0.00695387
14 0.00584548
15 0.00495891
16 0.00428485
17 0.00383888
18 0.00352287
19 0.00330709
20 0.00301851
21 0.00280017
22 0.00268625
23 0.0026367
24 0.00255062
25 0.00249839
26 0.00255679
27 0.00283359
28 0.00324103
29 0.00382806
30 0.00450658
31 0.00526834
32 0.0057783
33 0.00629687
34 0.00665213
35 0.00708841
36 0.00765946
37 0.00879229
38 0.010888
39 0.0138653
40 0.0173473
41 0.021695
42 0.0261595
43 0.0315543
44 0.0392337
45 0.0529967
46 0.0835792
47 0.208251
