0 1.4032
1 0.207085
2 0.0781576
3 0.0458436
4 0.0337455
5 0.0261423
6 0.0208033
7 0.0171999
8 0.0144695
9 0.0127393
10 0.0115675
11 0.0103587
12 0.00919639
13 0.00825952
14 0.00741621
15 0.00636355
16 0.00539
17 0.00463255
18 0.00396866
19 0.00346182
20 0.00315502
21 0.00301882
22 0.00296656
23 0.00288145
24 0.00273248
25 0.00264466
26 0.00262005
27 0.00266958
28 0.00279261
29 0.00298911
30 0.00334886
31 0.00385748
32 0.00458471
33 0.00550084
34 0.00650092
35 0.00757359
36 0.00871709
37 0.0101794
38 0.011878
39 0.0134089
40 0.0158005
41 0.0188887
42 0.0225479
43 0.0274728
44 0.0357159
45 0.0504259
46 0.0828434
47 0.20919
