0 1.39664
1 0.200503
2 0.073937
3 0.0424734
4 0.0317285
5 0.0260667
6 0.0224191
7 0.0197973
8 0.0169997
9 0.0152021
10 0.0137339
11 0.0121067
12 0.0102972
13 0.00843184
14 0.00684351
15 0.00589393
16 0.00518353
17 0.00455127
18 0.00401552
19 0.00361528
20 0.00325308
21 0.00291086
22 0.00258602
23 0.00251932
24 0.00260307
25 0.00270747
26 0.0028654
27 0.00313176
28 0.0034432
29 0.00377223
30 0.00416811
31 0.00470063
32 0.00544194
33 0.00626976
34 0.00718112
35 0.00838387
36 0.00973188
37 0.0109891
38 0.0123451
39 0.0145042
40 0.0170515
41 0.0201198
42 0.0235567
43 0.0273647
44 0.0340686
45 0.0471885
46 0.0801962
47 0.206634
