0 1.40205
1 0.210373
2 0.0850095
3 0.0537605
4 0.0411709
5 0.0330794
6 0.0273057
7 0.0228544
8 0.0197796
9 0.0168322
10 0.0142769
11 0.0120965
12 0.0102156
13 0.00878452
14 0.00758523
15 0.00664313
16 0.00594518
17 0.00533521
18 0.004781
19 0.0040846
20 0.00352716
21 0.00312519
22 0.00295731
23 0.00281028
24 0.00252908
25 0.00233247
26 0.00232662
27 0.00241827
28 0.00258662
29 0.00277922
30 0.00302954
31 0.00337523
32 0.00380458
33 0.00441645
34 0.00542976
35 0.00674973
36 0.00835952
37 0.0103122
38 0.0125284
39 0.0151095
40 0.0176851
41 0.0207498
42 0.0259826
43 0.0321149
44 0.0394394
45 0.0515398
46 0.0826491
47 0.20895
