0 1.39364
1 0.201621
2 0.0773429
3 0.0459767
4 0.034757
5 0.0290302
6 0.0250068
7 0.021529
8 0.0181359
9 0.014867
10 0.0119965
11 0.00972802
12 0.00818728
13 0.00692725
14 0.00581682
15 0.00513672
16 0.00480217
17 0.00445601
18 0.00397126
19 0.00368012
20 0.00340912
21 0.00314608
22 0.00296058
23 0.00275253
24 0.00261339
25 0.00251496
26 0.00236201
27 0.00224671
28 0.00226703
29 0.00245249
30 0.00286674
31 0.00356614
32 0.00457305
33 0.00576629
34 0.00725215
35 0.00881148
36 0.0101874
37 0.0114392
38 0.0129617
39 0.0146623
40 0.0169778
41 0.0201329
42 0.0228597
43 0.0258222
44 0.0310116
45 0.0417126
46 0.0722811
47 0.197906
