0 1.4014
1 0.207623
2 0.0821824
3 0.0491803
4 0.0344756
5 0.0261877
6 0.0199947
7 0.0155669
8 0.0128484
9 0.0110857
10 0.00936606
11 0.0078576
12 0.00682444
13 0.00602154
14 0.00515088
15 0.00413487
16 0.00339473
17 0.00288013
18 0.00259924
19 0.00239857
20 0.00211105
21 0.00189435
22 0.00183303
23 0.00188259
24 0.00199533
25 0.00214218
26 0.00234586
27 0.00273571
28 0.00332625
29 0.00391512
30 0.00448834
31 0.00531475
32 0.00648128
33 0.00794954
34 0.00927988
35 0.010367
36 0.0116072
37 0.0133282
38 0.015665
39 0.0178784
40 0.0202615
41 0.0229262
42 0.026028
43 0.0301903
44 0.0375501
45 0.0509432
46 0.082642
47 0.208066
