0 1.39239
1 0.198419
2 0.0726404
3 0.0417603
4 0.0314932
5 0.0260576
6 0.0210402
7 0.0170239
8 0.0135519
9 0.0106415
10 0.00827941
11 0.00635092
12 0.00477477
13 0.00371588
14 0.00311758
15 0.00273918
16 0.00247512
17 0.00216658
18 0.00184015
19 0.00152471
20 0.0012478
21 0.00104019
22 0.000960772
23 0.000957854
24 0.0010141
25 0.00106088
26 0.00115171
27 0.001303
28 0.00152549
29 0.00183533
30 0.00218165
31 0.00249174
32 0.00273637
33 0.00322213
34 0.00393393
35 0.00475649
36 0.00570769
37 0.00702732
38 0.00871115
39 0.0108105
40 0.0129263
41 0.0154585
42 0.0187025
43 0.0229568
44 0.0296899
45 0.0412817
46 0.0721265
47 0.196374
