0 1.40856
1 0.209613
2 0.0793734
3 0.0456101
4 0.0320225
5 0.0245504
6 0.020154
7 0.0174156
8 0.014743
9 0.0121147
10 0.00974446
11 0.00782406
12 0.00647287
13 0.00542055
14 0.00455171
15 0.00393524
16 0.00350499
17 0.00322073
18 0.00299668
19 0.00268132
20 0.00230975
21 0.00200731
22 0.0017913
23 0.00160392
24 0.00148721
25 0.00152412
26 0.00164272
27 0.00178964
28 0.00199079
29 0.00221265
30 0.00246106
31 0.00279684
32 0.00323189
33 0.00387504
34 0.00482836
35 0.00588217
36 0.00706391
37 0.00857132
38 0.0103317
39 0.012494
40 0.0152724
41 0.0192692
42 0.0244183
43 0.0307919
44 0.0396495
45 0.0544127
46 0.0886186
47 0.214781
