0 1.4079
1 0.20836
2 0.0818545
3 0.0497089
4 0.0376934
5 0.0318135
6 0.027588
7 0.0238224
8 0.0201003
9 0.0165545
10 0.0136185
11 0.0113658
12 0.00906992
13 0.00734078
14 0.00615048
15 0.00512467
16 0.00433441
17 0.00369548
18 0.0033233
19 0.00305833
20 0.00281433
21 0.00259641
22 0.00248492
23 0.00247308
24 0.00255572
25 0.00277265
26 0.00302514
27 0.00333041
28 0.00376481
29 0.00410227
30 0.00446336
31 0.00479407
32 0.00535556
33 0.00618741
34 0.0073259
35 0.00873058
36 0.0103088
37 0.0117629
38 0.0130003
39 0.0148018
40 0.0170178
41 0.0199405
42 0.0236635
43 0.0281578
44 0.033992
45 0.0470714
46 0.0806706
47 0.20948
