0 1.39998
1 0.211187
2 0.0876866
3 0.0550179
4 0.0395491
5 0.03026
6 0.0243134
7 0.0201651
8 0.0165563
9 0.013526
10 0.0111506
11 0.00924758
12 0.00804272
13 0.00701299
14 0.0059329
15 0.00501545
16 0.00446885
17 0.00396956
18 0.0034548
19 0.00297704
20 0.00258293
21 0.0022555
22 0.00197997
23 0.00177345
24 0.00172257
25 0.00173371
26 0.00177367
27 0.00189529
28 0.00209592
29 0.00230836
30 0.00254415
31 0.00286283
32 0.00349611
33 0.00434635
34 0.00537303
35 0.00644614
36 0.00735586
37 0.00861516
38 0.0100103
39 0.011789
40 0.0136276
41 0.0158146
42 0.0191995
43 0.0236816
44 0.0298938
45 0.0421177
46 0.0748954
47 0.203525
