0 1.40632
1 0.208676
2 0.0796683
3 0.0467451
4 0.0342232
5 0.0274142
6 0.0226271
7 0.0190108
8 0.0162458
9 0.0135464
10 0.0115757
11 0.0100236
12 0.00863775
13 0.00734476
14 0.00636993
15 0.00588029
16 0.00544056
17 0.00488328
18 0.00436284
19 0.00392067
20 0.00355144
21 0.00343326
22 0.00325952
23 0.00315375
24 0.00321096
25 0.00334733
26 0.00370776
27 0.00409566
28 0.00462211
29 0.00516216
30 0.00589031
31 0.0068443
32 0.00796749
33 0.00903501
34 0.0100884
35 0.0112059
36 0.0128569
37 0.0150334
38 0.0177021
39 0.0207295
40 0.0238738
41 0.0278206
42 0.0316241
43 0.0352946
44 0.0415429
45 0.0540575
46 0.0856585
47 0.210021
