0 1.38655
1 0.195043
2 0.0704422
3 0.0400754
4 0.0275438
5 0.0205679
6 0.0163725
7 0.0135621
8 0.0114778
9 0.00963178
10 0.00778515
11 0.00630458
12 0.00529234
13 0.00450278
14 0.00371319
15 0.003017
16 0.0024802
17 0.00197879
18 0.00157019
19 0.00122162
20 0.00100047
21 0.000875187
22 0.000795069
23 0.000763027
24 0.000810481
25 0.000862367
26 0.000957223
27 0.00112061
28 0.00128998
29 0.00155975
30 0.00195778
31 0.00253506
32 0.00305943
33 0.00354837
34 0.00382648
35 0.00412832
36 0.00466659
37 0.00551962
38 0.00676269
39 0.00820556
40 0.00988579
41 0.0123348
42 0.0153618
43 0.0190631
44 0.0249039
45 0.0371081
46 0.0697706
47 0.196816
