0 1.40335
1 0.209489
2 0.081511
3 0.0478412
4 0.0347264
5 0.0275879
6 0.0224816
7 0.0187466
8 0.0155291
9 0.0131522
10 0.0108044
11 0.00833737
12 0.00649345
13 0.00524913
14 0.00450041
15 0.00368612
16 0.00293672
17 0.00247202
18 0.00213632
19 0.00192611
20 0.00176864
21 0.00165193
22 0.00154415
23 0.00148215
24 0.00153183
25 0.00160134
26 0.00167174
27 0.0018188
28 0.00208914
29 0.00248481
30 0.00282409
31 0.00317051
32 0.00366053
33 0.00420165
34 0.00499673
35 0.00617679
36 0.00759179
37 0.00926134
38 0.0113386
39 0.0131128
40 0.0152021
41 0.018366
42 0.0230224
43 0.0295515
44 0.0382986
45 0.0523114
46 0.0836863
47 0.208708
