0 1.40288
1 0.207847
2 0.0801017
3 0.0478723
4 0.0358222
5 0.0284222
6 0.0233993
7 0.0191558
8 0.0153397
9 0.0126277
10 0.0107192
11 0.00926907
12 0.00801352
13 0.00677274
14 0.00564825
15 0.00466046
16 0.00396651
17 0.00337797
18 0.00291107
19 0.00261222
20 0.00243551
21 0.00223653
22 0.00203363
23 0.00192065
24 0.00177936
25 0.00164422
26 0.00163393
27 0.00170903
28 0.00186544
29 0.00206156
30 0.00214655
31 0.00230622
32 0.0024865
33 0.00281102
34 0.00329457
35 0.00390673
36 0.00473254
37 0.00588704
38 0.00741153
39 0.00919641
40 0.0115192
41 0.0144051
42 0.0179192
43 0.0224996
44 0.0291391
45 0.0415095
46 0.0749164
47 0.20346
