0 1.38424
1 0.192384
2 0.0671408
3 0.0361151
4 0.0245744
5 0.0185146
6 0.0144113
7 0.0112507
8 0.00893559
9 0.00736494
10 0.00624742
11 0.00520751
12 0.00427059
13 0.00343092
14 0.00279217
15 0.00239577
16 0.00211222
17 0.0018805
18 0.00172556
19 0.00161697
20 0.00155002
21 0.00152458
22 0.00150636
23 0.00148841
24 0.00149171
25 0.00150337
26 0.00162663
27 0.00180937
28 0.0019934
29 0.00217611
30 0.00241985
31 0.00277336
32 0.00322688
33 0.00369908
34 0.00436198
35 0.00535501
36 0.00657706
37 0.00786592
38 0.00937334
39 0.0111816
40 0.0134359
41 0.0160401
42 0.0191106
43 0.022966
44 0.0284439
45 0.040353
46 0.0719115
47 0.196668
