0 1.40018
1 0.205124
2 0.0790002
3 0.0465676
4 0.0342244
5 0.0280356
6 0.0236632
7 0.0206424
8 0.0176255
9 0.0142085
10 0.0110628
11 0.00910126
12 0.00769174
13 0.00635924
14 0.00512279
15 0.00427562
16 0.00373658
17 0.0034231
18 0.00330575
19 0.0031882
20 0.00305802
21 0.00292306
22 0.00283071
23 0.0027984
24 0.00287671
25 0.00307589
26 0.00338447
27 0.00383951
28 0.00438884
29 0.0049556
30 0.00559154
31 0.00636354
32 0.00730521
33 0.0083172
34 0.00932323
35 0.0105998
36 0.0122212
37 0.0135879
38 0.0153164
39 0.017436
40 0.0198851
41 0.0231005
42 0.027487
43 0.0324496
44 0.0386356
45 0.0502574
46 0.0812247
47 0.207107
