0 1.40706
1 0.210176
2 0.0846041
3 0.0529205
4 0.040747
5 0.0341756
6 0.0298736
7 0.0252979
8 0.0210923
9 0.0176145
10 0.0148223
11 0.0120711
12 0.0100467
13 0.0081737
14 0.00690432
15 0.00583561
16 0.00485965
17 0.0041371
18 0.00371648
19 0.00329729
20 0.00290549
21 0.00261466
22 0.00245602
23 0.00238187
24 0.00245587
25 0.00265361
26 0.00286976
27 0.00309595
28 0.00347292
29 0.00397882
30 0.0046795
31 0.00549349
32 0.00636463
33 0.00734868
34 0.00852547
35 0.00987484
36 0.0112286
37 0.0125797
38 0.0143505
39 0.0162688
40 0.0188305
41 0.0219316
42 0.0260796
43 0.031981
44 0.0403996
45 0.0529312
46 0.0849059
47 0.212161
