0 1.41187
1 0.21606
2 0.0883995
3 0.0570215
4 0.0440479
5 0.0364205
6 0.0307223
7 0.025942
8 0.0210027
9 0.0176327
10 0.0153111
11 0.0127513
12 0.0105778
13 0.00893352
14 0.00766549
15 0.00674547
16 0.00596182
17 0.00532123
18 0.00489039
19 0.00459357
20 0.0044145
21 0.00411053
22 0.00380508
23 0.00362758
24 0.00354614
25 0.0035278
26 0.00361406
27 0.00375616
28 0.00405344
29 0.00450248
30 0.00515128
31 0.00606408
32 0.00706026
33 0.00792873
34 0.00894764
35 0.0102024
36 0.011503
37 0.0129105
38 0.0146093
39 0.0170944
40 0.0202317
41 0.0247744
42 0.0298487
43 0.0368794
44 0.0457265
45 0.0588742
46 0.0912014
47 0.21799
