0 1.41138
1 0.215714
2 0.0850217
3 0.0488213
4 0.033809
5 0.0255191
6 0.0195665
7 0.0151012
8 0.0118558
9 0.00975666
10 0.00816926
11 0.00714816
12 0.00626842
13 0.00537538
14 0.00480454
15 0.00439208
16 0.00400413
17 0.00355736
18 0.00303606
19 0.00252047
20 0.00207736
21 0.00183043
22 0.00172664
23 0.00165332
24 0.00163325
25 0.0017027
26 0.0018452
27 0.00202032
28 0.00226018
29 0.00248812
30 0.00266985
31 0.00285327
32 0.00317474
33 0.00372464
34 0.00444257
35 0.00537433
36 0.00668378
37 0.00816393
38 0.0100601
39 0.0123256
40 0.014819
41 0.0181818
42 0.0220412
43 0.0266932
44 0.033837
45 0.046908
46 0.0802886
47 0.209227
