0 1.40475
1 0.204985
2 0.0753904
3 0.0420901
4 0.0294953
5 0.0233043
6 0.0198666
7 0.0178706
8 0.0160057
9 0.0139229
10 0.0123737
11 0.0109502
12 0.00965696
13 0.00819407
14 0.00695211
15 0.00612222
16 0.00540584
17 0.00468986
18 0.0040889
19 0.00356613
20 0.00319467
21 0.00288796
22 0.00277723
23 0.00273711
24 0.00272064
25 0.00278911
26 0.00292423
27 0.00318054
28 0.00361272
29 0.00409089
30 0.00458229
31 0.00517841
32 0.00576927
33 0.00648679
34 0.00769969
35 0.00968971
36 0.012148
37 0.0145489
38 0.0170095
39 0.0201386
40 0.0233145
41 0.0252488
42 0.0285065
43 0.0331689
44 0.0399864
45 0.0524135
46 0.0844496
47 0.210695
