0 1.40077
1 0.207561
2 0.081327
3 0.0492273
4 0.0367854
5 0.0302689
6 0.025417
7 0.0210897
8 0.0174082
9 0.0142517
10 0.0117235
11 0.00967624
12 0.00825325
13 0.00720987
14 0.00659117
15 0.00617538
16 0.00564438
17 0.00508137
18 0.00459907
19 0.00420535
20 0.00397676
21 0.0038319
22 0.00360849
23 0.00339105
24 0.00325061
25 0.00323921
26 0.00345485
27 0.00373918
28 0.0039831
29 0.00426942
30 0.00459852
31 0.00507403
32 0.00570638
33 0.00642026
34 0.00748896
35 0.00899142
36 0.0108675
37 0.0129242
38 0.0150827
39 0.017623
40 0.0208859
41 0.0249121
42 0.0292541
43 0.0339117
44 0.0398467
45 0.0523494
46 0.0848959
47 0.211208
