0 1.40364
1 0.206947
2 0.0797198
3 0.0463507
4 0.033298
5 0.0265497
6 0.0214279
7 0.0177168
8 0.0150068
9 0.0126226
10 0.0105694
11 0.00904905
12 0.00788531
13 0.00682292
14 0.00586324
15 0.00509694
16 0.00455363
17 0.00408912
18 0.00378489
19 0.00357342
20 0.00348039
21 0.00335096
22 0.00305632
23 0.00281605
24 0.00265981
25 0.00252898
26 0.00252579
27 0.0026461
28 0.00277879
29 0.00309227
30 0.00349796
31 0.00395698
32 0.00443455
33 0.00521198
34 0.00612808
35 0.00742307
36 0.00917162
37 0.0104706
38 0.0118187
39 0.0134684
40 0.0158244
41 0.0182023
42 0.0207935
43 0.0254087
44 0.0334382
45 0.0480455
46 0.0829368
47 0.210964
