0 1.39323
1 0.199361
2 0.073064
3 0.0413412
4 0.0292327
5 0.0225505
6 0.018384
7 0.0150614
8 0.0123281
9 0.010226
10 0.00873424
11 0.00766538
12 0.0067357
13 0.00562581
14 0.00459447
15 0.00383537
16 0.00320345
17 0.00267989
18 0.00234019
19 0.00210152
20 0.00194401
21 0.00176036
22 0.00175101
23 0.00181506
24 0.0018658
25 0.00194468
26 0.00207136
27 0.00233646
28 0.00268295
29 0.00307023
30 0.00349631
31 0.0038376
32 0.00416533
33 0.00462574
34 0.0051287
35 0.00561899
36 0.00647678
37 0.00758211
38 0.00888203
39 0.0104299
40 0.0124395
41 0.0150804
42 0.0182429
43 0.0222699
44 0.028654
45 0.0411393
46 0.0729411
47 0.198671
