0 1.40052
1 0.208436
2 0.08177
3 0.0498572
4 0.0368969
5 0.0300272
6 0.0253959
7 0.0220083
8 0.0195168
9 0.0173267
10 0.0153092
11 0.0131964
12 0.0110634
13 0.00966204
14 0.00847953
15 0.00721457
16 0.00596786
17 0.00500735
18 0.00424451
19 0.00349715
20 0.00286193
21 0.0024286
22 0.00215829
23 0.00206345
24 0.00203417
25 0.00196296
26 0.00189949
27 0.00185623
28 0.00194876
29 0.00214211
30 0.00235905
31 0.00250918
32 0.00280996
33 0.0032741
34 0.00383018
35 0.00462059
36 0.00597885
37 0.00769804
38 0.00942928
39 0.0116074
40 0.0141809
41 0.0176425
42 0.0225732
43 0.0280323
44 0.0354271
45 0.0492566
46 0.0810387
47 0.205097
