0 1.39993
1 0.204123
2 0.0778869
3 0.0458151
4 0.0333857
5 0.0263853
6 0.0217261
7 0.018522
8 0.0153868
9 0.0123607
10 0.0101719
11 0.00858278
12 0.00715299
13 0.00586302
14 0.0047151
15 0.00382127
16 0.0031945
17 0.00274156
18 0.00243976
19 0.00225685
20 0.0019804
21 0.00174563
22 0.00167842
23 0.00174431
24 0.00190787
25 0.00211929
26 0.00233175
27 0.00265206
28 0.00305487
29 0.00345103
30 0.00387551
31 0.00429017
32 0.00482467
33 0.00533177
34 0.00600127
35 0.00698803
36 0.00842268
37 0.0105776
38 0.0129678
39 0.0157771
40 0.0193752
41 0.0233489
42 0.0276701
43 0.0323703
44 0.0384709
45 0.0503414
46 0.0820873
47 0.208063
