0 1.3981
1 0.202849
2 0.0779261
3 0.0460059
4 0.0332063
5 0.0260291
6 0.0204129
7 0.0165264
8 0.0134873
9 0.0112208
10 0.00934818
11 0.00776422
12 0.00660088
13 0.00539883
14 0.00432459
15 0.00341077
16 0.00273577
17 0.00210237
18 0.00165729
19 0.00142839
20 0.00128013
21 0.00115874
22 0.00108588
23 0.00101349
24 0.000915201
25 0.000853651
26 0.00086132
27 0.000943848
28 0.00110357
29 0.00127143
30 0.00146709
31 0.00198055
32 0.00267125
33 0.00352462
34 0.00480112
35 0.00631441
36 0.00782067
37 0.00914071
38 0.0109174
39 0.0131053
40 0.0154322
41 0.0179876
42 0.0208595
43 0.0253207
44 0.0324765
45 0.0458409
46 0.0788281
47 0.207332
