0 1.40102
1 0.206878
2 0.0794521
3 0.047073
4 0.0346709
5 0.0280227
6 0.0237692
7 0.0201146
8 0.0168191
9 0.0139629
10 0.0117206
11 0.0100838
12 0.00864318
13 0.00732958
14 0.00597918
15 0.00468208
16 0.00365666
17 0.00292112
18 0.00241195
19 0.00203348
20 0.00178816
21 0.00168455
22 0.00168079
23 0.00173424
24 0.00183561
25 0.00195089
26 0.00210979
27 0.00236946
28 0.00261402
29 0.00302754
30 0.00371701
31 0.00466765
32 0.00563904
33 0.00656547
34 0.0074763
35 0.00855697
36 0.00970466
37 0.0109445
38 0.0124246
39 0.0137938
40 0.0155795
41 0.0177451
42 0.0205823
43 0.0243418
44 0.03098
45 0.0435911
46 0.0761318
47 0.203028
