0 1.4076
1 0.215944
2 0.0912344
3 0.0580467
4 0.0440261
5 0.0355057
6 0.0287129
7 0.0236303
8 0.020048
9 0.0167504
10 0.0137918
11 0.0113762
12 0.00943948
13 0.00811721
14 0.00706064
15 0.0062225
16 0.00558205
17 0.00480378
18 0.00412809
19 0.00353437
20 0.00324822
21 0.0030457
22 0.00292246
23 0.00290751
24 0.00280116
25 0.00265202
26 0.00256921
27 0.00252653
28 0.0026239
29 0.00285321
30 0.00310007
31 0.00346027
32 0.00398955
33 0.00487026
34 0.00587255
35 0.00693594
36 0.00821036
37 0.00968593
38 0.0115171
39 0.0136148
40 0.0157958
41 0.0181914
42 0.0218469
43 0.0270467
44 0.034972
45 0.0486131
46 0.0836548
47 0.212488
