0 1.3945
1 0.197136
2 0.0703832
3 0.0389766
4 0.0274461
5 0.0210701
6 0.0171814
7 0.014301
8 0.0117631
9 0.00958514
10 0.00827616
11 0.00690833
12 0.00556365
13 0.00442342
14 0.00361827
15 0.00296351
16 0.00253034
17 0.00213985
18 0.00176523
19 0.0015787
20 0.00141163
21 0.00127728
22 0.00124621
23 0.00125081
24 0.00124964
25 0.00131771
26 0.00143034
27 0.00152457
28 0.00165207
29 0.00185153
30 0.00220776
31 0.00264929
32 0.00302605
33 0.00335917
34 0.00374972
35 0.00427641
36 0.00497572
37 0.00598226
38 0.00752327
39 0.00945853
40 0.0116447
41 0.0149065
42 0.0190576
43 0.0239216
44 0.0302985
45 0.0425009
46 0.0740158
47 0.200859
