0 1.4121
1 0.215826
2 0.0858801
3 0.0508358
4 0.0373582
5 0.0304794
6 0.0258391
7 0.0217954
8 0.0188029
9 0.0165271
10 0.0147081
11 0.012746
12 0.0103269
13 0.00812757
14 0.00626723
15 0.00518583
16 0.00452579
17 0.00405508
18 0.00355199
19 0.00308236
20 0.00267821
21 0.00239451
22 0.00223226
23 0.00210871
24 0.00213181
25 0.00225021
26 0.00241153
27 0.00258673
28 0.00278356
29 0.00308762
30 0.00352624
31 0.00402959
32 0.00475777
33 0.00562976
34 0.00659894
35 0.00725698
36 0.00813087
37 0.00956454
38 0.011784
39 0.0153541
40 0.0204356
41 0.0256819
42 0.0301904
43 0.033108
44 0.036951
45 0.0476362
46 0.0812513
47 0.210635
