0 1.39256
1 0.200458
2 0.0757697
3 0.0452643
4 0.0322238
5 0.0249267
6 0.0205514
7 0.0175135
8 0.0150297
9 0.0127695
10 0.0105947
11 0.00889402
12 0.00768134
13 0.00674753
14 0.00581919
15 0.0048792
16 0.00403365
17 0.00328195
18 0.00268323
19 0.00219909
20 0.00189637
21 0.0017157
22 0.00158363
23 0.00152464
24 0.00155324
25 0.00160729
26 0.00174424
27 0.00197784
28 0.00221267
29 0.00257542
30 0.0031882
31 0.00403521
32 0.00471715
33 0.00537754
34 0.00580811
35 0.00631252
36 0.00704178
37 0.00804418
38 0.00945799
39 0.0111194
40 0.0129055
41 0.0153881
42 0.018431
43 0.0220971
44 0.0280619
45 0.0406796
46 0.073715
47 0.20145
