0 1.40523
1 0.207375
2 0.0809775
3 0.0484994
4 0.0362156
5 0.0295693
6 0.0256549
7 0.0220758
8 0.018627
9 0.0162561
10 0.0142632
11 0.0117738
12 0.00997052
13 0.00827937
14 0.00705561
15 0.00624993
16 0.00547982
17 0.0047556
18 0.00414908
19 0.00366885
20 0.00330028
21 0.00302423
22 0.00281531
23 0.0026941
24 0.00252079
25 0.00239772
26 0.00235409
27 0.00246836
28 0.00270646
29 0.00311721
30 0.0036729
31 0.00435567
32 0.00507048
33 0.00567706
34 0.00646192
35 0.00753894
36 0.00915636
37 0.0110777
38 0.0133891
39 0.0157302
40 0.0183321
41 0.0214338
42 0.0255986
43 0.0313872
44 0.0399664
45 0.0536439
46 0.0853509
47 0.212343
