0 1.40836
1 0.212891
2 0.0854105
3 0.051169
4 0.0369767
5 0.0293037
6 0.0241017
7 0.0198919
8 0.0162713
9 0.0131154
10 0.0109281
11 0.00921851
12 0.00786035
13 0.00705678
14 0.00636968
15 0.00567611
16 0.00515966
17 0.00447336
18 0.00393707
19 0.00344464
20 0.00297581
21 0.00264358
22 0.00241992
23 0.00225487
24 0.00217813
25 0.00219346
26 0.00230788
27 0.00239582
28 0.00255589
29 0.0028138
30 0.00323558
31 0.0036566
32 0.00427297
33 0.00521689
34 0.00636777
35 0.00768288
36 0.00922189
37 0.0106659
38 0.012401
39 0.0147228
40 0.0171067
41 0.0200641
42 0.0240207
43 0.029739
44 0.0375094
45 0.0498018
46 0.0824309
47 0.210165
