0 1.40939
1 0.218142
2 0.0889644
3 0.0543875
4 0.0399805
5 0.0307198
6 0.0241519
7 0.0201459
8 0.0169385
9 0.0140028
10 0.011677
11 0.00973476
12 0.00812423
13 0.00691501
14 0.00585418
15 0.00496332
16 0.00428173
17 0.00368486
18 0.00323868
19 0.00288358
20 0.00260329
21 0.00246066
22 0.00242929
23 0.00242775
24 0.00242893
25 0.00257188
26 0.00271354
27 0.00304956
28 0.00344824
29 0.00383899
30 0.0042983
31 0.00513516
32 0.00595005
33 0.00667085
34 0.0074533
35 0.00831688
36 0.00955845
37 0.0110521
38 0.0131627
39 0.0156957
40 0.0183151
41 0.0215209
42 0.025464
43 0.03025
44 0.0379605
45 0.0523655
46 0.0851236
47 0.214664
