0 1.41209
1 0.218143
2 0.0908982
3 0.0588218
4 0.0451971
5 0.0367419
6 0.0296776
7 0.0237604
8 0.0193776
9 0.0159416
10 0.0134361
11 0.0111286
12 0.00904531
13 0.00713791
14 0.00576936
15 0.00487115
16 0.00429926
17 0.00388309
18 0.00354204
19 0.00313471
20 0.00267709
21 0.00227396
22 0.00197993
23 0.00180546
24 0.00164496
25 0.00152579
26 0.00152069
27 0.00151717
28 0.00158948
29 0.00177115
30 0.00204564
31 0.00233336
32 0.0026666
33 0.00306242
34 0.00363683
35 0.00429116
36 0.00523367
37 0.00659145
38 0.0082553
39 0.00998609
40 0.0128006
41 0.0175806
42 0.0234062
43 0.0299628
44 0.0387918
45 0.0534888
46 0.0870274
47 0.213946
