0 1.41061
1 0.215715
2 0.0894398
3 0.0558672
4 0.0417011
5 0.0343679
6 0.0287092
7 0.0245624
8 0.0204779
9 0.0168263
10 0.0143489
11 0.012005
12 0.0101614
13 0.00817158
14 0.00664162
15 0.00539499
16 0.00442281
17 0.00371961
18 0.00321883
19 0.00286583
20 0.0025298
21 0.00227175
22 0.00194925
23 0.00175536
24 0.00169155
25 0.00174988
26 0.00193329
27 0.00229404
28 0.00267291
29 0.00312193
30 0.00348719
31 0.00388118
32 0.00433937
33 0.00501541
34 0.00578537
35 0.00669755
36 0.00794879
37 0.00955901
38 0.0114398
39 0.0135671
40 0.016738
41 0.0209028
42 0.02643
43 0.0336693
44 0.0435435
45 0.0594545
46 0.0923291
47 0.218576
