0 1.40663
1 0.211112
2 0.0829652
3 0.0481079
4 0.0327434
5 0.0238321
6 0.0183807
7 0.0151136
8 0.0130754
9 0.0112552
10 0.00962862
11 0.00811402
12 0.00670278
13 0.00542852
14 0.0044642
15 0.00379849
16 0.00338155
17 0.00311414
18 0.003014
19 0.00286439
20 0.00270382
21 0.00267249
22 0.00261761
23 0.00253545
24 0.00243249
25 0.00240298
26 0.00255071
27 0.00273067
28 0.00306252
29 0.00350597
30 0.00390013
31 0.00430286
32 0.0048436
33 0.00557135
34 0.00644398
35 0.00739674
36 0.00873245
37 0.010051
38 0.0116432
39 0.0141697
40 0.0172196
41 0.0210143
42 0.0256991
43 0.0313885
44 0.0398032
45 0.0536626
46 0.085777
47 0.211659
