0 1.40295
1 0.212398
2 0.0831887
3 0.04794
4 0.0340839
5 0.0267951
6 0.0219733
7 0.0190813
8 0.0162436
9 0.0137579
10 0.0112863
11 0.00910562
12 0.00704523
13 0.00562028
14 0.00464613
15 0.00385308
16 0.00323375
17 0.00272097
18 0.00225937
19 0.00185308
20 0.00161809
21 0.00155761
22 0.00154876
23 0.00156497
24 0.00168867
25 0.00182583
26 0.00197076
27 0.00212028
28 0.0023498
29 0.00268715
30 0.00314553
31 0.00377246
32 0.00467018
33 0.00573053
34 0.00684109
35 0.00807009
36 0.00953539
37 0.0113774
38 0.0134515
39 0.0155769
40 0.0184411
41 0.0217262
42 0.0258535
43 0.0305948
44 0.0366644
45 0.0500956
46 0.0819754
47 0.206606
