0 1.41355
1 0.217472
2 0.0900133
3 0.0560484
4 0.0417451
5 0.0335302
6 0.0285946
7 0.024194
8 0.0199304
9 0.0163977
10 0.0131886
11 0.0106195
12 0.00822887
13 0.00629405
14 0.00487826
15 0.00399242
16 0.00327427
17 0.00278455
18 0.00245349
19 0.00226407
20 0.00223919
21 0.00222386
22 0.00210449
23 0.00202716
24 0.00203304
25 0.00215763
26 0.00235042
27 0.0026
28 0.00280173
29 0.00296551
30 0.00324314
31 0.00367854
32 0.00432591
33 0.00512521
34 0.00631292
35 0.00784992
36 0.00985767
37 0.0125258
38 0.0149809
39 0.0180084
40 0.0215349
41 0.0253577
42 0.0302488
43 0.0364753
44 0.0428121
45 0.0549807
46 0.0883194
47 0.217302
