0 1.40586
1 0.209922
2 0.0834319
3 0.0510727
4 0.0392318
5 0.0327139
6 0.0279276
7 0.0241678
8 0.0207203
9 0.0175117
10 0.0145649
11 0.011921
12 0.00953966
13 0.00789027
14 0.0067999
15 0.00581663
16 0.00490185
17 0.00417637
18 0.00362656
19 0.00326362
20 0.0028811
21 0.00262534
22 0.00256386
23 0.00252158
24 0.00255868
25 0.00263303
26 0.00271026
27 0.00281376
28 0.00297449
29 0.00321262
30 0.00339982
31 0.00380227
32 0.00437109
33 0.00502985
34 0.00578294
35 0.00687616
36 0.00818637
37 0.0100376
38 0.0126422
39 0.0159439
40 0.0193884
41 0.022709
42 0.0266299
43 0.0324316
44 0.0395823
45 0.0525874
46 0.0867666
47 0.213754
