0 1.41044
1 0.212159
2 0.0803711
3 0.0448361
4 0.0303263
5 0.0229417
6 0.0185995
7 0.0159265
8 0.0137989
9 0.0113287
10 0.00899202
11 0.00746626
12 0.00610143
13 0.00468661
14 0.00344828
15 0.00271255
16 0.00222937
17 0.00193783
18 0.00176778
19 0.0016183
20 0.00141597
21 0.0012562
22 0.00107463
23 0.000962647
24 0.000940728
25 0.000995021
26 0.00116809
27 0.00139559
28 0.00177572
29 0.00223193
30 0.00275117
31 0.00332279
32 0.00391834
33 0.00458619
34 0.00544902
35 0.00670384
36 0.00816878
37 0.0101209
38 0.0122474
39 0.0142679
40 0.0169387
41 0.0198096
42 0.0228007
43 0.026869
44 0.034547
45 0.0485059
46 0.084643
47 0.216634
