0 1.40209
1 0.211728
2 0.0849387
3 0.051666
4 0.037789
5 0.0299703
6 0.0252907
7 0.0217665
8 0.0178335
9 0.0143507
10 0.011324
11 0.0091898
12 0.00727536
13 0.00577742
14 0.0046519
15 0.00387673
16 0.00326987
17 0.00273232
18 0.00234472
19 0.00202754
20 0.00178758
21 0.00163685
22 0.00151877
23 0.00142139
24 0.00145263
25 0.00152726
26 0.00162084
27 0.00182774
28 0.00212314
29 0.00250108
30 0.00290909
31 0.00339376
32 0.00393563
33 0.00432653
34 0.00499275
35 0.00592713
36 0.00722166
37 0.00896328
38 0.0109197
39 0.0130674
40 0.0156534
41 0.0193073
42 0.024243
43 0.029741
44 0.0373434
45 0.0518403
46 0.0844347
47 0.211189
