0 1.39668
1 0.203116
2 0.0786997
3 0.0473955
4 0.0351768
5 0.0285479
6 0.023458
7 0.0192691
8 0.0161347
9 0.0133616
10 0.0111468
11 0.00976499
12 0.0084108
13 0.00731874
14 0.00639263
15 0.00560468
16 0.00471183
17 0.00378326
18 0.00316251
19 0.00263144
20 0.00220844
21 0.00189101
22 0.00162028
23 0.00141179
24 0.00127014
25 0.00121629
26 0.00118236
27 0.00112822
28 0.00112032
29 0.00126595
30 0.00140795
31 0.00157879
32 0.00200454
33 0.00271088
34 0.00352069
35 0.00453551
36 0.00599672
37 0.00780243
38 0.0101852
39 0.012777
40 0.0154665
41 0.0181929
42 0.0213876
43 0.0250897
44 0.0306864
45 0.0414705
46 0.0723703
47 0.198564
