0 1.39853
1 0.204674
2 0.0776433
3 0.0450244
4 0.0330515
5 0.0278068
6 0.0247671
7 0.0222695
8 0.0202616
9 0.0186159
10 0.0162157
11 0.0138464
12 0.011718
13 0.00969908
14 0.00791989
15 0.00641541
16 0.00535717
17 0.00469318
18 0.00427608
19 0.00397233
20 0.00365685
21 0.00331418
22 0.00313546
23 0.00309699
24 0.00314324
25 0.00320856
26 0.00351334
27 0.00388764
28 0.00433639
29 0.00500363
30 0.00590247
31 0.00684369
32 0.00764326
33 0.00838213
34 0.00895199
35 0.0095061
36 0.0104534
37 0.0115457
38 0.0132577
39 0.0157024
40 0.0186437
41 0.0225523
42 0.0266544
43 0.0315632
44 0.0384489
45 0.0496492
46 0.0798665
47 0.205035
