0 1.39353
1 0.2
2 0.0730615
3 0.042305
4 0.0301433
5 0.0229187
6 0.018127
7 0.0146933
8 0.0119102
9 0.0102426
10 0.00896016
11 0.00761838
12 0.00629
13 0.00515326
14 0.00452443
15 0.00410495
16 0.00367358
17 0.00316171
18 0.00264602
19 0.00226356
20 0.00202885
21 0.00187111
22 0.00184416
23 0.00181497
24 0.00177966
25 0.00181835
26 0.00185996
27 0.0018976
28 0.00196245
29 0.00211146
30 0.00246773
31 0.00297604
32 0.00357012
33 0.00417862
34 0.00472185
35 0.00567564
36 0.00703045
37 0.00851226
38 0.0101667
39 0.0122483
40 0.0146561
41 0.0174568
42 0.0210864
43 0.0251748
44 0.0304082
45 0.0399827
46 0.070791
47 0.197358
