0 1.38561
1 0.193144
2 0.0664978
3 0.0355973
4 0.0246956
5 0.0194102
6 0.0160297
7 0.013505
8 0.0113305
9 0.0095293
10 0.00795955
11 0.00677667
12 0.00583291
13 0.00477024
14 0.0038087
15 0.00308904
16 0.00262222
17 0.0023302
18 0.0020191
19 0.00171886
20 0.00140635
21 0.00112554
22 0.00101176
23 0.00098625
24 0.000935148
25 0.000900012
26 0.000891653
27 0.000895515
28 0.000937716
29 0.00105963
30 0.00126576
31 0.00147617
32 0.00177203
33 0.0021157
34 0.00258305
35 0.003228
36 0.00407053
37 0.00529354
38 0.00671065
39 0.00859136
40 0.0111165
41 0.0141545
42 0.0181019
43 0.0226802
44 0.028968
45 0.0394452
46 0.0683518
47 0.192567
