0 1.40253
1 0.208958
2 0.0840034
3 0.0545398
4 0.0442256
5 0.0384292
6 0.0331975
7 0.0296726
8 0.0256029
9 0.0206793
10 0.0171043
11 0.0141495
12 0.0117339
13 0.00962653
14 0.00794907
15 0.00654159
16 0.00546889
17 0.00466794
18 0.0040736
19 0.00379726
20 0.00355106
21 0.00352391
22 0.00349123
23 0.00329796
24 0.00313389
25 0.00307405
26 0.00319417
27 0.00352001
28 0.00393064
29 0.00435129
30 0.00478525
31 0.00532576
32 0.00590015
33 0.00648441
34 0.00733561
35 0.00881654
36 0.0105735
37 0.0122029
38 0.0133096
39 0.0148529
40 0.0170208
41 0.0205348
42 0.0252441
43 0.0310031
44 0.03853
45 0.0506052
46 0.0825141
47 0.207346
