0 1.39705
1 0.201305
2 0.0750887
3 0.0437984
4 0.0313207
5 0.0235973
6 0.0185819
7 0.0146984
8 0.0117437
9 0.00952211
10 0.00835808
11 0.00737882
12 0.00646534
13 0.00574965
14 0.00507304
15 0.00437404
16 0.00365415
17 0.00320703
18 0.00278939
19 0.00247523
20 0.002154
21 0.00188041
22 0.00170109
23 0.00153307
24 0.00146085
25 0.00147796
26 0.00160732
27 0.00178204
28 0.00206016
29 0.00244258
30 0.00282181
31 0.00313515
32 0.00343349
33 0.00388504
34 0.00459937
35 0.00570106
36 0.00698799
37 0.00843771
38 0.00992127
39 0.0115239
40 0.0135257
41 0.0161441
42 0.0196936
43 0.024429
44 0.0309972
45 0.0428158
46 0.0744917
47 0.200464
