0 1.39373
1 0.202881
2 0.0755156
3 0.042555
4 0.0299902
5 0.0235143
6 0.0199741
7 0.0181695
8 0.0163918
9 0.0140557
10 0.0116657
11 0.00995482
12 0.00878702
13 0.00757864
14 0.00645571
15 0.00557947
16 0.00470469
17 0.00392053
18 0.00339061
19 0.0030356
20 0.0027876
21 0.00265285
22 0.0025352
23 0.00241099
24 0.00235716
25 0.0024273
26 0.00255093
27 0.00266696
28 0.00282615
29 0.00307729
30 0.0033971
31 0.00373583
32 0.00414833
33 0.00471308
34 0.00533922
35 0.0059789
36 0.00684454
37 0.00817863
38 0.00987347
39 0.011904
40 0.0145854
41 0.0177287
42 0.0213083
43 0.02472
44 0.0302951
45 0.0419477
46 0.0732454
47 0.198999
