0 1.39206
1 0.199998
2 0.0738184
3 0.0416512
4 0.0286988
5 0.0214937
6 0.0168381
7 0.014007
8 0.0117641
9 0.00976262
10 0.00821149
11 0.00681912
12 0.00580516
13 0.00520799
14 0.00489967
15 0.00454082
16 0.00415996
17 0.00374307
18 0.00343969
19 0.00324645
20 0.00309522
21 0.00285621
22 0.00273219
23 0.00272734
24 0.00279
25 0.00301287
26 0.00319891
27 0.00338132
28 0.00375505
29 0.00430924
30 0.00497355
31 0.00564794
32 0.00645646
33 0.00760542
34 0.00910271
35 0.010495
36 0.0115395
37 0.0132978
38 0.0155322
39 0.0173768
40 0.0192077
41 0.0213154
42 0.0242454
43 0.0281668
44 0.0356312
45 0.0482704
46 0.0788029
47 0.2025
