0 1.4053
1 0.210666
2 0.0845414
3 0.052483
4 0.0409211
5 0.0337932
6 0.0277518
7 0.0233452
8 0.0189865
9 0.0148183
10 0.0118498
11 0.00950674
12 0.00767892
13 0.00606218
14 0.00498645
15 0.00427711
16 0.00368361
17 0.00327074
18 0.00299453
19 0.0027927
20 0.00260461
21 0.00244974
22 0.00232647
23 0.00220728
24 0.0021168
25 0.0021116
26 0.00216678
27 0.00226691
28 0.00243051
29 0.00265242
30 0.00288244
31 0.00316862
32 0.00355231
33 0.00404067
34 0.00473687
35 0.00554548
36 0.00648203
37 0.00769852
38 0.00933524
39 0.0115897
40 0.0144588
41 0.0176492
42 0.0221837
43 0.0280727
44 0.0363022
45 0.0498916
46 0.0832149
47 0.210577
