0 1.38989
1 0.196794
2 0.0710932
3 0.0374701
4 0.0253728
5 0.0197878
6 0.0160306
7 0.012848
8 0.0103415
9 0.00815933
10 0.00668146
11 0.00552155
12 0.00442404
13 0.00343125
14 0.00267634
15 0.00216584
16 0.00181853
17 0.00150505
18 0.00121765
19 0.000994035
20 0.000853273
21 0.000741442
22 0.000594429
23 0.000508713
24 0.000487239
25 0.000511222
26 0.00060107
27 0.000725293
28 0.000865267
29 0.00107077
30 0.00135053
31 0.00165336
32 0.00196494
33 0.00245558
34 0.00300455
35 0.00362199
36 0.00443042
37 0.0055613
38 0.00706343
39 0.00923018
40 0.0115922
41 0.0140049
42 0.0178867
43 0.0232257
44 0.0313041
45 0.0451172
46 0.0766886
47 0.199658
