0 1.41166
1 0.216786
2 0.0912185
3 0.0581337
4 0.0451413
5 0.0378985
6 0.0321709
7 0.0277167
8 0.0240318
9 0.0201371
10 0.0170548
11 0.0141538
12 0.0114074
13 0.00973559
14 0.00856074
15 0.00736041
16 0.00624126
17 0.0050146
18 0.0037543
19 0.00302431
20 0.00260113
21 0.00242766
22 0.00245642
23 0.00248958
24 0.00248593
25 0.00258935
26 0.0028706
27 0.00326425
28 0.00370775
29 0.00418134
30 0.00473252
31 0.00537332
32 0.00603657
33 0.00699292
34 0.00836336
35 0.00958404
36 0.0110922
37 0.013061
38 0.0151132
39 0.0175392
40 0.0209068
41 0.0246637
42 0.0283928
43 0.0334308
44 0.0411755
45 0.0553531
46 0.0896502
47 0.218438
