0 1.41346
1 0.21692
2 0.0870048
3 0.0520995
4 0.0386609
5 0.0318968
6 0.0273416
7 0.0232839
8 0.0202755
9 0.0181683
10 0.0164767
11 0.0145237
12 0.0120142
13 0.00969347
14 0.00762938
15 0.00636443
16 0.0055607
17 0.00498404
18 0.00439536
19 0.00384503
20 0.00335754
21 0.00305258
22 0.00290544
23 0.00279834
24 0.00283798
25 0.00295278
26 0.00309073
27 0.00323936
28 0.00343666
29 0.00377249
30 0.00427391
31 0.00484881
32 0.00564069
33 0.00654582
34 0.00755389
35 0.00828126
36 0.0091515
37 0.0105514
38 0.0127113
39 0.0162321
40 0.0213101
41 0.0266512
42 0.0313745
43 0.0342984
44 0.0381612
45 0.0488283
46 0.0824178
47 0.21177
