0 1.39263
1 0.202044
2 0.0765769
3 0.0437967
4 0.030937
5 0.0243186
6 0.0199002
7 0.0162166
8 0.0131041
9 0.0110418
10 0.00960993
11 0.00839702
12 0.00728579
13 0.00598054
14 0.00489373
15 0.00405256
16 0.0033521
17 0.00280135
18 0.00243454
19 0.00211067
20 0.00173331
21 0.00145515
22 0.00132146
23 0.00129493
24 0.00133967
25 0.00132686
26 0.00131577
27 0.00136323
28 0.00143016
29 0.00151182
30 0.00168859
31 0.00201048
32 0.00244069
33 0.00300271
34 0.00365592
35 0.00448485
36 0.0056525
37 0.00753399
38 0.00977923
39 0.012069
40 0.0153051
41 0.0186189
42 0.02182
43 0.0260987
44 0.033188
45 0.0458265
46 0.0771908
47 0.201619
