0 1.39724
1 0.204218
2 0.0809285
3 0.0510866
4 0.0378443
5 0.0295348
6 0.0238834
7 0.0203097
8 0.0176505
9 0.0152236
10 0.0128819
11 0.0108536
12 0.00954961
13 0.00876059
14 0.00790735
15 0.00687996
16 0.00600108
17 0.00515211
18 0.00457825
19 0.00418711
20 0.0040096
21 0.0037752
22 0.00359918
23 0.00351315
24 0.00333326
25 0.00319405
26 0.0030829
27 0.00309489
28 0.00323725
29 0.00343229
30 0.00364058
31 0.00394289
32 0.00435019
33 0.00486625
34 0.00557346
35 0.00664677
36 0.00774664
37 0.00930829
38 0.0112974
39 0.0134226
40 0.01608
41 0.0190302
42 0.0226551
43 0.0278149
44 0.0359732
45 0.0483506
46 0.0790096
47 0.20374
