0 1.38656
1 0.194752
2 0.0706718
3 0.0404488
4 0.0277909
5 0.0207258
6 0.0163678
7 0.0131205
8 0.0110113
9 0.00941673
10 0.00771956
11 0.00633634
12 0.0052233
13 0.00449969
14 0.0040292
15 0.00343001
16 0.00283753
17 0.00237165
18 0.00203771
19 0.00173814
20 0.00148622
21 0.0013291
22 0.00123951
23 0.00116797
24 0.00112376
25 0.00114374
26 0.00124184
27 0.00138231
28 0.00160838
29 0.00192546
30 0.00228136
31 0.00268693
32 0.00317244
33 0.00357151
34 0.00394261
35 0.0044073
36 0.00495326
37 0.00579262
38 0.00705458
39 0.00860444
40 0.0102692
41 0.0125355
42 0.0162467
43 0.0207783
44 0.0274196
45 0.0400559
46 0.0707507
47 0.194656
