0 1.40167
1 0.201266
2 0.0753894
3 0.0450442
4 0.033125
5 0.0260963
6 0.0212199
7 0.0174996
8 0.0142862
9 0.0119375
10 0.0100341
11 0.0083075
12 0.006982
13 0.00608078
14 0.00536844
15 0.00492442
16 0.00474836
17 0.00452198
18 0.00422905
19 0.00382792
20 0.00340544
21 0.00304094
22 0.00276603
23 0.00265362
24 0.00259152
25 0.00258767
26 0.00254506
27 0.00249323
28 0.00250314
29 0.00270634
30 0.00306747
31 0.00357125
32 0.00418282
33 0.00489505
34 0.005767
35 0.00662648
36 0.00753288
37 0.00888691
38 0.0110423
39 0.0140112
40 0.0172701
41 0.0210328
42 0.0256838
43 0.0308399
44 0.0381625
45 0.0517581
46 0.084455
47 0.210434
