0 1.39649
1 0.203497
2 0.0774315
3 0.0456964
4 0.0334095
5 0.0264099
6 0.0218204
7 0.0186766
8 0.0166438
9 0.0149705
10 0.0135358
11 0.0118943
12 0.0100893
13 0.00843171
14 0.00716467
15 0.00615219
16 0.00517287
17 0.00422698
18 0.00339196
19 0.00279333
20 0.00235892
21 0.00213585
22 0.00202262
23 0.00196036
24 0.0019299
25 0.00196466
26 0.00203355
27 0.00215618
28 0.00232427
29 0.0025574
30 0.00287754
31 0.003403
32 0.00404213
33 0.00474361
34 0.00546954
35 0.00620087
36 0.00706986
37 0.008113
38 0.00936721
39 0.0110505
40 0.0131007
41 0.0160787
42 0.0195995
43 0.0242214
44 0.0311494
45 0.0434991
46 0.0746838
47 0.19929
