0 1.39392
1 0.201436
2 0.0754658
3 0.0442391
4 0.0327908
5 0.0249746
6 0.0187252
7 0.0145957
8 0.0119695
9 0.0102899
10 0.00896293
11 0.00784521
12 0.00690017
13 0.00591574
14 0.00501424
15 0.00418672
16 0.00349386
17 0.00298543
18 0.00258131
19 0.00226403
20 0.00201659
21 0.00187759
22 0.00181547
23 0.00173731
24 0.00169779
25 0.00172993
26 0.001835
27 0.00198321
28 0.002153
29 0.00237435
30 0.00273484
31 0.00324688
32 0.00385907
33 0.00455795
34 0.00528105
35 0.00617678
36 0.007267
37 0.00857785
38 0.0100873
39 0.011684
40 0.0137188
41 0.0162571
42 0.019542
43 0.0240773
44 0.0307125
45 0.0422677
46 0.0739547
47 0.199196
