0 1.39241
1 0.201242
2 0.0780469
3 0.0462368
4 0.0327087
5 0.0250653
6 0.0198501
7 0.0153487
8 0.0122312
9 0.0099752
10 0.00816176
11 0.00688423
12 0.00614331
13 0.00561185
14 0.00513908
15 0.00437348
16 0.00360113
17 0.00303977
18 0.00269692
19 0.00230937
20 0.00197687
21 0.00174524
22 0.00160788
23 0.00153917
24 0.00157708
25 0.00159087
26 0.00160237
27 0.00166486
28 0.00180875
29 0.00206767
30 0.00243302
31 0.00286847
32 0.00345946
33 0.0041706
34 0.0050648
35 0.00623414
36 0.00763251
37 0.00899891
38 0.0107754
39 0.0122303
40 0.0138486
41 0.0157297
42 0.0183403
43 0.0221501
44 0.0279307
45 0.0394061
46 0.0703777
47 0.196078
