0 1.3995
1 0.213611
2 0.087877
3 0.056168
4 0.0438115
5 0.0357414
6 0.0301177
7 0.0251686
8 0.0208752
9 0.0179297
10 0.0157902
11 0.0136509
12 0.0115539
13 0.00984302
14 0.0082843
15 0.00688938
16 0.00565046
17 0.00464464
18 0.00408391
19 0.0037056
20 0.00352052
21 0.00339197
22 0.00325817
23 0.00308593
24 0.00294675
25 0.00296933
26 0.00307037
27 0.00317776
28 0.00338488
29 0.00357848
30 0.0038234
31 0.00421427
32 0.00487179
33 0.00565155
34 0.00650076
35 0.00745548
36 0.0086962
37 0.010344
38 0.0117495
39 0.0131628
40 0.0147598
41 0.0166568
42 0.019949
43 0.0248268
44 0.0313553
45 0.0437888
46 0.0769522
47 0.205305
