0 1.38353
1 0.196318
2 0.0720923
3 0.0415869
4 0.0300919
5 0.0238393
6 0.0196927
7 0.0160867
8 0.0127679
9 0.01033
10 0.00830679
11 0.00677055
12 0.00595449
13 0.00549123
14 0.00500808
15 0.00427916
16 0.00338997
17 0.00266104
18 0.0021238
19 0.0018116
20 0.00160287
21 0.00141227
22 0.00128712
23 0.0012082
24 0.00123311
25 0.00131055
26 0.00138154
27 0.00145823
28 0.00157297
29 0.00168136
30 0.00177592
31 0.00200418
32 0.00237425
33 0.00283743
34 0.00339657
35 0.00410406
36 0.00513032
37 0.00619001
38 0.00729358
39 0.00870274
40 0.01016
41 0.0121475
42 0.0147977
43 0.0182513
44 0.024324
45 0.0357813
46 0.0659105
47 0.188995
