0 1.4041
1 0.212475
2 0.0854799
3 0.0514104
4 0.0375959
5 0.0291732
6 0.0233619
7 0.0192424
8 0.0156748
9 0.0131274
10 0.0113823
11 0.00992663
12 0.00843314
13 0.00701652
14 0.00581854
15 0.00494964
16 0.00432389
17 0.00385165
18 0.00345364
19 0.00309772
20 0.00281249
21 0.00263379
22 0.00255222
23 0.00243892
24 0.00246528
25 0.00265218
26 0.00288747
27 0.0031319
28 0.00332909
29 0.00349366
30 0.00381867
31 0.00416609
32 0.00467903
33 0.00547362
34 0.00645436
35 0.00748452
36 0.00867816
37 0.0101997
38 0.0122963
39 0.0152141
40 0.0181204
41 0.0217296
42 0.0258583
43 0.0308298
44 0.0377848
45 0.0503604
46 0.0813361
47 0.207412
