0 1.42313
1 0.226588
2 0.0989695
3 0.0651012
4 0.0505887
5 0.0410182
6 0.033807
7 0.0276538
8 0.0243442
9 0.0217463
10 0.0186991
11 0.01622
12 0.0141694
13 0.0121945
14 0.0103351
15 0.00884673
16 0.0076992
17 0.00681432
18 0.00599013
19 0.00521923
20 0.00472776
21 0.004421
22 0.00409546
23 0.00388409
24 0.00385727
25 0.00379285
26 0.00360589
27 0.00354337
28 0.0036936
29 0.00412537
30 0.00478173
31 0.00554658
32 0.00617871
33 0.00699353
34 0.00816968
35 0.00923239
36 0.0102092
37 0.0117046
38 0.0138222
39 0.0166144
40 0.0198645
41 0.0238183
42 0.0288414
43 0.0350714
44 0.0451726
45 0.0611342
46 0.0961202
47 0.22681
