0 1.41646
1 0.229104
2 0.104621
3 0.0716586
4 0.0564333
5 0.0462811
6 0.0388162
7 0.0330204
8 0.028295
9 0.0242548
10 0.0210607
11 0.0185441
12 0.0156899
13 0.0130737
14 0.0111719
15 0.00980256
16 0.00871398
17 0.00787192
18 0.00713887
19 0.00638857
20 0.00565624
21 0.00509944
22 0.00482829
23 0.00452832
24 0.00424696
25 0.00417155
26 0.00424463
27 0.00433511
28 0.00445846
29 0.00458757
30 0.00485925
31 0.00527017
32 0.00602575
33 0.00698497
34 0.00794468
35 0.00895734
36 0.010163
37 0.0115676
38 0.0139448
39 0.0167864
40 0.0193898
41 0.0231363
42 0.0277567
43 0.0336359
44 0.0425588
45 0.0579187
46 0.0935482
47 0.222842
