0 1.39796
1 0.212038
2 0.086432
3 0.0548046
4 0.0424793
5 0.0346883
6 0.0294209
7 0.0247585
8 0.0205538
9 0.0176075
10 0.0154902
11 0.0134892
12 0.0115119
13 0.00986175
14 0.00825106
15 0.00676799
16 0.00552555
17 0.00455595
18 0.00400835
19 0.00362751
20 0.00342999
21 0.00328586
22 0.00314509
23 0.00296331
24 0.0028171
25 0.00282729
26 0.00289159
27 0.00293396
28 0.00309266
29 0.00326326
30 0.00347351
31 0.00384815
32 0.00451829
33 0.00530612
34 0.00613929
35 0.00708651
36 0.00835705
37 0.0100052
38 0.0113426
39 0.0126053
40 0.0141505
41 0.0160652
42 0.0192794
43 0.024106
44 0.0306952
45 0.043142
46 0.0762373
47 0.204237
