0 1.40237
1 0.206282
2 0.076917
3 0.0441914
4 0.0319572
5 0.0247298
6 0.0201822
7 0.0166205
8 0.013639
9 0.0113197
10 0.00946267
11 0.00772755
12 0.00600667
13 0.004806
14 0.00397564
15 0.00331064
16 0.0028992
17 0.00259345
18 0.00228494
19 0.00196269
20 0.00169712
21 0.00158879
22 0.00150884
23 0.00136341
24 0.00116522
25 0.00112128
26 0.00121453
27 0.00133198
28 0.0014669
29 0.00177545
30 0.00202493
31 0.00217642
32 0.00248932
33 0.00311754
34 0.00400573
35 0.00513046
36 0.00631384
37 0.00779555
38 0.00965382
39 0.012261
40 0.0158337
41 0.0201225
42 0.0239561
43 0.0294877
44 0.038017
45 0.0528988
46 0.0850193
47 0.209297
