0 1.40658
1 0.211779
2 0.0854517
3 0.0522033
4 0.0396329
5 0.034005
6 0.030037
7 0.0255906
8 0.0218772
9 0.0181477
10 0.0157126
11 0.0135082
12 0.0114856
13 0.00974981
14 0.00853614
15 0.007459
16 0.0064384
17 0.00548306
18 0.00461407
19 0.00391803
20 0.00354807
21 0.00344735
22 0.00339844
23 0.00342093
24 0.00336939
25 0.0032968
26 0.00345249
27 0.00380552
28 0.00409131
29 0.00422151
30 0.00443293
31 0.00489128
32 0.00556976
33 0.00635145
34 0.00716062
35 0.00792334
36 0.0092762
37 0.0110261
38 0.0124391
39 0.0142747
40 0.0166116
41 0.0194134
42 0.0233897
43 0.0294008
44 0.0378347
45 0.0512544
46 0.0845439
47 0.210793
