0 1.40501
1 0.21041
2 0.0821269
3 0.0501292
4 0.0369273
5 0.0290951
6 0.0235577
7 0.0194687
8 0.0158645
9 0.0133159
10 0.0114497
11 0.00970244
12 0.00810547
13 0.00700044
14 0.00634843
15 0.00581656
16 0.00530912
17 0.00463642
18 0.00390433
19 0.00337236
20 0.00301123
21 0.00279324
22 0.00272497
23 0.00272181
24 0.00272684
25 0.00275671
26 0.00275864
27 0.00278083
28 0.00289068
29 0.0031824
30 0.00380381
31 0.00462025
32 0.00571659
33 0.00687199
34 0.00783861
35 0.00919071
36 0.0110071
37 0.012975
38 0.0148311
39 0.0171817
40 0.0194967
41 0.0223197
42 0.0261282
43 0.0305131
44 0.035933
45 0.0458208
46 0.0777893
47 0.20643
