0 1.39868
1 0.2056
2 0.0823506
3 0.0524555
4 0.0391276
5 0.0305753
6 0.0246377
7 0.0207805
8 0.0179143
9 0.0153842
10 0.012967
11 0.0108903
12 0.0095771
13 0.00878473
14 0.00795919
15 0.00700983
16 0.0061865
17 0.00536225
18 0.00479344
19 0.00440469
20 0.0042362
21 0.00399121
22 0.00381831
23 0.00373497
24 0.0035622
25 0.00344731
26 0.00335055
27 0.00338484
28 0.0035621
29 0.00379999
30 0.00405343
31 0.0044101
32 0.00483504
33 0.00534896
34 0.00605546
35 0.00714898
36 0.00832367
37 0.00995019
38 0.0119514
39 0.0140295
40 0.0166484
41 0.0196455
42 0.0232752
43 0.0284091
44 0.0365776
45 0.0490023
46 0.0797974
47 0.204874
