0 1.40026
1 0.210871
2 0.0853175
3 0.0533089
4 0.041346
5 0.0344583
6 0.0297872
7 0.0260606
8 0.0234818
9 0.0210424
10 0.0184129
11 0.0159655
12 0.0136966
13 0.0117676
14 0.0101885
15 0.00881159
16 0.00758152
17 0.00658257
18 0.00564341
19 0.00480718
20 0.0041715
21 0.00354559
22 0.00304455
23 0.00281327
24 0.00270429
25 0.00259504
26 0.00254007
27 0.00260263
28 0.00269059
29 0.00283005
30 0.00311544
31 0.00347248
32 0.00402099
33 0.00474291
34 0.00573866
35 0.00677867
36 0.00780509
37 0.00925035
38 0.0115274
39 0.0145033
40 0.0179633
41 0.0215183
42 0.0259133
43 0.0315332
44 0.0393479
45 0.052878
46 0.0844005
47 0.2087
