0 1.39948
1 0.202557
2 0.074545
3 0.0420619
4 0.0302516
5 0.0235018
6 0.0186262
7 0.0139393
8 0.0109327
9 0.00915671
10 0.00762973
11 0.0063809
12 0.00531103
13 0.00456148
14 0.00383303
15 0.00300335
16 0.00232754
17 0.00186897
18 0.00155185
19 0.00131373
20 0.00113506
21 0.00103244
22 0.00100995
23 0.00102343
24 0.00109735
25 0.00117519
26 0.00123483
27 0.00128978
28 0.00139318
29 0.00171388
30 0.00217447
31 0.00266374
32 0.00324566
33 0.00395464
34 0.00480508
35 0.00546364
36 0.00617212
37 0.00703709
38 0.0086998
39 0.0108042
40 0.0134815
41 0.016775
42 0.0207242
43 0.026284
44 0.0333683
45 0.045847
46 0.0785586
47 0.206371
