0 1.41023
1 0.216048
2 0.0882037
3 0.0550167
4 0.0414505
5 0.0328867
6 0.026886
7 0.0222075
8 0.0183038
9 0.0161204
10 0.0145977
11 0.0133948
12 0.0124701
13 0.0115302
14 0.0101477
15 0.00898704
16 0.00790512
17 0.00683796
18 0.00605287
19 0.00519605
20 0.00436815
21 0.00372585
22 0.0034239
23 0.00343971
24 0.00342937
25 0.00330743
26 0.0031992
27 0.00333578
28 0.00366954
29 0.00405309
30 0.0045027
31 0.00501694
32 0.0056712
33 0.00661827
34 0.00789755
35 0.00952577
36 0.0111246
37 0.0136232
38 0.0168544
39 0.0207254
40 0.0242712
41 0.0285127
42 0.0327589
43 0.0372557
44 0.0436438
45 0.0575954
46 0.0932368
47 0.219356
