0 1.42123
1 0.226906
2 0.0969296
3 0.062729
4 0.0503547
5 0.0429156
6 0.0379186
7 0.0320513
8 0.0269664
9 0.0226561
10 0.0195864
11 0.0168219
12 0.014552
13 0.0124051
14 0.0104915
15 0.00902913
16 0.00791895
17 0.00688405
18 0.00618594
19 0.00564492
20 0.00502872
21 0.00464005
22 0.00441389
23 0.00417398
24 0.00408342
25 0.00392091
26 0.0038698
27 0.00394148
28 0.00414959
29 0.00443701
30 0.00467832
31 0.00511676
32 0.00557323
33 0.00615325
34 0.00682394
35 0.00774144
36 0.00882403
37 0.0102002
38 0.0121917
39 0.0148687
40 0.0181328
41 0.0212971
42 0.025495
43 0.0321695
44 0.0416706
45 0.0567927
46 0.0936018
47 0.225206
