0 1.4143
1 0.212753
2 0.084728
3 0.0513634
4 0.0371833
5 0.0288216
6 0.0230212
7 0.0186749
8 0.0151275
9 0.0125265
10 0.0102827
11 0.00848965
12 0.00738823
13 0.00639432
14 0.00550874
15 0.0047756
16 0.00422948
17 0.00376604
18 0.00335952
19 0.00297784
20 0.00268424
21 0.00246887
22 0.00225652
23 0.0020177
24 0.00183525
25 0.00179931
26 0.00189191
27 0.00199869
28 0.00216528
29 0.00248568
30 0.00291945
31 0.00342481
32 0.00408601
33 0.00499157
34 0.00604515
35 0.00744044
36 0.00880449
37 0.010381
38 0.0122099
39 0.0143132
40 0.017098
41 0.0206675
42 0.0246835
43 0.0301439
44 0.0385969
45 0.0519991
46 0.0840592
47 0.212452
