0 1.38303
1 0.192906
2 0.0675818
3 0.036197
4 0.0238217
5 0.0169813
6 0.0129849
7 0.0105717
8 0.00860484
9 0.00695247
10 0.00573136
11 0.00464447
12 0.00377272
13 0.0032717
14 0.00301064
15 0.00272931
16 0.00247473
17 0.00220366
18 0.00198219
19 0.00178114
20 0.00157205
21 0.00129107
22 0.0011056
23 0.000982785
24 0.000934139
25 0.000973274
26 0.00104625
27 0.00118127
28 0.0014747
29 0.00183388
30 0.00215239
31 0.00249878
32 0.00303993
33 0.00382252
34 0.00490599
35 0.00580164
36 0.00661034
37 0.00795418
38 0.00963101
39 0.0110884
40 0.0128067
41 0.0150803
42 0.0178872
43 0.0216901
44 0.02879
45 0.0413952
46 0.0716652
47 0.194636
