0 1.42424
1 0.229351
2 0.104082
3 0.0699942
4 0.0533876
5 0.0445064
6 0.0391169
7 0.0339607
8 0.0286922
9 0.0240347
10 0.0205711
11 0.0177039
12 0.0150979
13 0.0129899
14 0.0111146
15 0.00927201
16 0.00806126
17 0.00714831
18 0.0063477
19 0.00550286
20 0.00480274
21 0.00417564
22 0.00373592
23 0.00350742
24 0.00350331
25 0.00350782
26 0.00357437
27 0.00392264
28 0.00447114
29 0.00506437
30 0.00570952
31 0.00643676
32 0.0073105
33 0.00820005
34 0.00902383
35 0.0099219
36 0.0114154
37 0.0136087
38 0.0155184
39 0.0180066
40 0.0213519
41 0.0258412
42 0.0313763
43 0.0385966
44 0.0481317
45 0.0632024
46 0.0978914
47 0.22853
