0 1.41055
1 0.213185
2 0.0843153
3 0.0497154
4 0.0354522
5 0.0267986
6 0.0214908
7 0.01732
8 0.0142573
9 0.011556
10 0.00952756
11 0.00803216
12 0.00671516
13 0.00578621
14 0.00516081
15 0.00473745
16 0.00388511
17 0.00320937
18 0.00267564
19 0.00242707
20 0.00229467
21 0.00215459
22 0.0019642
23 0.00182322
24 0.00179188
25 0.00179803
26 0.00189854
27 0.00212909
28 0.00250537
29 0.00308603
30 0.00384711
31 0.00476904
32 0.00585359
33 0.00708188
34 0.00802873
35 0.00915413
36 0.0104424
37 0.0114798
38 0.0125199
39 0.0136215
40 0.0155619
41 0.0184725
42 0.0234082
43 0.0304855
44 0.0400803
45 0.0541539
46 0.0861823
47 0.212008
