0 1.40576
1 0.211823
2 0.0830242
3 0.0508237
4 0.0380663
5 0.0313528
6 0.02546
7 0.0207328
8 0.0166032
9 0.0130712
10 0.0103511
11 0.00831924
12 0.00689951
13 0.00608858
14 0.00545328
15 0.00475054
16 0.00403921
17 0.0033765
18 0.0029498
19 0.002671
20 0.0024003
21 0.00205119
22 0.0018045
23 0.00165389
24 0.0015901
25 0.00160127
26 0.00171205
27 0.00189674
28 0.00217239
29 0.00250236
30 0.0028274
31 0.00318003
32 0.00371827
33 0.00455908
34 0.00534534
35 0.00635246
36 0.00721457
37 0.00830784
38 0.00975998
39 0.0112172
40 0.0132581
41 0.0156001
42 0.0194639
43 0.0256779
44 0.0344714
45 0.0486406
46 0.0829615
47 0.210186
