0 1.38657
1 0.194275
2 0.0706051
3 0.0412848
4 0.0309735
5 0.0249115
6 0.0195297
7 0.015679
8 0.0123962
9 0.0102029
10 0.00839265
11 0.00690147
12 0.00545176
13 0.00443617
14 0.00382293
15 0.00339178
16 0.00283285
17 0.00222712
18 0.00179051
19 0.00154557
20 0.00132939
21 0.00121229
22 0.00118336
23 0.00123588
24 0.00130008
25 0.00125728
26 0.00122093
27 0.00132234
28 0.00151289
29 0.00169037
30 0.00195179
31 0.0024161
32 0.00293382
33 0.00349817
34 0.00432276
35 0.00536324
36 0.00633421
37 0.00728605
38 0.00893272
39 0.0111976
40 0.0140007
41 0.016899
42 0.019781
43 0.0232428
44 0.029189
45 0.0403721
46 0.0712965
47 0.195283
