0 1.39331
1 0.193986
2 0.0676511
3 0.0365188
4 0.0245135
5 0.0179489
6 0.0139818
7 0.0116191
8 0.00947865
9 0.007544
10 0.00574902
11 0.00439508
12 0.00338367
13 0.00266225
14 0.00216761
15 0.00170568
16 0.00127915
17 0.00101472
18 0.000881704
19 0.000783918
20 0.000697729
21 0.000685971
22 0.000718755
23 0.000772147
24 0.000848893
25 0.000947107
26 0.00104579
27 0.00120574
28 0.00139358
29 0.00162445
30 0.00198003
31 0.00236212
32 0.00280586
33 0.00350643
34 0.00412341
35 0.00463686
36 0.00530227
37 0.00569749
38 0.00643009
39 0.00761057
40 0.00926145
41 0.0112746
42 0.0136548
43 0.0177156
44 0.0243554
45 0.0374642
46 0.0705007
47 0.196288
