0 1.41373
1 0.218496
2 0.0925498
3 0.0598026
4 0.0455181
5 0.0366228
6 0.0308412
7 0.0266951
8 0.0228303
9 0.0196605
10 0.0166087
11 0.013981
12 0.0120432
13 0.0101965
14 0.00836999
15 0.00680883
16 0.00576089
17 0.00476114
18 0.00397514
19 0.00334546
20 0.00298573
21 0.00274809
22 0.00250572
23 0.00238367
24 0.00240402
25 0.00243458
26 0.00250928
27 0.00270124
28 0.00298467
29 0.00330105
30 0.00369769
31 0.00427023
32 0.00498375
33 0.00600495
34 0.0075765
35 0.00952061
36 0.0117765
37 0.0143839
38 0.0168107
39 0.018883
40 0.0214768
41 0.0250305
42 0.0295005
43 0.0355848
44 0.0440563
45 0.0579716
46 0.0908109
47 0.216568
