0 1.41248
1 0.214979
2 0.0881962
3 0.0585724
4 0.0481043
5 0.0397156
6 0.032631
7 0.0268966
8 0.0221314
9 0.0180399
10 0.0149635
11 0.0126796
12 0.0107291
13 0.00929064
14 0.00824419
15 0.00725709
16 0.00656751
17 0.00575873
18 0.00512165
19 0.00451396
20 0.00387578
21 0.00343882
22 0.00319195
23 0.00303384
24 0.00298787
25 0.00302014
26 0.0031291
27 0.00332974
28 0.00359587
29 0.00378323
30 0.00408219
31 0.0045797
32 0.00523991
33 0.00614838
34 0.00713364
35 0.00838045
36 0.00992315
37 0.0117941
38 0.0136598
39 0.0159366
40 0.019118
41 0.0221499
42 0.0267287
43 0.0320385
44 0.0386939
45 0.0523208
46 0.0858039
47 0.212816
