0 1.41253
1 0.218242
2 0.0928006
3 0.0599592
4 0.0462438
5 0.0363887
6 0.0293518
7 0.0234666
8 0.0184482
9 0.0147532
10 0.0122315
11 0.01056
12 0.00924686
13 0.00795709
14 0.00690218
15 0.00592658
16 0.00505862
17 0.00451148
18 0.00407885
19 0.00376486
20 0.00340179
21 0.00308979
22 0.00295918
23 0.00284269
24 0.00263189
25 0.00249751
26 0.00253677
27 0.00275768
28 0.00300628
29 0.00321296
30 0.00353072
31 0.00413693
32 0.00490395
33 0.00589042
34 0.0070466
35 0.00856255
36 0.0103803
37 0.0124076
38 0.0143899
39 0.0171285
40 0.0207064
41 0.0243511
42 0.0277453
43 0.0329608
44 0.0415271
45 0.0560429
46 0.0892269
47 0.21734
