0 1.40636
1 0.20936
2 0.0827729
3 0.0499751
4 0.0380369
5 0.0313069
6 0.0259851
7 0.0210183
8 0.0170517
9 0.013983
10 0.0117853
11 0.00984369
12 0.00871132
13 0.00749752
14 0.00602754
15 0.00470726
16 0.00371914
17 0.00309995
18 0.00269971
19 0.00248843
20 0.00214274
21 0.0018424
22 0.00166693
23 0.00151782
24 0.00136815
25 0.00131088
26 0.00134313
27 0.00133237
28 0.00139309
29 0.001569
30 0.00189246
31 0.00229585
32 0.00276633
33 0.00345149
34 0.00421253
35 0.00515443
36 0.00631852
37 0.00806102
38 0.00988664
39 0.0116726
40 0.0135745
41 0.0157044
42 0.0184219
43 0.0230927
44 0.0301766
45 0.0443035
46 0.0793265
47 0.208853
