0 1.40678
1 0.217625
2 0.0939845
3 0.0612302
4 0.045568
5 0.0361951
6 0.0300113
7 0.0254401
8 0.0213228
9 0.017768
10 0.0148277
11 0.0124459
12 0.0109801
13 0.00969341
14 0.00815615
15 0.00693062
16 0.00625115
17 0.00563639
18 0.00495978
19 0.00436591
20 0.00387064
21 0.00339759
22 0.00298687
23 0.00274122
24 0.0026559
25 0.00263931
26 0.00268888
27 0.00279937
28 0.0029898
29 0.00316654
30 0.00337168
31 0.00374341
32 0.00450521
33 0.00559294
34 0.00692814
35 0.00836408
36 0.00963303
37 0.0112226
38 0.0130545
39 0.0151808
40 0.0171483
41 0.0194896
42 0.023117
43 0.0278524
44 0.0343068
45 0.0467577
46 0.0797457
47 0.209127
