0 1.40622
1 0.209088
2 0.0815272
3 0.0478313
4 0.0345491
5 0.0276338
6 0.0223684
7 0.0185416
8 0.0157389
9 0.0132514
10 0.0110913
11 0.00950289
12 0.00832846
13 0.00728262
14 0.00631284
15 0.00549399
16 0.00490642
17 0.004426
18 0.00411197
19 0.00389745
20 0.00378717
21 0.00363182
22 0.00332638
23 0.00307697
24 0.00292424
25 0.00279638
26 0.00279842
27 0.00293029
28 0.00307475
29 0.00340048
30 0.00383193
31 0.00433085
32 0.00484534
33 0.0056826
34 0.00663515
35 0.00794965
36 0.00973363
37 0.0111138
38 0.0125859
39 0.014374
40 0.0168184
41 0.019303
42 0.0220039
43 0.0268311
44 0.0351295
45 0.0499685
46 0.0851781
47 0.213487
