0 1.39239
1 0.197989
2 0.0723114
3 0.0406019
4 0.0283886
5 0.0216279
6 0.0172888
7 0.0142137
8 0.0114683
9 0.00904933
10 0.00735091
11 0.00609703
12 0.00498504
13 0.00401217
14 0.00310562
15 0.00240314
16 0.0019034
17 0.00151992
18 0.0012388
19 0.00107408
20 0.000900716
21 0.000776486
22 0.000761972
23 0.000813413
24 0.000916873
25 0.00102555
26 0.00114864
27 0.00134754
28 0.00162093
29 0.00187447
30 0.00214814
31 0.00242378
32 0.00272473
33 0.00299377
34 0.00342943
35 0.00410261
36 0.00506471
37 0.00665831
38 0.00862891
39 0.0108729
40 0.0138163
41 0.017128
42 0.0209452
43 0.0253863
44 0.0313381
45 0.0433421
46 0.0751401
47 0.200841
