0 1.3981
1 0.202971
2 0.0767936
3 0.0442252
4 0.031914
5 0.0256476
6 0.0210929
7 0.0179858
8 0.015094
9 0.0118068
10 0.00885816
11 0.00697779
12 0.00565071
13 0.00446107
14 0.00347172
15 0.00282638
16 0.00242264
17 0.0021682
18 0.00198998
19 0.00179167
20 0.0016008
21 0.00149668
22 0.00147989
23 0.00150034
24 0.0015669
25 0.00173007
26 0.00197129
27 0.00233093
28 0.00270836
29 0.00310154
30 0.00366154
31 0.00439737
32 0.0053664
33 0.00649188
34 0.00757486
35 0.0088723
36 0.0102942
37 0.0113835
38 0.0127738
39 0.014469
40 0.0164755
41 0.0194169
42 0.0237297
43 0.028944
44 0.0357321
45 0.0482136
46 0.0796506
47 0.205783
