0 1.40285
1 0.206044
2 0.0797141
3 0.0471716
4 0.0354167
5 0.0288293
6 0.0236803
7 0.0189713
8 0.0153078
9 0.0125489
10 0.0105678
11 0.00876508
12 0.00771159
13 0.0066056
14 0.00526545
15 0.0040598
16 0.00316638
17 0.00262668
18 0.00227784
19 0.00208655
20 0.00175618
21 0.00147389
22 0.00130639
23 0.00116266
24 0.00102377
25 0.000960511
26 0.000977109
27 0.000954842
28 0.00101307
29 0.00117181
30 0.00147095
31 0.00181807
32 0.00219407
33 0.00273882
34 0.00338779
35 0.0042432
36 0.00533916
37 0.00698093
38 0.00872896
39 0.0104435
40 0.0122488
41 0.014243
42 0.0168124
43 0.0213219
44 0.0282217
45 0.0421508
46 0.0768902
47 0.206021
