0 1.4082
1 0.212981
2 0.087893
3 0.0568387
4 0.0441953
5 0.0354725
6 0.0291294
7 0.0245404
8 0.0208466
9 0.017747
10 0.0152997
11 0.0132585
12 0.0115232
13 0.00991394
14 0.00843214
15 0.00711774
16 0.00628955
17 0.00567793
18 0.00506036
19 0.00452146
20 0.00396615
21 0.00346209
22 0.00308075
23 0.00276068
24 0.0025987
25 0.00254999
26 0.00264278
27 0.00268525
28 0.00288105
29 0.00327684
30 0.00378949
31 0.00437309
32 0.00510192
33 0.00597685
34 0.00698928
35 0.00835449
36 0.00995032
37 0.011706
38 0.0138377
39 0.0160171
40 0.0189981
41 0.022627
42 0.0267649
43 0.0319854
44 0.0396238
45 0.0529461
46 0.0859102
47 0.213434
