0 1.39459
1 0.198296
2 0.071729
3 0.0406519
4 0.0299555
5 0.0248656
6 0.0215107
7 0.0186435
8 0.0162026
9 0.0135786
10 0.0112956
11 0.00926608
12 0.00765933
13 0.00661121
14 0.00563572
15 0.00483461
16 0.00419663
17 0.00359426
18 0.00311464
19 0.00277377
20 0.00247109
21 0.00226491
22 0.0021056
23 0.00199108
24 0.00192538
25 0.0018697
26 0.00195571
27 0.00213467
28 0.00240442
29 0.00274961
30 0.00305862
31 0.00336674
32 0.00374568
33 0.00425652
34 0.00502938
35 0.00584866
36 0.00678828
37 0.00787507
38 0.0094131
39 0.0117658
40 0.014926
41 0.0181865
42 0.0222889
43 0.0275439
44 0.0339214
45 0.0453535
46 0.0763614
47 0.201665
