0 1.40097
1 0.209073
2 0.0807055
3 0.0470709
4 0.0343547
5 0.0279473
6 0.0246265
7 0.020954
8 0.0174511
9 0.0139924
10 0.0112794
11 0.00890587
12 0.00724257
13 0.00634294
14 0.00580125
15 0.00510002
16 0.0045032
17 0.0038731
18 0.00321587
19 0.00273111
20 0.00241526
21 0.00223869
22 0.00214802
23 0.00212288
24 0.00219936
25 0.00217289
26 0.00219832
27 0.00232789
28 0.00253512
29 0.00296419
30 0.00353457
31 0.0038728
32 0.00414299
33 0.0044933
34 0.00496331
35 0.0055472
36 0.0063303
37 0.00739677
38 0.00886303
39 0.0108568
40 0.0133697
41 0.0159585
42 0.0190448
43 0.0230287
44 0.0290403
45 0.0415581
46 0.074198
47 0.201746
