0 1.3933
1 0.198928
2 0.0733516
3 0.0415085
4 0.0289231
5 0.022127
6 0.0173741
7 0.0138649
8 0.0114443
9 0.00938662
10 0.00789635
11 0.00662757
12 0.00566291
13 0.00482092
14 0.00418638
15 0.00356453
16 0.00302001
17 0.0026207
18 0.00228976
19 0.00200228
20 0.00181273
21 0.0017407
22 0.0017846
23 0.00188517
24 0.00201525
25 0.0021739
26 0.00238795
27 0.00263633
28 0.00291845
29 0.00329395
30 0.00381938
31 0.00449987
32 0.00523334
33 0.00601567
34 0.00710381
35 0.00809671
36 0.00912443
37 0.0103084
38 0.0117848
39 0.0133073
40 0.0152365
41 0.0179842
42 0.0211361
43 0.0254843
44 0.0317708
45 0.0433504
46 0.0758799
47 0.201506
