0 1.39232
1 0.196042
2 0.0707441
3 0.0383323
4 0.0253478
5 0.0189772
6 0.015389
7 0.0126074
8 0.0105272
9 0.00874932
10 0.00754221
11 0.0064548
12 0.00530051
13 0.00442208
14 0.0038209
15 0.00330256
16 0.00275543
17 0.00228894
18 0.00195552
19 0.00170135
20 0.00149839
21 0.00137539
22 0.00130877
23 0.00130078
24 0.00133423
25 0.00139242
26 0.00143342
27 0.0015697
28 0.00182457
29 0.00210461
30 0.0024571
31 0.0029669
32 0.00349292
33 0.00398246
34 0.004699
35 0.00569103
36 0.00688773
37 0.00803822
38 0.00955069
39 0.0112279
40 0.012573
41 0.0146454
42 0.0175669
43 0.0212242
44 0.0277241
45 0.0395777
46 0.0711187
47 0.196271
