0 1.40081
1 0.208356
2 0.0804422
3 0.047108
4 0.0344141
5 0.0276796
6 0.0231086
7 0.0189723
8 0.015469
9 0.0120295
10 0.00910641
11 0.00674984
12 0.0052938
13 0.0044065
14 0.00362408
15 0.00305292
16 0.00269016
17 0.00225583
18 0.00190135
19 0.00163816
20 0.00144191
21 0.00119145
22 0.00102299
23 0.000914013
24 0.000867164
25 0.000905557
26 0.00100629
27 0.00113424
28 0.00127222
29 0.00137725
30 0.00154226
31 0.00173757
32 0.00207729
33 0.00266346
34 0.00340151
35 0.00429022
36 0.0054833
37 0.00702773
38 0.00881353
39 0.0109073
40 0.0134531
41 0.0175009
42 0.0233396
43 0.0310627
44 0.0401357
45 0.0540948
46 0.0849584
47 0.211993
