0 1.42246
1 0.228204
2 0.098261
3 0.0639276
4 0.0515933
5 0.0440523
6 0.0388223
7 0.0327672
8 0.0275235
9 0.0230444
10 0.0198551
11 0.0170066
12 0.0146514
13 0.0124753
14 0.0105657
15 0.0091401
16 0.00808242
17 0.00702644
18 0.00628656
19 0.00573135
20 0.00512282
21 0.00474097
22 0.00450905
23 0.00425716
24 0.00414746
25 0.00398826
26 0.00393549
27 0.00400243
28 0.00419013
29 0.00445069
30 0.00465355
31 0.00507962
32 0.0055553
33 0.00617287
34 0.00686579
35 0.00779503
36 0.00887214
37 0.0102468
38 0.0122487
39 0.0149803
40 0.0183335
41 0.0214974
42 0.0256768
43 0.0323081
44 0.0417991
45 0.0570673
46 0.0942126
47 0.226112
