0 1.41459
1 0.216837
2 0.0878037
3 0.0529245
4 0.0383617
5 0.0295111
6 0.0239714
7 0.0195585
8 0.016304
9 0.0135295
10 0.0114335
11 0.00973974
12 0.00821132
13 0.00710874
14 0.00639142
15 0.00592601
16 0.00502227
17 0.00427054
18 0.00368202
19 0.00340193
20 0.00324093
21 0.00305904
22 0.00282781
23 0.00262143
24 0.00253565
25 0.00250478
26 0.00263594
27 0.00296374
28 0.00347698
29 0.00418696
30 0.00498281
31 0.00592865
32 0.00705527
33 0.00832899
34 0.00924477
35 0.0103278
36 0.0115323
37 0.0126225
38 0.0138384
39 0.0150956
40 0.0172107
41 0.0203305
42 0.0254334
43 0.0326359
44 0.0423282
45 0.0564482
46 0.0888096
47 0.215284
