0 1.38828
1 0.194445
2 0.0707421
3 0.0401751
4 0.0284181
5 0.0219185
6 0.0166987
7 0.0127496
8 0.00984567
9 0.0079504
10 0.00704746
11 0.00645392
12 0.00542728
13 0.00443295
14 0.00368166
15 0.00317023
16 0.00267053
17 0.00220566
18 0.00174775
19 0.00143752
20 0.00133077
21 0.00134796
22 0.00133254
23 0.00136112
24 0.00149552
25 0.00149268
26 0.00137963
27 0.00128961
28 0.00130466
29 0.00151268
30 0.0018797
31 0.00206235
32 0.00231235
33 0.00258179
34 0.00287072
35 0.00323562
36 0.00381453
37 0.00472642
38 0.00626731
39 0.00846707
40 0.0109442
41 0.013946
42 0.0167481
43 0.020056
44 0.0256431
45 0.0372324
46 0.0695026
47 0.195926
