0 1.3984
1 0.203827
2 0.0769538
3 0.0468025
4 0.0355602
5 0.0278355
6 0.0211359
7 0.0156207
8 0.0118483
9 0.00925536
10 0.0073596
11 0.00585072
12 0.00456
13 0.00379464
14 0.00327739
15 0.00280416
16 0.00247594
17 0.00222771
18 0.00206065
19 0.00196786
20 0.00189924
21 0.00183775
22 0.00177016
23 0.00171869
24 0.00157299
25 0.00136384
26 0.00123173
27 0.0012496
28 0.00134538
29 0.00153377
30 0.00187304
31 0.00232128
32 0.00276297
33 0.00334526
34 0.00419299
35 0.00529718
36 0.00659369
37 0.00816053
38 0.00972664
39 0.0119572
40 0.0146656
41 0.0174308
42 0.0211927
43 0.0266946
44 0.0358835
45 0.0503314
46 0.0817445
47 0.206153
