0 1.40012
1 0.205929
2 0.0788761
3 0.0447872
4 0.0298426
5 0.0210977
6 0.0158657
7 0.0127332
8 0.0107121
9 0.00909455
10 0.00770335
11 0.00644139
12 0.00521095
13 0.00412222
14 0.00327076
15 0.00265664
16 0.00227455
17 0.00201737
18 0.00184041
19 0.00169434
20 0.00156678
21 0.00154528
22 0.00152842
23 0.00149814
24 0.00143076
25 0.00141005
26 0.00152885
27 0.00169021
28 0.00198661
29 0.00235283
30 0.00267588
31 0.00299149
32 0.00338172
33 0.00393094
34 0.00461206
35 0.00533356
36 0.00638477
37 0.00749128
38 0.00889438
39 0.011138
40 0.0138814
41 0.017124
42 0.021189
43 0.0264006
44 0.0342458
45 0.0475165
46 0.0792387
47 0.205142
