0 1.43404
1 0.240801
2 0.115026
3 0.0819221
4 0.067374
5 0.0560506
6 0.0466999
7 0.0371894
8 0.0295716
9 0.0241686
10 0.0208795
11 0.0186821
12 0.0163214
13 0.0133735
14 0.010729
15 0.0087639
16 0.0074661
17 0.00678502
18 0.00626693
19 0.00569969
20 0.00501117
21 0.00456064
22 0.00421396
23 0.00406338
24 0.00408385
25 0.00414141
26 0.00428146
27 0.00459439
28 0.00515109
29 0.00585665
30 0.00684216
31 0.00793528
32 0.00890048
33 0.00959454
34 0.0101895
35 0.0109026
36 0.01222
37 0.0143232
38 0.0169423
39 0.0200617
40 0.0246517
41 0.0309209
42 0.0388747
43 0.0480746
44 0.0560669
45 0.0692725
46 0.10326
47 0.233243
