0 1.39027
1 0.196149
2 0.0722755
3 0.0416126
4 0.029696
5 0.02307
6 0.0177096
7 0.013615
8 0.0106443
9 0.00875589
10 0.00783278
11 0.00722936
12 0.00618154
13 0.00515407
14 0.00437441
15 0.00382196
16 0.00325937
17 0.00275078
18 0.00224264
19 0.00188986
20 0.0017593
21 0.00174949
22 0.00171274
23 0.00172309
24 0.00184964
25 0.00181964
26 0.00166666
27 0.00154052
28 0.00153628
29 0.00174847
30 0.0021361
31 0.00232903
32 0.00258855
33 0.00287242
34 0.00316734
35 0.00354888
36 0.0041568
37 0.00512595
38 0.0067536
39 0.00906713
40 0.0116865
41 0.014819
42 0.0177592
43 0.0211453
44 0.0268117
45 0.0384733
46 0.0708443
47 0.197468
