0 1.39361
1 0.201153
2 0.0729434
3 0.0405739
4 0.0281778
5 0.0219007
6 0.0172964
7 0.0139624
8 0.0120675
9 0.0100216
10 0.00800213
11 0.00631784
12 0.00535768
13 0.00455968
14 0.00386723
15 0.00335701
16 0.00298281
17 0.00264189
18 0.00232438
19 0.00204746
20 0.00182122
21 0.0017277
22 0.00165185
23 0.00160917
24 0.00164546
25 0.00163985
26 0.00166326
27 0.00179366
28 0.00202783
29 0.00232674
30 0.00265525
31 0.00311621
32 0.00364864
33 0.00435437
34 0.00512197
35 0.00610848
36 0.00746256
37 0.00872584
38 0.0100358
39 0.0113727
40 0.0130556
41 0.0150244
42 0.0177904
43 0.0224456
44 0.0286714
45 0.0411521
46 0.0737996
47 0.198611
