0 1.39959
1 0.20424
2 0.0773808
3 0.043958
4 0.0303042
5 0.0238279
6 0.0199038
7 0.0161535
8 0.0127523
9 0.0102415
10 0.00819274
11 0.00637966
12 0.00518887
13 0.0044993
14 0.00381192
15 0.00319524
16 0.00281945
17 0.00252996
18 0.00233385
19 0.0022743
20 0.00229196
21 0.00233962
22 0.0021919
23 0.00216389
24 0.00228052
25 0.00243074
26 0.00243535
27 0.00239634
28 0.00251235
29 0.00288366
30 0.00343582
31 0.00425482
32 0.00537253
33 0.00656542
34 0.00753652
35 0.00805617
36 0.00861648
37 0.00914199
38 0.00983576
39 0.0110884
40 0.0129877
41 0.0158633
42 0.0193897
43 0.0233251
44 0.0300999
45 0.043447
46 0.0765684
47 0.203383
