0 1.39173
1 0.206292
2 0.0812025
3 0.0498196
4 0.0376073
5 0.0303374
6 0.0257502
7 0.0216847
8 0.0178731
9 0.0151334
10 0.0131013
11 0.0112838
12 0.00964045
13 0.00824078
14 0.0067537
15 0.00539744
16 0.0043483
17 0.00355255
18 0.00310434
19 0.00276404
20 0.00256975
21 0.00243083
22 0.00231502
23 0.00215223
24 0.00202444
25 0.00203336
26 0.00203249
27 0.00197288
28 0.00201931
29 0.00208119
30 0.00221047
31 0.00252544
32 0.00313752
33 0.00386021
34 0.00459702
35 0.00543183
36 0.00660235
37 0.00806337
38 0.00920955
39 0.0102453
40 0.0116104
41 0.0132852
42 0.016116
43 0.0205752
44 0.0268851
45 0.038991
46 0.071533
47 0.198694
