0 1.40875
1 0.210942
2 0.0818115
3 0.0482927
4 0.0358684
5 0.0286192
6 0.0234328
7 0.0184522
8 0.0151194
9 0.0129519
10 0.0109898
11 0.00929472
12 0.00793357
13 0.00692824
14 0.00579048
15 0.00459972
16 0.00367662
17 0.00302083
18 0.0025392
19 0.00219573
20 0.00193918
21 0.0017953
22 0.00177969
23 0.00182758
24 0.00198223
25 0.0021581
26 0.00235601
27 0.00260724
28 0.00290097
29 0.00335643
30 0.00391757
31 0.0045172
32 0.00521547
33 0.00613587
34 0.00725694
35 0.00829745
36 0.00948705
37 0.0108147
38 0.0128867
39 0.0151953
40 0.0183036
41 0.0219845
42 0.0259423
43 0.0314431
44 0.0387281
45 0.0517187
46 0.0851869
47 0.214047
