0 1.40456
1 0.209579
2 0.0798283
3 0.0442496
4 0.0296641
5 0.0216409
6 0.0160916
7 0.012307
8 0.00957475
9 0.00779717
10 0.00651152
11 0.00568905
12 0.00499461
13 0.00430327
14 0.00385073
15 0.00348876
16 0.00313803
17 0.00275717
18 0.00231047
19 0.00187776
20 0.00150465
21 0.00131538
22 0.00125224
23 0.00121846
24 0.0012207
25 0.00128637
26 0.00139011
27 0.00148521
28 0.00164766
29 0.00181313
30 0.00194784
31 0.0021236
32 0.00241148
33 0.00286569
34 0.00344903
35 0.00424876
36 0.00540292
37 0.00675028
38 0.00845848
39 0.0104222
40 0.0126508
41 0.0155974
42 0.019057
43 0.0232325
44 0.0298828
45 0.0424122
46 0.0751135
47 0.203278
