0 1.40036
1 0.204874
2 0.0787305
3 0.0459455
4 0.0332988
5 0.0261644
6 0.0213613
7 0.0179203
8 0.0154747
9 0.0131414
10 0.010866
11 0.00892527
12 0.00738517
13 0.00638299
14 0.00565504
15 0.00487799
16 0.00419971
17 0.00373087
18 0.00328372
19 0.00291727
20 0.00270889
21 0.00256767
22 0.00241368
23 0.00219399
24 0.00200281
25 0.00185177
26 0.00187481
27 0.00209377
28 0.00228473
29 0.00242548
30 0.00276053
31 0.00326763
32 0.00364737
33 0.00409651
34 0.00474941
35 0.0056432
36 0.00678149
37 0.00829011
38 0.0103874
39 0.012674
40 0.0152112
41 0.0181978
42 0.0220339
43 0.0269233
44 0.0332125
45 0.045653
46 0.0769549
47 0.202659
