0 1.42051
1 0.223655
2 0.0937323
3 0.0583317
4 0.0454235
5 0.0383801
6 0.032716
7 0.0269544
8 0.021549
9 0.0176815
10 0.0150421
11 0.0126175
12 0.0102043
13 0.00838409
14 0.00721668
15 0.00614576
16 0.0052886
17 0.00458355
18 0.0039326
19 0.00346462
20 0.00302456
21 0.00267268
22 0.00244423
23 0.00220319
24 0.00197767
25 0.00188358
26 0.00187401
27 0.00194155
28 0.00204536
29 0.00217972
30 0.00238048
31 0.00279803
32 0.00343655
33 0.00419287
34 0.00508981
35 0.00604864
36 0.00710727
37 0.00850707
38 0.010324
39 0.0124153
40 0.0144571
41 0.0172676
42 0.0215778
43 0.0270172
44 0.0343095
45 0.048294
46 0.0824065
47 0.21429
