0 1.4202
1 0.219185
2 0.0903381
3 0.0553631
4 0.0403529
5 0.0315013
6 0.0252053
7 0.0204313
8 0.0170664
9 0.0143835
10 0.0118557
11 0.00988959
12 0.00832325
13 0.00712043
14 0.00617898
15 0.0054636
16 0.00487236
17 0.00443271
18 0.00411607
19 0.003957
20 0.0038934
21 0.00385214
22 0.00378425
23 0.00366839
24 0.00365699
25 0.00373158
26 0.00391548
27 0.00422308
28 0.0046763
29 0.00528307
30 0.00586697
31 0.00651463
32 0.00725828
33 0.00846883
34 0.009901
35 0.0107884
36 0.0115309
37 0.0131409
38 0.0154583
39 0.0180708
40 0.0212101
41 0.0250355
42 0.0296323
43 0.0352562
44 0.0436219
45 0.0582685
46 0.0923926
47 0.22134
