0 1.42105
1 0.218255
2 0.0892726
3 0.0566584
4 0.0432424
5 0.0351345
6 0.0298157
7 0.0255156
8 0.0214022
9 0.0178005
10 0.0148832
11 0.0128869
12 0.011509
13 0.0104104
14 0.00947585
15 0.00824318
16 0.00699745
17 0.00590558
18 0.00506715
19 0.00443368
20 0.0038955
21 0.00339154
22 0.00304887
23 0.00286261
24 0.00304614
25 0.00348471
26 0.00407593
27 0.00468838
28 0.0052079
29 0.00596756
30 0.00686653
31 0.00751933
32 0.00822757
33 0.00913634
34 0.0103751
35 0.0118224
36 0.0129005
37 0.0141572
38 0.0157793
39 0.0181077
40 0.021537
41 0.02588
42 0.0309673
43 0.0378317
44 0.0471886
45 0.0636498
46 0.101482
47 0.229996
