0 1.39511
1 0.195341
2 0.0687986
3 0.0376152
4 0.0255266
5 0.0189082
6 0.0149288
7 0.0125672
8 0.01041
9 0.00835552
10 0.0063756
11 0.00487914
12 0.00378112
13 0.003004
14 0.00247797
15 0.00197678
16 0.00151666
17 0.00122767
18 0.00108251
19 0.000993167
20 0.000919218
21 0.00091015
22 0.000940253
23 0.000991844
24 0.00106737
25 0.00116112
26 0.00126074
27 0.00142495
28 0.00162579
29 0.00188522
30 0.0022834
31 0.00272361
32 0.00322827
33 0.00400508
34 0.00468931
35 0.0052525
36 0.00596237
37 0.00639083
38 0.00716282
39 0.00842415
40 0.010175
41 0.0122807
42 0.014765
43 0.0189617
44 0.0257705
45 0.0390574
46 0.0722246
47 0.198021
