0 1.41787
1 0.215439
2 0.0866116
3 0.0526127
4 0.0382551
5 0.0299514
6 0.0242431
7 0.0200298
8 0.0165572
9 0.0141024
10 0.0118373
11 0.00993929
12 0.00876572
13 0.00766854
14 0.00668117
15 0.00579821
16 0.00514817
17 0.00464446
18 0.00417006
19 0.00369254
20 0.00331797
21 0.00307645
22 0.00282796
23 0.0025378
24 0.00231127
25 0.00225851
26 0.00234694
27 0.00245503
28 0.00264833
29 0.00300547
30 0.00347024
31 0.00399944
32 0.00471647
33 0.0057082
34 0.00684016
35 0.00834763
36 0.00983594
37 0.0116243
38 0.0137523
39 0.0161324
40 0.0191959
41 0.0231104
42 0.0274039
43 0.033087
44 0.0418623
45 0.0554871
46 0.0875332
47 0.215856
