0 1.40372
1 0.208645
2 0.0819203
3 0.0498405
4 0.0374361
5 0.030098
6 0.0251284
7 0.021274
8 0.0180961
9 0.0156054
10 0.0137963
11 0.0126257
12 0.0116101
13 0.0100163
14 0.00840318
15 0.00705183
16 0.00589748
17 0.00501126
18 0.00440713
19 0.00403372
20 0.0037863
21 0.00349539
22 0.00342307
23 0.00348607
24 0.0036003
25 0.00364503
26 0.00368633
27 0.00391121
28 0.00427939
29 0.00481734
30 0.00551313
31 0.00603235
32 0.00649272
33 0.00698684
34 0.00761124
35 0.0082521
36 0.00940903
37 0.0108633
38 0.0125145
39 0.0145002
40 0.0169495
41 0.020037
42 0.0234474
43 0.0278874
44 0.034866
45 0.0480986
46 0.0807831
47 0.207784
