0 1.39598
1 0.198866
2 0.0742261
3 0.0439657
4 0.0329341
5 0.0277356
6 0.024824
7 0.0221885
8 0.0191868
9 0.0162204
10 0.0138227
11 0.0120219
12 0.0104434
13 0.00922401
14 0.00823101
15 0.00718085
16 0.00599808
17 0.00490084
18 0.00419183
19 0.0037527
20 0.00345404
21 0.00329933
22 0.00324278
23 0.00316925
24 0.00300911
25 0.00277012
26 0.00266943
27 0.00267294
28 0.00278727
29 0.00293414
30 0.00324977
31 0.00364809
32 0.00405592
33 0.00454988
34 0.0052773
35 0.00627737
36 0.00774371
37 0.00962603
38 0.0118631
39 0.0143193
40 0.0167627
41 0.0196962
42 0.0225464
43 0.0273443
44 0.0338391
45 0.0453779
46 0.076027
47 0.201426
