0 1.42036
1 0.217905
2 0.085558
3 0.0480962
4 0.0320903
5 0.0236786
6 0.0184514
7 0.0151468
8 0.0125076
9 0.0102656
10 0.00852665
11 0.007086
12 0.00598243
13 0.00489721
14 0.00405689
15 0.0033847
16 0.0027701
17 0.00232656
18 0.0020574
19 0.00177477
20 0.00147376
21 0.0012757
22 0.00116782
23 0.00111151
24 0.00104923
25 0.00102449
26 0.00104896
27 0.00105896
28 0.00111979
29 0.00125825
30 0.00142734
31 0.0016864
32 0.00211324
33 0.00272443
34 0.0035849
35 0.00468044
36 0.00595368
37 0.00779578
38 0.00959515
39 0.0113279
40 0.0134506
41 0.0166759
42 0.0218206
43 0.0288484
44 0.0372575
45 0.053025
46 0.0905835
47 0.2226
