0 1.39953
1 0.206514
2 0.081688
3 0.0521782
4 0.0416469
5 0.0354331
6 0.029891
7 0.0262163
8 0.0221494
9 0.0174533
10 0.0141713
11 0.0115194
12 0.00944874
13 0.00770652
14 0.00623417
15 0.00501326
16 0.00409629
17 0.00338146
18 0.00286573
19 0.00260771
20 0.00242851
21 0.00244269
22 0.00240243
23 0.00225814
24 0.00212702
25 0.00206461
26 0.00213538
27 0.00235707
28 0.0027124
29 0.00306952
30 0.00338504
31 0.00375844
32 0.00423045
33 0.00476599
34 0.00564643
35 0.00721309
36 0.00911113
37 0.0109608
38 0.0122061
39 0.01386
40 0.0160337
41 0.0194171
42 0.0241169
43 0.0298127
44 0.0370169
45 0.0487035
46 0.0804011
47 0.204941
