0 1.39897
1 0.204021
2 0.0775359
3 0.0454383
4 0.0334233
5 0.027677
6 0.0241566
7 0.0212812
8 0.0181425
9 0.0158621
10 0.0137159
11 0.011551
12 0.00983013
13 0.00845181
14 0.00731426
15 0.00628433
16 0.00548266
17 0.004887
18 0.00461536
19 0.00443429
20 0.00433585
21 0.00435368
22 0.00408228
23 0.00379719
24 0.00361741
25 0.00350308
26 0.00352344
27 0.00366273
28 0.00391629
29 0.0041627
30 0.00449439
31 0.00494566
32 0.0054556
33 0.00612477
34 0.0070325
35 0.00822363
36 0.00942751
37 0.0109394
38 0.0125054
39 0.014512
40 0.0168167
41 0.019331
42 0.0221807
43 0.0260357
44 0.0322595
45 0.0444131
46 0.0772337
47 0.204302
