0 1.40537
1 0.207357
2 0.0812507
3 0.0488484
4 0.0359547
5 0.0291569
6 0.02357
7 0.0191549
8 0.0157802
9 0.0125774
10 0.0097476
11 0.0077995
12 0.00657543
13 0.00568605
14 0.00473835
15 0.00394821
16 0.00345434
17 0.00292122
18 0.00240945
19 0.00205348
20 0.00188159
21 0.00174284
22 0.00161695
23 0.00155405
24 0.00155841
25 0.00167481
26 0.00187239
27 0.00209007
28 0.00226111
29 0.00267577
30 0.00333862
31 0.00410815
32 0.00498023
33 0.00573508
34 0.0064805
35 0.00756617
36 0.00882191
37 0.00990392
38 0.0108036
39 0.0121788
40 0.0140731
41 0.0168017
42 0.0206299
43 0.0259578
44 0.03369
45 0.0481303
46 0.0818252
47 0.210593
