0 1.41508
1 0.212498
2 0.0826736
3 0.0490211
4 0.0358214
5 0.0281299
6 0.0228887
7 0.0193479
8 0.0167738
9 0.0144987
10 0.0126732
11 0.0111717
12 0.00978784
13 0.00842386
14 0.00693611
15 0.00574939
16 0.00487595
17 0.0041885
18 0.0036447
19 0.00318583
20 0.0028242
21 0.00251421
22 0.00235468
23 0.00228498
24 0.002257
25 0.00224791
26 0.00235184
27 0.00265274
28 0.00301745
29 0.00333583
30 0.00376896
31 0.00431993
32 0.00490729
33 0.00579977
34 0.00674228
35 0.00793561
36 0.00965921
37 0.0118357
38 0.0136565
39 0.0162792
40 0.0193352
41 0.0226002
42 0.0254986
43 0.0297116
44 0.0363172
45 0.0492344
46 0.0835983
47 0.213727
