0 1.41868
1 0.222693
2 0.0914299
3 0.0549131
4 0.0396443
5 0.0310097
6 0.0243555
7 0.0189004
8 0.0150139
9 0.012556
10 0.0104998
11 0.00915976
12 0.00796756
13 0.00685281
14 0.0061206
15 0.00553486
16 0.00502877
17 0.00448505
18 0.00392403
19 0.00337342
20 0.00290338
21 0.00261653
22 0.00246401
23 0.00230099
24 0.00221411
25 0.00224775
26 0.00241517
27 0.0026985
28 0.00303348
29 0.00332999
30 0.00360977
31 0.00385265
32 0.00426246
33 0.00497407
34 0.00587337
35 0.00697458
36 0.00845271
37 0.0100115
38 0.0119973
39 0.0144901
40 0.0173176
41 0.0212433
42 0.0257512
43 0.0311763
44 0.0388971
45 0.0524294
46 0.0863733
47 0.215924
