0 1.38079
1 0.189082
2 0.0645998
3 0.0339306
4 0.0226493
5 0.0166579
6 0.0127081
7 0.00975967
8 0.00756036
9 0.00572364
10 0.00453707
11 0.00375216
12 0.00313276
13 0.00258393
14 0.0021456
15 0.00177615
16 0.00145369
17 0.00126245
18 0.00123659
19 0.00116505
20 0.00106602
21 0.000988202
22 0.000937783
23 0.000989813
24 0.00105782
25 0.0011055
26 0.00121688
27 0.00130745
28 0.0014699
29 0.0016688
30 0.00186633
31 0.00216056
32 0.00252823
33 0.0030351
34 0.00355554
35 0.00430628
36 0.00526827
37 0.00615487
38 0.00701668
39 0.00803475
40 0.00956446
41 0.0115625
42 0.0142812
43 0.0185142
44 0.0246981
45 0.0355529
46 0.0651893
47 0.188836
