0 1.41497
1 0.21245
2 0.0826763
3 0.0490879
4 0.0359615
5 0.0283728
6 0.0232135
7 0.0197108
8 0.0171822
9 0.0149282
10 0.0131043
11 0.0115946
12 0.0101649
13 0.00873727
14 0.00720815
15 0.00601666
16 0.00513632
17 0.00443602
18 0.00387668
19 0.00340927
20 0.00303302
21 0.00269802
22 0.00252025
23 0.00243754
24 0.00239859
25 0.00237344
26 0.00246142
27 0.00275778
28 0.00312207
29 0.00344941
30 0.00388861
31 0.00444294
32 0.00502829
33 0.00591712
34 0.00684492
35 0.00801033
36 0.00970929
37 0.011868
38 0.0136977
39 0.0163433
40 0.0194364
41 0.022716
42 0.0255817
43 0.0297648
44 0.0363343
45 0.0492012
46 0.0834761
47 0.21358
