0 1.40919
1 0.219331
2 0.0934291
3 0.0611351
4 0.0485125
5 0.0410256
6 0.0356442
7 0.0313494
8 0.0284255
9 0.0256875
10 0.0227654
11 0.0199872
12 0.0175095
13 0.0153847
14 0.0135176
15 0.0118508
16 0.0102499
17 0.0089083
18 0.00763184
19 0.0064624
20 0.00562332
21 0.00485987
22 0.004299
23 0.00409577
24 0.00400617
25 0.00387023
26 0.00379631
27 0.00381143
28 0.00388476
29 0.00406171
30 0.00442979
31 0.0048807
32 0.00555739
33 0.00640501
34 0.00756006
35 0.00871668
36 0.00985813
37 0.0114797
38 0.0141074
39 0.0176405
40 0.0216389
41 0.0257145
42 0.0306849
43 0.0370528
44 0.0456802
45 0.0599251
46 0.0922407
47 0.217043
