0 1.38886
1 0.195543
2 0.0699605
3 0.03963
4 0.0295376
5 0.0241209
6 0.0198218
7 0.0159925
8 0.0131431
9 0.0107675
10 0.00865463
11 0.00699375
12 0.00577834
13 0.0047878
14 0.00409155
15 0.00357602
16 0.00320456
17 0.00284692
18 0.00271936
19 0.00259647
20 0.00240241
21 0.00221947
22 0.00198433
23 0.00179198
24 0.00175079
25 0.00184085
26 0.00206418
27 0.00232188
28 0.00252684
29 0.00283815
30 0.00317457
31 0.00337386
32 0.00357806
33 0.00391229
34 0.00441573
35 0.0050685
36 0.00589971
37 0.00705284
38 0.0085252
39 0.0106487
40 0.0136883
41 0.017403
42 0.0204141
43 0.023879
44 0.0293443
45 0.0399428
46 0.0692146
47 0.193444
