0 1.40426
1 0.20742
2 0.0776123
3 0.044842
4 0.0324171
5 0.0250199
6 0.0205264
7 0.0172558
8 0.0150186
9 0.0132411
10 0.0114886
11 0.00981972
12 0.00828045
13 0.00682999
14 0.0055912
15 0.0045166
16 0.00384043
17 0.00336165
18 0.00296117
19 0.00272396
20 0.00266373
21 0.00270433
22 0.00260747
23 0.00256872
24 0.00257994
25 0.00268147
26 0.00277637
27 0.00290572
28 0.00321449
29 0.00354677
30 0.0040834
31 0.00457618
32 0.00530543
33 0.00645565
34 0.00802141
35 0.00956106
36 0.0110769
37 0.012485
38 0.0139812
39 0.0158183
40 0.0187945
41 0.023668
42 0.0300626
43 0.0359685
44 0.042124
45 0.053337
46 0.0850486
47 0.210096
