0 1.40437
1 0.211645
2 0.0844881
3 0.0521969
4 0.0379411
5 0.0283333
6 0.0210696
7 0.016325
8 0.0131296
9 0.0114086
10 0.00977239
11 0.00833651
12 0.00738176
13 0.00640683
14 0.00580088
15 0.00527284
16 0.00452533
17 0.00405134
18 0.00366556
19 0.00320115
20 0.00273873
21 0.00255721
22 0.00256438
23 0.00249453
24 0.00236328
25 0.00225307
26 0.00223803
27 0.00227948
28 0.00248091
29 0.00280507
30 0.00317595
31 0.0033982
32 0.0037239
33 0.0043427
34 0.0052593
35 0.00637038
36 0.00735587
37 0.00834577
38 0.00969968
39 0.0117904
40 0.0145008
41 0.0175823
42 0.0211352
43 0.0270686
44 0.0366597
45 0.0523931
46 0.0875883
47 0.214919
