0 1.40818
1 0.212365
2 0.0827023
3 0.0477889
4 0.0343686
5 0.0274294
6 0.0227766
7 0.0189187
8 0.0160944
9 0.0138494
10 0.012072
11 0.0102743
12 0.00817297
13 0.00624084
14 0.00467019
15 0.00381028
16 0.00330103
17 0.00292985
18 0.00253401
19 0.00216173
20 0.00185026
21 0.00161407
22 0.00146565
23 0.00133689
24 0.00132936
25 0.00141752
26 0.00156999
27 0.0017196
28 0.00188495
29 0.00212417
30 0.00243828
31 0.0028094
32 0.00340259
33 0.00416122
34 0.00500353
35 0.00555007
36 0.00640785
37 0.00784675
38 0.0101001
39 0.0136859
40 0.0187354
41 0.0238519
42 0.0281116
43 0.0309763
44 0.0347593
45 0.0453169
46 0.0785982
47 0.207485
