0 1.41866
1 0.216443
2 0.087753
3 0.0551345
4 0.0417554
5 0.0337631
6 0.028541
7 0.0243521
8 0.0204116
9 0.0169838
10 0.0142343
11 0.0123348
12 0.0110209
13 0.00994764
14 0.0090068
15 0.00777308
16 0.00658647
17 0.00555999
18 0.00476378
19 0.00414929
20 0.00363988
21 0.00316843
22 0.00284226
23 0.00265553
24 0.00283014
25 0.00325154
26 0.00382421
27 0.00441898
28 0.00493591
29 0.00572399
30 0.00665649
31 0.00732038
32 0.0080087
33 0.0088708
34 0.010036
35 0.0114079
36 0.0124257
37 0.0136255
38 0.0152125
39 0.0175003
40 0.0208832
41 0.0251259
42 0.0300858
43 0.0367791
44 0.0459722
45 0.0620403
46 0.0993054
47 0.227496
