0 1.40019
1 0.206875
2 0.081422
3 0.0493421
4 0.0374079
5 0.0311236
6 0.0262083
7 0.0231711
8 0.0210362
9 0.0186401
10 0.0160845
11 0.0137575
12 0.0114403
13 0.00956547
14 0.00790632
15 0.00663446
16 0.00578694
17 0.00514983
18 0.00464252
19 0.0042552
20 0.00392526
21 0.00370224
22 0.00354407
23 0.00335531
24 0.0032425
25 0.00327668
26 0.00340428
27 0.00345279
28 0.00352471
29 0.0037745
30 0.00427893
31 0.00494493
32 0.00587427
33 0.00720496
34 0.00840278
35 0.00955052
36 0.0106158
37 0.0122273
38 0.0140337
39 0.0161374
40 0.0184632
41 0.0213291
42 0.0245466
43 0.0285242
44 0.0352203
45 0.047139
46 0.0786308
47 0.205559
