0 1.39937
1 0.20898
2 0.0858848
3 0.0541477
4 0.0422572
5 0.0345127
6 0.0286819
7 0.0243815
8 0.020228
9 0.0158627
10 0.0129074
11 0.0106277
12 0.00926739
13 0.00803734
14 0.00676669
15 0.00544306
16 0.00455648
17 0.00411035
18 0.00369188
19 0.00329446
20 0.00295095
21 0.00267734
22 0.00243103
23 0.00226456
24 0.00219413
25 0.00218406
26 0.00227264
27 0.00230702
28 0.00236935
29 0.00249739
30 0.00278156
31 0.00320922
32 0.00366464
33 0.0041996
34 0.00496588
35 0.00601277
36 0.00748301
37 0.00942761
38 0.0115547
39 0.0136486
40 0.0161684
41 0.0192127
42 0.0230161
43 0.0277978
44 0.0342027
45 0.0457087
46 0.0768097
47 0.202939
