0 1.39622
1 0.19764
2 0.0714495
3 0.0403425
4 0.0291253
5 0.0224877
6 0.0181317
7 0.0151115
8 0.0124254
9 0.00994909
10 0.00792029
11 0.00630105
12 0.00496272
13 0.00394093
14 0.00326094
15 0.00269107
16 0.00230029
17 0.00194265
18 0.0016091
19 0.00137828
20 0.00119756
21 0.00110496
22 0.00107022
23 0.00112472
24 0.00121818
25 0.00137904
26 0.00160815
27 0.00185741
28 0.0021093
29 0.00240891
30 0.00286052
31 0.00339156
32 0.00398422
33 0.00480808
34 0.0057398
35 0.00695511
36 0.00847978
37 0.0101149
38 0.0117692
39 0.0136215
40 0.0152202
41 0.0173077
42 0.0204004
43 0.0241088
44 0.0304488
45 0.0433404
46 0.0758507
47 0.202939
