0 1.42158
1 0.230308
2 0.0998142
3 0.0633175
4 0.0471892
5 0.0365305
6 0.0288788
7 0.0241628
8 0.0204056
9 0.0170491
10 0.0143957
11 0.0122683
12 0.0104708
13 0.00908287
14 0.00783885
15 0.00675437
16 0.00595805
17 0.00522918
18 0.00466759
19 0.00422999
20 0.00387223
21 0.00364952
22 0.00358802
23 0.00354745
24 0.00349922
25 0.0036533
26 0.00380021
27 0.00418183
28 0.00458474
29 0.0049792
30 0.00541388
31 0.00629493
32 0.00714646
33 0.0078507
34 0.00862436
35 0.00957551
36 0.0108831
37 0.0124253
38 0.0145997
39 0.0172581
40 0.0201515
41 0.0238744
42 0.0285063
43 0.0341598
44 0.042752
45 0.058454
46 0.0926774
47 0.224313
