0 1.40012
1 0.206231
2 0.0817398
3 0.0505913
4 0.0379656
5 0.0313793
6 0.0267153
7 0.0215809
8 0.0179658
9 0.0155749
10 0.0130702
11 0.0106578
12 0.00876711
13 0.00737229
14 0.00634195
15 0.00543955
16 0.0046099
17 0.00400579
18 0.0035673
19 0.00314594
20 0.00281996
21 0.00261262
22 0.00235368
23 0.00218092
24 0.00211005
25 0.00216485
26 0.00224917
27 0.00240573
28 0.00266576
29 0.00301701
30 0.00345193
31 0.00396411
32 0.00448691
33 0.00494711
34 0.00553134
35 0.00638259
36 0.0074186
37 0.00900822
38 0.0108322
39 0.0131221
40 0.0160398
41 0.0196243
42 0.0241473
43 0.0295906
44 0.0361577
45 0.0481266
46 0.079364
47 0.204538
