0 1.39855
1 0.204172
2 0.0754585
3 0.0426832
4 0.0305715
5 0.0239031
6 0.0200778
7 0.0173114
8 0.0147794
9 0.0124638
10 0.0102614
11 0.00841773
12 0.00706437
13 0.00576885
14 0.00484306
15 0.00423567
16 0.00373144
17 0.00341939
18 0.00321342
19 0.00298313
20 0.00275773
21 0.00252079
22 0.00235205
23 0.00219857
24 0.00215651
25 0.00224518
26 0.00234698
27 0.00233975
28 0.00238635
29 0.00250423
30 0.00280364
31 0.00317804
32 0.00369192
33 0.00453793
34 0.00551904
35 0.00635435
36 0.00735219
37 0.00870005
38 0.0106081
39 0.012694
40 0.0147106
41 0.017115
42 0.0201397
43 0.0236262
44 0.0296037
45 0.0405492
46 0.0720828
47 0.198348
