0 1.41365
1 0.217829
2 0.0868754
3 0.0504987
4 0.0353557
5 0.0269769
6 0.0208711
7 0.0161594
8 0.0127328
9 0.0105218
10 0.00881296
11 0.00771174
12 0.00675886
13 0.0058034
14 0.00519486
15 0.00475453
16 0.00434637
17 0.00387409
18 0.00333082
19 0.00278856
20 0.00231991
21 0.0020494
22 0.0019271
23 0.00183223
24 0.00179721
25 0.00186046
26 0.00201128
27 0.00221239
28 0.0024763
29 0.00272298
30 0.00292753
31 0.00312192
32 0.00346033
33 0.00404968
34 0.0048205
35 0.0058039
36 0.00716713
37 0.00868215
38 0.0106262
39 0.0129794
40 0.0155658
41 0.0190819
42 0.0231034
43 0.0279491
44 0.0352665
45 0.0484925
46 0.0820697
47 0.21124
