0 1.40099
1 0.208021
2 0.0834487
3 0.0499435
4 0.0374554
5 0.0305195
6 0.0257226
7 0.0214731
8 0.0179186
9 0.0152172
10 0.012553
11 0.0105085
12 0.00876266
13 0.00732359
14 0.00624873
15 0.0055078
16 0.00484504
17 0.00424822
18 0.00373757
19 0.00330014
20 0.00296234
21 0.00265709
22 0.00238927
23 0.00211474
24 0.00192345
25 0.00186192
26 0.00192109
27 0.00208878
28 0.00228009
29 0.00241425
30 0.00254759
31 0.00281329
32 0.003241
33 0.0038441
34 0.00470016
35 0.00576289
36 0.00684859
37 0.00783867
38 0.00892522
39 0.0103823
40 0.0127914
41 0.0161931
42 0.0207265
43 0.0271376
44 0.0359107
45 0.0502579
46 0.0831325
47 0.208279
