0 1.41238
1 0.218681
2 0.0934961
3 0.0606477
4 0.0445189
5 0.0356884
6 0.0299055
7 0.0256001
8 0.0216652
9 0.0173599
10 0.0136147
11 0.0108318
12 0.00874884
13 0.00734414
14 0.00642298
15 0.00578909
16 0.00514577
17 0.00448621
18 0.00416056
19 0.00408607
20 0.00400156
21 0.00383693
22 0.00358915
23 0.00325893
24 0.00305863
25 0.00305533
26 0.00308662
27 0.00324221
28 0.00340728
29 0.00371497
30 0.00420168
31 0.00484379
32 0.00553616
33 0.00631055
34 0.00698791
35 0.00790965
36 0.00931514
37 0.0110468
38 0.0132203
39 0.015963
40 0.0194112
41 0.0240618
42 0.0292085
43 0.0357427
44 0.0433035
45 0.0549616
46 0.0863553
47 0.213079
