0 1.40533
1 0.209915
2 0.0824777
3 0.0483517
4 0.0343921
5 0.0268958
6 0.0219133
7 0.0179395
8 0.0145639
9 0.0116117
10 0.00955029
11 0.0079018
12 0.00658371
13 0.00578054
14 0.00515315
15 0.00457432
16 0.00415201
17 0.00358353
18 0.00314111
19 0.0027316
20 0.0023586
21 0.00210667
22 0.00192762
23 0.00177441
24 0.00167914
25 0.00167684
26 0.00176734
27 0.00183158
28 0.00196908
29 0.00219827
30 0.00256973
31 0.00296825
32 0.0035414
33 0.00440134
34 0.00544766
35 0.00664205
36 0.0079957
37 0.00925926
38 0.0108393
39 0.0129735
40 0.0151821
41 0.0180086
42 0.0218612
43 0.027493
44 0.0352871
45 0.0476834
46 0.0802709
47 0.20778
