0 1.40621
1 0.214766
2 0.0880665
3 0.0551681
4 0.042427
5 0.0339386
6 0.0285466
7 0.0245343
8 0.0206489
9 0.0164012
10 0.0131344
11 0.0109094
12 0.00931021
13 0.00782198
14 0.00686957
15 0.00608237
16 0.00532544
17 0.00472981
18 0.00426692
19 0.00393114
20 0.00369887
21 0.00347759
22 0.00332555
23 0.00315279
24 0.00313832
25 0.00327911
26 0.00355127
27 0.00388394
28 0.00417452
29 0.00454816
30 0.00495125
31 0.00547916
32 0.00619544
33 0.00726784
34 0.00893497
35 0.0109565
36 0.0132624
37 0.0153055
38 0.0179088
39 0.021358
40 0.0248024
41 0.0281349
42 0.0321107
43 0.0370467
44 0.0441434
45 0.0553621
46 0.0865961
47 0.21275
