0 1.42503
1 0.226317
2 0.096159
3 0.0623589
4 0.0477877
5 0.0368614
6 0.0290856
7 0.0235364
8 0.0196615
9 0.0164921
10 0.0136601
11 0.0114383
12 0.00967614
13 0.00826549
14 0.00709025
15 0.00598972
16 0.00511971
17 0.00440436
18 0.00384753
19 0.00352612
20 0.0032131
21 0.00294093
22 0.00271064
23 0.00260182
24 0.00259157
25 0.00263262
26 0.00284103
27 0.00323178
28 0.00397129
29 0.0050501
30 0.00613308
31 0.00716868
32 0.00855745
33 0.00979675
34 0.011263
35 0.0129147
36 0.0144314
37 0.0161194
38 0.0180337
39 0.0204653
40 0.0231754
41 0.0273868
42 0.0328562
43 0.039704
44 0.0502076
45 0.0649301
46 0.0986079
47 0.2261
