0 1.39964
1 0.207755
2 0.0794622
3 0.0460767
4 0.0335479
5 0.0272586
6 0.0240682
7 0.0205322
8 0.0171069
9 0.0136681
10 0.0109467
11 0.00853509
12 0.00681902
13 0.00584348
14 0.00522411
15 0.00455614
16 0.00405705
17 0.00351185
18 0.00293577
19 0.00251162
20 0.00222324
21 0.00208273
22 0.00202209
23 0.00201915
24 0.0020972
25 0.00206591
26 0.00208209
27 0.00221193
28 0.00243372
29 0.00285136
30 0.00340389
31 0.00374084
32 0.00402778
33 0.00438404
34 0.00485249
35 0.0054547
36 0.00625956
37 0.00737132
38 0.00888313
39 0.0108778
40 0.0133157
41 0.0158515
42 0.0188445
43 0.0227026
44 0.0286132
45 0.0409644
46 0.0733414
47 0.200586
