0 1.3964
1 0.20422
2 0.0774035
3 0.0454684
4 0.0326059
5 0.0257637
6 0.0212769
7 0.0180827
8 0.0159189
9 0.0140244
10 0.0123786
11 0.0106706
12 0.00887314
13 0.0076292
14 0.00662268
15 0.00558613
16 0.0045747
17 0.00375428
18 0.00311203
19 0.002515
20 0.00201927
21 0.00168362
22 0.00146092
23 0.0013571
24 0.00129481
25 0.00121426
26 0.00118107
27 0.00117891
28 0.00125724
29 0.00138035
30 0.00151954
31 0.00160887
32 0.00183889
33 0.00220115
34 0.00264024
35 0.00332836
36 0.00459621
37 0.00618401
38 0.00779781
39 0.00973127
40 0.0119772
41 0.0150183
42 0.0193446
43 0.0246197
44 0.0322949
45 0.046452
46 0.0782784
47 0.201878
