0 1.40199
1 0.209155
2 0.084777
3 0.0523478
4 0.04037
5 0.033739
6 0.0285271
7 0.0245527
8 0.0217019
9 0.0187722
10 0.0159939
11 0.0136505
12 0.0116556
13 0.0102635
14 0.00891716
15 0.00744302
16 0.00627124
17 0.0055977
18 0.00517164
19 0.00483691
20 0.00447792
21 0.00408956
22 0.00376156
23 0.00369061
24 0.0037602
25 0.00380638
26 0.00381333
27 0.00391667
28 0.00402816
29 0.00432419
30 0.00479132
31 0.00539329
32 0.00628291
33 0.0074753
34 0.00870023
35 0.0098623
36 0.0112878
37 0.0131517
38 0.0154551
39 0.0177017
40 0.0209015
41 0.024114
42 0.0281065
43 0.0342138
44 0.0426478
45 0.0570951
46 0.0903432
47 0.215012
