0 1.3973
1 0.207087
2 0.0826885
3 0.0516841
4 0.0399393
5 0.0343669
6 0.0297759
7 0.0256027
8 0.0213637
9 0.0178099
10 0.015052
11 0.0130599
12 0.0108127
13 0.00895132
14 0.00748795
15 0.00627375
16 0.00523133
17 0.00438083
18 0.00392678
19 0.00351705
20 0.00300518
21 0.00252452
22 0.00223024
23 0.00194682
24 0.00171757
25 0.00153125
26 0.0014387
27 0.00142829
28 0.0014844
29 0.00160046
30 0.00182459
31 0.00218102
32 0.0026256
33 0.00321529
34 0.00378059
35 0.00430289
36 0.0050319
37 0.00585239
38 0.00696475
39 0.00815672
40 0.00942565
41 0.0111837
42 0.0140857
43 0.0182015
44 0.0254735
45 0.0389045
46 0.0715412
47 0.198736
