0 1.40901
1 0.212124
2 0.0841943
3 0.051119
4 0.0374638
5 0.0292055
6 0.0238342
7 0.0197445
8 0.0158176
9 0.0126983
10 0.0102578
11 0.00832797
12 0.00700305
13 0.00599902
14 0.00513532
15 0.00448849
16 0.00391255
17 0.00329517
18 0.00278994
19 0.00244773
20 0.00217749
21 0.00195564
22 0.00180427
23 0.0017736
24 0.00184098
25 0.00201711
26 0.00232794
27 0.00271027
28 0.00299614
29 0.00329736
30 0.00371189
31 0.00421813
32 0.00460339
33 0.00499207
34 0.00596335
35 0.0074543
36 0.0091552
37 0.011308
38 0.0141761
39 0.0174277
40 0.0212018
41 0.0250617
42 0.0289064
43 0.0333655
44 0.0400662
45 0.0538282
46 0.0860224
47 0.213445
