0 1.41071
1 0.214811
2 0.0871012
3 0.0555707
4 0.0443513
5 0.0369115
6 0.0316928
7 0.0267632
8 0.0219353
9 0.0182652
10 0.015678
11 0.0137305
12 0.0120163
13 0.0103542
14 0.00898355
15 0.00763622
16 0.00658764
17 0.00553554
18 0.00471672
19 0.00419186
20 0.00386611
21 0.00358623
22 0.00333165
23 0.00319031
24 0.00304842
25 0.00293417
26 0.00292809
27 0.00307209
28 0.00330352
29 0.00352994
30 0.00363087
31 0.00378592
32 0.00398387
33 0.00433249
34 0.00487237
35 0.00564103
36 0.00671618
37 0.00818487
38 0.0101869
39 0.0125311
40 0.0155352
41 0.0191019
42 0.0229488
43 0.0278627
44 0.0351868
45 0.0481008
46 0.0819262
47 0.210822
