0 1.41118
1 0.217371
2 0.0922883
3 0.0582213
4 0.0444452
5 0.0373267
6 0.0323329
7 0.0277701
8 0.0234644
9 0.0194159
10 0.0159182
11 0.013174
12 0.0110709
13 0.00892309
14 0.00738579
15 0.00653076
16 0.0058942
17 0.00532802
18 0.0046779
19 0.00407142
20 0.00357034
21 0.00311661
22 0.00276973
23 0.00258689
24 0.00255386
25 0.00258564
26 0.00271503
27 0.00287022
28 0.00304518
29 0.00331961
30 0.00364299
31 0.00404554
32 0.00445983
33 0.00487723
34 0.00546069
35 0.00628177
36 0.00738307
37 0.00851516
38 0.00986061
39 0.011464
40 0.0137082
41 0.016823
42 0.0208088
43 0.025573
44 0.0330595
45 0.0468951
46 0.0805976
47 0.210429
