0 1.41388
1 0.21968
2 0.0898022
3 0.0559723
4 0.0435763
5 0.0365741
6 0.0322741
7 0.0271277
8 0.0226693
9 0.0189844
10 0.0164229
11 0.014089
12 0.0121937
13 0.0103611
14 0.00874049
15 0.00744878
16 0.00640446
17 0.00550649
18 0.00492739
19 0.00441312
20 0.00380485
21 0.00339552
22 0.00316939
23 0.00297537
24 0.00292494
25 0.00279377
26 0.00277977
27 0.00287089
28 0.00312036
29 0.00344197
30 0.00373905
31 0.00415499
32 0.0045524
33 0.00504222
34 0.00565136
35 0.00645388
36 0.00743284
37 0.0086998
38 0.010552
39 0.0129704
40 0.0158742
41 0.018806
42 0.0228032
43 0.0292019
44 0.0384668
45 0.0531247
46 0.0889631
47 0.219461
