0 1.40139
1 0.206818
2 0.0812076
3 0.0492662
4 0.036971
5 0.0300681
6 0.0249922
7 0.021977
8 0.0194355
9 0.0170109
10 0.0144276
11 0.012218
12 0.0100643
13 0.00813571
14 0.00648019
15 0.00526573
16 0.00430888
17 0.00375028
18 0.00339261
19 0.00307446
20 0.00285622
21 0.00267609
22 0.00246362
23 0.00226843
24 0.00219714
25 0.00219974
26 0.0022471
27 0.00234215
28 0.00245976
29 0.00254387
30 0.00272591
31 0.00291477
32 0.00333203
33 0.00371561
34 0.00425771
35 0.00485309
36 0.00557762
37 0.00640324
38 0.00757783
39 0.00895467
40 0.0110091
41 0.0132848
42 0.0163349
43 0.0211795
44 0.0288109
45 0.0413031
46 0.0735411
47 0.201169
