0 1.3997
1 0.210461
2 0.0861372
3 0.054624
4 0.0408993
5 0.0321691
6 0.0255679
7 0.0204546
8 0.0164212
9 0.0133432
10 0.0111505
11 0.00937011
12 0.00811301
13 0.00717814
14 0.00636849
15 0.00546793
16 0.00466657
17 0.00399569
18 0.00335281
19 0.002799
20 0.00241945
21 0.00221197
22 0.00206657
23 0.00196829
24 0.00190218
25 0.00191938
26 0.00194003
27 0.00209284
28 0.00231641
29 0.00260298
30 0.00294918
31 0.00335302
32 0.00374783
33 0.00435115
34 0.0049282
35 0.005491
36 0.00630032
37 0.0071917
38 0.00817391
39 0.00950152
40 0.0116369
41 0.0149778
42 0.0193814
43 0.0254455
44 0.0333919
45 0.0456968
46 0.0773258
47 0.20415
