0 1.41561
1 0.218186
2 0.0893966
3 0.0534617
4 0.0375203
5 0.0275375
6 0.0203632
7 0.0159995
8 0.0136931
9 0.0117334
10 0.00993375
11 0.0087462
12 0.00770317
13 0.00658581
14 0.00530824
15 0.004214
16 0.0036089
17 0.00322874
18 0.0028484
19 0.0023472
20 0.00195548
21 0.00174822
22 0.00169256
23 0.00167507
24 0.00163448
25 0.00162286
26 0.00170076
27 0.00185319
28 0.00202792
29 0.00224535
30 0.00257499
31 0.00302353
32 0.00368796
33 0.00463834
34 0.00590489
35 0.00721881
36 0.0088146
37 0.0108832
38 0.0131824
39 0.0158437
40 0.0189903
41 0.0221908
42 0.0259302
43 0.0303267
44 0.0381001
45 0.0537842
46 0.0891739
47 0.216247
