0 1.39375
1 0.203974
2 0.0813209
3 0.0496188
4 0.0375378
5 0.0300792
6 0.0243626
7 0.0203933
8 0.0167926
9 0.0131096
10 0.0106404
11 0.00857068
12 0.00732392
13 0.00619636
14 0.00500858
15 0.00381709
16 0.00304816
17 0.00266783
18 0.00236134
19 0.00209017
20 0.00183894
21 0.0016212
22 0.00143387
23 0.0013031
24 0.00125135
25 0.00125198
26 0.0013325
27 0.00138062
28 0.00147152
29 0.00163269
30 0.00192583
31 0.00230449
32 0.00269115
33 0.00312994
34 0.00372735
35 0.00453914
36 0.00562258
37 0.00707866
38 0.00868511
39 0.0104536
40 0.0127052
41 0.0153717
42 0.0189079
43 0.0233104
44 0.0293752
45 0.0406977
46 0.0716242
47 0.197549
