0 1.40796
1 0.218334
2 0.0935403
3 0.0615222
4 0.0485076
5 0.0419297
6 0.0362003
7 0.0307517
8 0.0255835
9 0.0213491
10 0.0183128
11 0.0162577
12 0.0139688
13 0.0120036
14 0.0103685
15 0.0089899
16 0.00768465
17 0.00660398
18 0.00599198
19 0.00548606
20 0.00485378
21 0.00422017
22 0.00379624
23 0.00336677
24 0.00300518
25 0.00274043
26 0.00264458
27 0.00262816
28 0.00270536
29 0.00284758
30 0.0030404
31 0.00341343
32 0.00392741
33 0.00466311
34 0.00536496
35 0.00600582
36 0.00696898
37 0.00807883
38 0.00956392
39 0.0110114
40 0.0125618
41 0.0146573
42 0.0180577
43 0.0227304
44 0.0306341
45 0.0450882
46 0.0787036
47 0.207085
