0 1.39867
1 0.205728
2 0.0813023
3 0.0489567
4 0.0371411
5 0.0306407
6 0.0256326
7 0.0218759
8 0.0191732
9 0.016486
10 0.013909
11 0.0118397
12 0.0101581
13 0.00896315
14 0.00776506
15 0.00641778
16 0.00534998
17 0.00473908
18 0.00436941
19 0.00414376
20 0.00388134
21 0.00355096
22 0.003257
23 0.00320583
24 0.00327926
25 0.00331505
26 0.00332523
27 0.00341208
28 0.00350306
29 0.00377747
30 0.00420488
31 0.00473884
32 0.0055522
33 0.00663973
34 0.00771358
35 0.00872621
36 0.00994323
37 0.011581
38 0.01366
39 0.015861
40 0.0190386
41 0.0221881
42 0.0261736
43 0.0322477
44 0.0405729
45 0.0547814
46 0.0878984
47 0.212289
