0 1.42163
1 0.22106
2 0.0900873
3 0.0562063
4 0.0430339
5 0.0349202
6 0.0277171
7 0.0214873
8 0.0175508
9 0.0149285
10 0.0130435
11 0.0118376
12 0.0107068
13 0.00905964
14 0.00779737
15 0.0065412
16 0.00549774
17 0.00471064
18 0.00412066
19 0.00372749
20 0.00340608
21 0.00318611
22 0.00309706
23 0.00314417
24 0.00326236
25 0.003427
26 0.00356501
27 0.00376555
28 0.00408747
29 0.0045598
30 0.00502222
31 0.00570824
32 0.00658295
33 0.00798293
34 0.00978343
35 0.0118728
36 0.0139949
37 0.0162762
38 0.0184264
39 0.021009
40 0.0242311
41 0.0281879
42 0.0317055
43 0.0365118
44 0.0449761
45 0.0597098
46 0.0955378
47 0.227332
