0 1.41978
1 0.219454
2 0.0885897
3 0.0547579
4 0.0415936
5 0.0335287
6 0.0264691
7 0.0203747
8 0.0164942
9 0.0139043
10 0.012081
11 0.0109444
12 0.00987333
13 0.00831275
14 0.00712331
15 0.00596589
16 0.00501531
17 0.00429365
18 0.0037464
19 0.00338115
20 0.0030833
21 0.00288872
22 0.00281798
23 0.00287076
24 0.00299014
25 0.00315196
26 0.00328399
27 0.00347839
28 0.00378344
29 0.00423148
30 0.0046644
31 0.00530339
32 0.00611873
33 0.00742896
34 0.00914063
35 0.0111137
36 0.0131286
37 0.0153614
38 0.0174827
39 0.0200275
40 0.0231918
41 0.0270755
42 0.030554
43 0.0352686
44 0.0436144
45 0.0582059
46 0.0938628
47 0.225526
