0 1.39946
1 0.205264
2 0.078281
3 0.0463182
4 0.0334832
5 0.0260885
6 0.0204747
7 0.0166794
8 0.0142083
9 0.0121659
10 0.0100888
11 0.00864027
12 0.00767704
13 0.00670676
14 0.00598546
15 0.00518545
16 0.00455885
17 0.00398963
18 0.00339393
19 0.00290878
20 0.00247438
21 0.00211387
22 0.00189876
23 0.00169254
24 0.00157813
25 0.001563
26 0.00167069
27 0.00189498
28 0.00229602
29 0.00273888
30 0.00307687
31 0.00345035
32 0.00406248
33 0.00474189
34 0.00546861
35 0.00653263
36 0.00820887
37 0.0104739
38 0.0128206
39 0.0153826
40 0.0184482
41 0.0221495
42 0.0269776
43 0.0322673
44 0.0373455
45 0.0482911
46 0.0793278
47 0.204165
