0 1.4021
1 0.206291
2 0.0782384
3 0.0442311
4 0.0306557
5 0.0227868
6 0.0184365
7 0.0158487
8 0.0134693
9 0.0112923
10 0.0095372
11 0.00811421
12 0.00659864
13 0.00530586
14 0.00441603
15 0.00387128
16 0.00341372
17 0.00306382
18 0.00282003
19 0.00262665
20 0.00233658
21 0.00206199
22 0.00190869
23 0.00185858
24 0.00179543
25 0.00178455
26 0.00180135
27 0.00183356
28 0.001943
29 0.00214268
30 0.00232694
31 0.00259477
32 0.00305094
33 0.00363957
34 0.00432991
35 0.00516052
36 0.00621254
37 0.00765964
38 0.00945114
39 0.0119139
40 0.0146913
41 0.0174691
42 0.0205997
43 0.0240916
44 0.0292742
45 0.0412461
46 0.0744676
47 0.203077
