0 1.40979
1 0.212845
2 0.0864572
3 0.0533463
4 0.0376554
5 0.0276537
6 0.0219315
7 0.0183366
8 0.0156448
9 0.0132372
10 0.0109253
11 0.00916425
12 0.00798209
13 0.00700413
14 0.00617978
15 0.00535088
16 0.00449158
17 0.00393506
18 0.00346519
19 0.00310569
20 0.00286286
21 0.00273479
22 0.00274581
23 0.00279591
24 0.00278863
25 0.00292087
26 0.00318749
27 0.00365691
28 0.00432237
29 0.00496756
30 0.00565383
31 0.00639633
32 0.00706595
33 0.00791001
34 0.00918448
35 0.0104236
36 0.0117508
37 0.0134465
38 0.0151644
39 0.0177132
40 0.020195
41 0.0222959
42 0.0254177
43 0.0301075
44 0.037122
45 0.0502571
46 0.0822311
47 0.210533
