0 1.40889
1 0.213169
2 0.0864569
3 0.0544962
4 0.041101
5 0.0325673
6 0.0262475
7 0.0216731
8 0.0185779
9 0.0165239
10 0.0148988
11 0.0134462
12 0.0119364
13 0.0102033
14 0.00868873
15 0.00729612
16 0.00601701
17 0.00510025
18 0.00449701
19 0.00401801
20 0.0036391
21 0.003374
22 0.00321935
23 0.00300796
24 0.00273984
25 0.00261856
26 0.00263893
27 0.00265429
28 0.00271288
29 0.00288894
30 0.00316577
31 0.00364136
32 0.00430147
33 0.00496024
34 0.00569347
35 0.00647212
36 0.00748159
37 0.00894179
38 0.0108316
39 0.0130037
40 0.015677
41 0.0185089
42 0.022126
43 0.0272611
44 0.0360396
45 0.0510179
46 0.0859777
47 0.213395
