0 1.40638
1 0.212669
2 0.0873066
3 0.055034
4 0.0415577
5 0.0324266
6 0.026492
7 0.022822
8 0.0201789
9 0.0175203
10 0.0154399
11 0.0134682
12 0.0111858
13 0.00934375
14 0.00774219
15 0.00648889
16 0.00544706
17 0.004718
18 0.0040562
19 0.00338554
20 0.00295473
21 0.00272412
22 0.00258852
23 0.00252709
24 0.00256003
25 0.00268081
26 0.00287062
27 0.00304161
28 0.00328756
29 0.00357282
30 0.00389854
31 0.00439176
32 0.00468337
33 0.00506193
34 0.00579727
35 0.0069611
36 0.00831236
37 0.00971666
38 0.0116005
39 0.0141989
40 0.0174935
41 0.0204984
42 0.0233193
43 0.0273189
44 0.0330507
45 0.0444433
46 0.0775401
47 0.207894
