0 1.40642
1 0.217033
2 0.0896251
3 0.0561757
4 0.04483
5 0.0377159
6 0.0324498
7 0.0281992
8 0.0243891
9 0.0207956
10 0.0183175
11 0.0161469
12 0.0137645
13 0.0112867
14 0.00924976
15 0.0075999
16 0.00612673
17 0.00496505
18 0.00413718
19 0.00356502
20 0.00313419
21 0.00277353
22 0.00250252
23 0.00226483
24 0.00216051
25 0.00223614
26 0.00236983
27 0.00261804
28 0.00281468
29 0.00311661
30 0.00361947
31 0.00419777
32 0.00491819
33 0.00604144
34 0.00713069
35 0.00831916
36 0.00949976
37 0.0107223
38 0.011956
39 0.0140654
40 0.0166332
41 0.0196815
42 0.0238591
43 0.0300296
44 0.0389241
45 0.052114
46 0.0844543
47 0.211337
