0 1.39601
1 0.201168
2 0.0735994
3 0.041299
4 0.0293417
5 0.0226246
6 0.0184183
7 0.0149529
8 0.0120823
9 0.00968701
10 0.00790394
11 0.00655238
12 0.0054767
13 0.0046083
14 0.0038262
15 0.00320868
16 0.00267749
17 0.00210698
18 0.00166867
19 0.00137433
20 0.00112819
21 0.000931469
22 0.000787555
23 0.00074082
24 0.000762879
25 0.000877203
26 0.00107298
27 0.00127747
28 0.00154596
29 0.00197954
30 0.00255099
31 0.00328379
32 0.00414591
33 0.00503708
34 0.0060547
35 0.00725722
36 0.00867596
37 0.0103712
38 0.0124046
39 0.0148139
40 0.0171302
41 0.0200628
42 0.0231837
43 0.0278724
44 0.0351572
45 0.048167
46 0.0785148
47 0.202319
