0 1.40188
1 0.208496
2 0.0835702
3 0.0541417
4 0.0437533
5 0.037712
6 0.0322742
7 0.0286306
8 0.0244888
9 0.0195795
10 0.0160769
11 0.0132038
12 0.0109229
13 0.00896469
14 0.00733975
15 0.00597398
16 0.00494134
17 0.00416065
18 0.00358347
19 0.00331253
20 0.00311839
21 0.00313807
22 0.00310978
23 0.00292532
24 0.00275666
25 0.00267865
26 0.00277268
27 0.00306465
28 0.00348295
29 0.00390021
30 0.00429233
31 0.00476513
32 0.00530348
33 0.00587901
34 0.00676456
35 0.00834258
36 0.0102418
37 0.0120164
38 0.0131817
39 0.0148201
40 0.0170485
41 0.0205628
42 0.025341
43 0.0311334
44 0.0385268
45 0.0504126
46 0.0822319
47 0.206904
