0 1.39166
1 0.199116
2 0.0747167
3 0.044532
4 0.034135
5 0.0279837
6 0.0247055
7 0.0216016
8 0.0183411
9 0.0151376
10 0.0120608
11 0.00997887
12 0.00824839
13 0.00697584
14 0.00604406
15 0.00503799
16 0.00410024
17 0.00327256
18 0.00277854
19 0.00254902
20 0.00226924
21 0.00202568
22 0.0018362
23 0.00173128
24 0.00173986
25 0.00185543
26 0.00191135
27 0.00191879
28 0.00204199
29 0.00213274
30 0.00227843
31 0.00253949
32 0.00276274
33 0.00309659
34 0.00363413
35 0.00446051
36 0.00542412
37 0.00652355
38 0.00795412
39 0.00946244
40 0.0116365
41 0.0143418
42 0.0180219
43 0.0230461
44 0.0306803
45 0.0443111
46 0.0776268
47 0.204555
