0 1.41194
1 0.216475
2 0.0886508
3 0.0552454
4 0.0407854
5 0.0326185
6 0.0268086
7 0.0223033
8 0.0180765
9 0.0145649
10 0.0122252
11 0.0105226
12 0.00920212
13 0.00796153
14 0.0069214
15 0.00593659
16 0.00506906
17 0.00428132
18 0.00355317
19 0.00294577
20 0.00256093
21 0.0023133
22 0.00215854
23 0.00210151
24 0.00209798
25 0.00216853
26 0.00232113
27 0.00252672
28 0.00279672
29 0.00312857
30 0.0036451
31 0.0041437
32 0.00457652
33 0.00511109
34 0.00592933
35 0.00693869
36 0.00820678
37 0.0095818
38 0.0110375
39 0.0133145
40 0.0164829
41 0.0203036
42 0.024655
43 0.0308278
44 0.0411464
45 0.0572723
46 0.0899231
47 0.216055
