0 1.40018
1 0.208997
2 0.0844279
3 0.0548797
4 0.042968
5 0.033811
6 0.0263478
7 0.0209346
8 0.0172196
9 0.0141441
10 0.0117197
11 0.0101078
12 0.00861466
13 0.00710051
14 0.00584941
15 0.00486695
16 0.0041032
17 0.00341533
18 0.00283015
19 0.00229384
20 0.00187416
21 0.00160251
22 0.00149643
23 0.00158931
24 0.0017175
25 0.00171692
26 0.00168233
27 0.00173095
28 0.00185971
29 0.00212279
30 0.00244734
31 0.00278857
32 0.00330335
33 0.00386661
34 0.00447539
35 0.00527664
36 0.00644286
37 0.00797929
38 0.00989993
39 0.0123812
40 0.0146256
41 0.0168164
42 0.0199948
43 0.024309
44 0.0320497
45 0.0446755
46 0.0767425
47 0.204858
