0 1.40333
1 0.208268
2 0.081613
3 0.049599
4 0.0369872
5 0.029021
6 0.0231087
7 0.0176498
8 0.0148632
9 0.0127222
10 0.0102898
11 0.00848184
12 0.00710383
13 0.00585471
14 0.00463727
15 0.00361978
16 0.00296289
17 0.00255659
18 0.0022161
19 0.00189433
20 0.00167368
21 0.00153275
22 0.00143502
23 0.00134036
24 0.00129954
25 0.00126381
26 0.0012488
27 0.00136503
28 0.00156514
29 0.00191031
30 0.00240248
31 0.00284842
32 0.0032977
33 0.00400057
34 0.00501233
35 0.00586429
36 0.00664733
37 0.00780291
38 0.00941395
39 0.0113766
40 0.013811
41 0.0167866
42 0.0206538
43 0.0258199
44 0.0346591
45 0.0485343
46 0.0812851
47 0.208784
