0 1.40295
1 0.210598
2 0.0846751
3 0.051308
4 0.0354841
5 0.0270985
6 0.0227415
7 0.0192168
8 0.0163046
9 0.0130831
10 0.0106848
11 0.00879881
12 0.00732925
13 0.00599106
14 0.00478283
15 0.00395399
16 0.00329934
17 0.00282764
18 0.0024837
19 0.00225971
20 0.00213897
21 0.00210905
22 0.00210153
23 0.00210809
24 0.00214316
25 0.00224696
26 0.00239816
27 0.00268146
28 0.00293793
29 0.00321878
30 0.00361851
31 0.00417993
32 0.00490165
33 0.00582743
34 0.00665265
35 0.00747798
36 0.00841019
37 0.00938278
38 0.0106934
39 0.0125714
40 0.0147873
41 0.0175192
42 0.0207086
43 0.025022
44 0.031311
45 0.044066
46 0.0778935
47 0.206064
