0 1.40334
1 0.212008
2 0.0840836
3 0.05087
4 0.0369573
5 0.028214
6 0.0229587
7 0.0193182
8 0.0162969
9 0.0139119
10 0.0117827
11 0.00997064
12 0.00854863
13 0.00730456
14 0.00618891
15 0.00527291
16 0.00458823
17 0.00398191
18 0.00349193
19 0.00316572
20 0.00305494
21 0.00301358
22 0.00295498
23 0.00297604
24 0.00308523
25 0.00332645
26 0.00361726
27 0.00394775
28 0.00435452
29 0.00472076
30 0.00520234
31 0.00570643
32 0.00626842
33 0.00704821
34 0.00797497
35 0.00919634
36 0.0106065
37 0.0125987
38 0.0146582
39 0.0169857
40 0.0202226
41 0.0243588
42 0.029116
43 0.0346007
44 0.0420312
45 0.0547963
46 0.0876513
47 0.214712
