0 1.39789
1 0.20922
2 0.0851779
3 0.0530563
4 0.0410983
5 0.0331096
6 0.0267687
7 0.0219359
8 0.0179002
9 0.0149127
10 0.0126794
11 0.0107845
12 0.00900639
13 0.00763993
14 0.00672002
15 0.00607378
16 0.00546686
17 0.00497638
18 0.00455781
19 0.00411619
20 0.0036959
21 0.00324945
22 0.0028315
23 0.00248276
24 0.00225292
25 0.00210764
26 0.00205695
27 0.00210186
28 0.00223876
29 0.00250846
30 0.00291542
31 0.0033829
32 0.00373848
33 0.00420028
34 0.00483128
35 0.00564483
36 0.00644936
37 0.00738438
38 0.00864097
39 0.0102869
40 0.012455
41 0.0151275
42 0.0184535
43 0.0232392
44 0.0303818
45 0.0425384
46 0.0742862
47 0.201247
