0 1.41485
1 0.217597
2 0.0908172
3 0.0568336
4 0.0424186
5 0.0337553
6 0.0278313
7 0.0237306
8 0.0200606
9 0.0172525
10 0.0148316
11 0.0126322
12 0.0109144
13 0.00925754
14 0.00784962
15 0.00687868
16 0.00612314
17 0.00568878
18 0.00512231
19 0.00454744
20 0.00406593
21 0.00366762
22 0.00333644
23 0.00304949
24 0.00286692
25 0.00286267
26 0.002961
27 0.00311447
28 0.00331794
29 0.00362407
30 0.00403628
31 0.00464661
32 0.00551613
33 0.00662827
34 0.00789476
35 0.00952385
36 0.0111947
37 0.0129517
38 0.0146172
39 0.0167479
40 0.0193595
41 0.0226117
42 0.0273226
43 0.0328698
44 0.040924
45 0.0553103
46 0.0900782
47 0.219654
