0 1.412
1 0.215474
2 0.0865793
3 0.0524945
4 0.0397931
5 0.0318267
6 0.0260354
7 0.0213594
8 0.0174404
9 0.0144599
10 0.0119736
11 0.00997828
12 0.00837603
13 0.00713418
14 0.00615227
15 0.00532552
16 0.00462423
17 0.00399425
18 0.0034559
19 0.00312848
20 0.00309801
21 0.00307377
22 0.0029181
23 0.00270366
24 0.00256076
25 0.00245238
26 0.00248091
27 0.0026014
28 0.00286132
29 0.00318719
30 0.00371447
31 0.00441445
32 0.00507218
33 0.00582966
34 0.00667631
35 0.00776043
36 0.00908616
37 0.0108377
38 0.0129732
39 0.0156963
40 0.0182409
41 0.0205682
42 0.0242743
43 0.029372
44 0.037696
45 0.0524916
46 0.086716
47 0.214949
