0 1.40031
1 0.205125
2 0.0787626
3 0.0460443
4 0.0335713
5 0.0272441
6 0.0227266
7 0.0196824
8 0.0167438
9 0.0133375
10 0.0102014
11 0.00822523
12 0.00682047
13 0.00551907
14 0.00437288
15 0.00360214
16 0.00310941
17 0.00282088
18 0.00265896
19 0.00248629
20 0.00232046
21 0.00220549
22 0.00216433
23 0.00216416
24 0.0022359
25 0.00242227
26 0.00270732
27 0.00312746
28 0.00359701
29 0.0040851
30 0.00471494
31 0.00551643
32 0.0065398
33 0.00770037
34 0.00882601
35 0.0101887
36 0.0117494
37 0.0129469
38 0.0144537
39 0.0163017
40 0.0184867
41 0.0215796
42 0.0259838
43 0.0311464
44 0.0377526
45 0.0499704
46 0.0813128
47 0.207492
