0 1.39932
1 0.20635
2 0.0809854
3 0.0480436
4 0.033447
5 0.0252517
6 0.0191697
7 0.0148212
8 0.012157
9 0.0104316
10 0.00880062
11 0.00736117
12 0.00634153
13 0.00552259
14 0.0047115
15 0.00386482
16 0.00322438
17 0.00278175
18 0.00253975
19 0.00235592
20 0.00206602
21 0.0018178
22 0.00170248
23 0.00169428
24 0.00177801
25 0.00189619
26 0.00203825
27 0.00230779
28 0.00274043
29 0.00318437
30 0.00366676
31 0.00440643
32 0.00544198
33 0.00670355
34 0.00787133
35 0.00888973
36 0.0100432
37 0.0116211
38 0.0138305
39 0.0159866
40 0.0181657
41 0.0206626
42 0.0237614
43 0.0279313
44 0.0352001
45 0.0486099
46 0.0802495
47 0.205613
