0 1.40304
1 0.211183
2 0.0858797
3 0.0546168
4 0.0420169
5 0.0339773
6 0.0283628
7 0.0239591
8 0.0208941
9 0.0179682
10 0.0153613
11 0.0130406
12 0.0109848
13 0.00939149
14 0.00805467
15 0.00700982
16 0.00621548
17 0.00554351
18 0.00495218
19 0.004243
20 0.00368643
21 0.00331062
22 0.00317985
23 0.00307625
24 0.0028215
25 0.00265411
26 0.00268375
27 0.00280468
28 0.00299014
29 0.00319162
30 0.00345327
31 0.00382103
32 0.00426718
33 0.00489908
34 0.00597295
35 0.007408
36 0.00915104
37 0.0111854
38 0.0134215
39 0.015977
40 0.0185518
41 0.0216198
42 0.0268966
43 0.0331044
44 0.0404501
45 0.0526358
46 0.0836863
47 0.209972
