0 1.41386
1 0.215724
2 0.0860285
3 0.05184
4 0.0389823
5 0.0314539
6 0.0261338
7 0.0211121
8 0.0176343
9 0.0152362
10 0.0129922
11 0.010969
12 0.00940131
13 0.00825039
14 0.00686594
15 0.00549665
16 0.00446711
17 0.00373459
18 0.00318202
19 0.00280755
20 0.00252237
21 0.0023554
22 0.00235055
23 0.00243937
24 0.00266015
25 0.00287617
26 0.00312893
27 0.00347626
28 0.00385033
29 0.00436677
30 0.00495835
31 0.00561522
32 0.00641632
33 0.00745
34 0.00870287
35 0.00995556
36 0.0114409
37 0.0130706
38 0.015291
39 0.0174992
40 0.0205533
41 0.0241779
42 0.0280228
43 0.0334857
44 0.0409684
45 0.054357
46 0.0884596
47 0.218076
