0 1.40565
1 0.212366
2 0.0869231
3 0.054827
4 0.0406134
5 0.0319095
6 0.0249897
7 0.0205989
8 0.0175115
9 0.0149287
10 0.0131568
11 0.0116217
12 0.0105236
13 0.00934484
14 0.0081355
15 0.00673577
16 0.00574759
17 0.00493925
18 0.00402419
19 0.00321575
20 0.00270833
21 0.00243487
22 0.00232834
23 0.00234805
24 0.00231595
25 0.00239473
26 0.00253654
27 0.00263218
28 0.00280205
29 0.00304045
30 0.00349234
31 0.00418354
32 0.00502349
33 0.00597452
34 0.00753797
35 0.00957222
36 0.0120529
37 0.0146292
38 0.0167857
39 0.0190085
40 0.0214925
41 0.0242384
42 0.0282437
43 0.0337356
44 0.0409899
45 0.0544552
46 0.0855385
47 0.210637
