0 1.41163
1 0.212003
2 0.0834356
3 0.0498749
4 0.0353526
5 0.0275069
6 0.0217997
7 0.0176208
8 0.0143988
9 0.0120022
10 0.0100887
11 0.00843669
12 0.00703325
13 0.00597873
14 0.00511179
15 0.00450479
16 0.00400848
17 0.00355286
18 0.00307488
19 0.00272239
20 0.0025255
21 0.00235741
22 0.00226277
23 0.00221398
24 0.00227493
25 0.00233723
26 0.00245323
27 0.00265997
28 0.00296046
29 0.00330637
30 0.00374556
31 0.00439557
32 0.00524938
33 0.00648695
34 0.00781872
35 0.00888768
36 0.00971456
37 0.0110241
38 0.0129749
39 0.0157283
40 0.0190619
41 0.0227636
42 0.0273509
43 0.0331531
44 0.0413039
45 0.0557157
46 0.0906334
47 0.21708
