0 1.40125
1 0.205535
2 0.0801212
3 0.0474311
4 0.0336377
5 0.0264136
6 0.0214018
7 0.0178816
8 0.0150451
9 0.0123049
10 0.0101259
11 0.00827977
12 0.00672274
13 0.00566672
14 0.00494094
15 0.00437705
16 0.0039409
17 0.00358449
18 0.00306837
19 0.00259248
20 0.0023074
21 0.00213316
22 0.00205734
23 0.00204895
24 0.0019682
25 0.00191234
26 0.001971
27 0.00218566
28 0.00251272
29 0.00287908
30 0.0033346
31 0.0039802
32 0.00477037
33 0.00582802
34 0.00699996
35 0.00797161
36 0.00893722
37 0.0102831
38 0.01212
39 0.0137559
40 0.0164128
41 0.0194725
42 0.0236077
43 0.029376
44 0.0374823
45 0.0501787
46 0.0808532
47 0.204926
