0 1.39086
1 0.198822
2 0.0743314
3 0.0431757
4 0.0297126
5 0.0219351
6 0.0168044
7 0.0131201
8 0.0102117
9 0.00790455
10 0.00663202
11 0.00584784
12 0.00536142
13 0.0046595
14 0.00375456
15 0.00307693
16 0.00258936
17 0.00211975
18 0.0017362
19 0.00142306
20 0.00115024
21 0.000955831
22 0.000850141
23 0.000843329
24 0.000909801
25 0.000991913
26 0.00115534
27 0.00136091
28 0.00156485
29 0.0017613
30 0.0020171
31 0.00237859
32 0.00288216
33 0.00356056
34 0.00420719
35 0.00488764
36 0.00546768
37 0.0060904
38 0.00718281
39 0.00887557
40 0.0112069
41 0.013952
42 0.0172348
43 0.0225299
44 0.03078
45 0.0441536
46 0.0758227
47 0.200935
