0 1.39467
1 0.203626
2 0.0785943
3 0.0446037
4 0.0307501
5 0.0242346
6 0.0206043
7 0.0176496
8 0.0148737
9 0.012213
10 0.00982038
11 0.0079913
12 0.0065245
13 0.00515422
14 0.00408396
15 0.00321819
16 0.0025535
17 0.00207576
18 0.00174352
19 0.00155315
20 0.00140643
21 0.00123905
22 0.00110485
23 0.00102968
24 0.00103875
25 0.0011157
26 0.00129606
27 0.00153633
28 0.00183245
29 0.00213343
30 0.00256323
31 0.00308168
32 0.00355074
33 0.0039429
34 0.0046241
35 0.00532279
36 0.0059695
37 0.00698758
38 0.00826776
39 0.00980612
40 0.0112392
41 0.0132682
42 0.0166049
43 0.021
44 0.028833
45 0.0424838
46 0.0758223
47 0.204091
