0 1.39019
1 0.194818
2 0.0688717
3 0.0379094
4 0.0276135
5 0.0224501
6 0.0192979
7 0.0170038
8 0.0144104
9 0.0126603
10 0.0111562
11 0.00948323
12 0.00768242
13 0.0059129
14 0.00457436
15 0.00386337
16 0.00342385
17 0.00306241
18 0.00275775
19 0.00251241
20 0.0022568
21 0.001993
22 0.00173177
23 0.00165874
24 0.00171243
25 0.00179545
26 0.00193659
27 0.00216609
28 0.00242345
29 0.00270837
30 0.00310123
31 0.00356857
32 0.00419182
33 0.00486029
34 0.00556697
35 0.00656906
36 0.00775525
37 0.00873273
38 0.00972105
39 0.0114358
40 0.0134255
41 0.0159247
42 0.0189944
43 0.0227751
44 0.0292925
45 0.0421303
46 0.0746777
47 0.20083
