0 1.40377
1 0.208455
2 0.0835746
3 0.051954
4 0.0388289
5 0.030438
6 0.0248409
7 0.0210428
8 0.0170526
9 0.0135971
10 0.0112836
11 0.00975951
12 0.00850454
13 0.00754601
14 0.00671083
15 0.00597169
16 0.00507591
17 0.00439295
18 0.00385542
19 0.00331913
20 0.00292227
21 0.00267051
22 0.00245616
23 0.00233138
24 0.00233673
25 0.00230077
26 0.0023265
27 0.00247782
28 0.00281719
29 0.00330582
30 0.00379192
31 0.00429682
32 0.00506455
33 0.00612379
34 0.00719709
35 0.00840504
36 0.00970442
37 0.0115938
38 0.0140813
39 0.0171316
40 0.0210993
41 0.025827
42 0.0310601
43 0.0370263
44 0.0428117
45 0.0539082
46 0.085826
47 0.212169
