0 1.39915
1 0.210118
2 0.0820119
3 0.04816
4 0.0346893
5 0.027216
6 0.0222891
7 0.0184581
8 0.0156802
9 0.0132283
10 0.0111954
11 0.00951137
12 0.00807403
13 0.00685832
14 0.00585344
15 0.00498741
16 0.00434966
17 0.00379622
18 0.00345599
19 0.00313837
20 0.00275376
21 0.0023776
22 0.00204769
23 0.00193358
24 0.0019909
25 0.00207846
26 0.00211183
27 0.00225906
28 0.00240216
29 0.00249298
30 0.0026576
31 0.00290383
32 0.00327658
33 0.00395285
34 0.00498306
35 0.00607292
36 0.00745045
37 0.00908061
38 0.0111996
39 0.0133582
40 0.0156356
41 0.0185517
42 0.0218438
43 0.0263763
44 0.0334163
45 0.0467068
46 0.0795089
47 0.206124
