0 1.38337
1 0.193448
2 0.0706506
3 0.041589
4 0.0305653
5 0.0243178
6 0.0201373
7 0.0164021
8 0.0130322
9 0.0107875
10 0.00900959
11 0.00755105
12 0.00649244
13 0.00567526
14 0.00479108
15 0.00400828
16 0.00333684
17 0.00271977
18 0.00227416
19 0.00198359
20 0.00175393
21 0.0015051
22 0.00129927
23 0.0010773
24 0.000874412
25 0.000724451
26 0.000646469
27 0.00065673
28 0.000758046
29 0.000940179
30 0.00113362
31 0.00143765
32 0.00183114
33 0.00232656
34 0.00300666
35 0.00390575
36 0.00489144
37 0.00616393
38 0.00791733
39 0.0098825
40 0.0120603
41 0.0147024
42 0.0181473
43 0.0227102
44 0.0293192
45 0.041351
46 0.073728
47 0.199305
