0 1.39664
1 0.203642
2 0.0776231
3 0.0458316
4 0.0336253
5 0.0270872
6 0.0223178
7 0.0182484
8 0.0149441
9 0.0122511
10 0.0101421
11 0.0083551
12 0.00701139
13 0.00598483
14 0.00530443
15 0.00483324
16 0.0043889
17 0.00397141
18 0.00364563
19 0.00337705
20 0.00320494
21 0.00309905
22 0.00294313
23 0.00280537
24 0.00271368
25 0.00269499
26 0.00287679
27 0.00313042
28 0.00337482
29 0.00363945
30 0.00396796
31 0.0044319
32 0.00504377
33 0.00568823
34 0.00661496
35 0.0079353
36 0.00956906
37 0.0113594
38 0.0133035
39 0.0156566
40 0.0187433
41 0.0224238
42 0.0264315
43 0.0308876
44 0.036713
45 0.0491148
46 0.081507
47 0.207487
