0 1.40079
1 0.206564
2 0.080704
3 0.0486682
4 0.0372903
5 0.0303365
6 0.0244087
7 0.0201018
8 0.0160063
9 0.0121517
10 0.00961454
11 0.0076526
12 0.00607064
13 0.00471367
14 0.00382477
15 0.00325983
16 0.00280778
17 0.00248457
18 0.00228472
19 0.00212309
20 0.00193351
21 0.00175947
22 0.00163234
23 0.00152128
24 0.00142883
25 0.00140456
26 0.00141268
27 0.00144881
28 0.00153251
29 0.00167803
30 0.00188377
31 0.00213996
32 0.00246203
33 0.00287611
34 0.0034554
35 0.00414078
36 0.00503296
37 0.00616174
38 0.00758576
39 0.00955282
40 0.0120896
41 0.0151444
42 0.0194967
43 0.0250263
44 0.03287
45 0.0461004
46 0.0792317
47 0.20681
