0 1.40682
1 0.211512
2 0.0843023
3 0.0504977
4 0.0364805
5 0.0298869
6 0.025652
7 0.0213815
8 0.0172901
9 0.0141117
10 0.011616
11 0.00936105
12 0.00780405
13 0.00676516
14 0.00574471
15 0.00482365
16 0.00418077
17 0.00372361
18 0.00341298
19 0.0032742
20 0.00325602
21 0.00329332
22 0.00317808
23 0.00318192
24 0.00330142
25 0.00345529
26 0.00340463
27 0.00330515
28 0.00339833
29 0.00380746
30 0.00447704
31 0.00550895
32 0.00688979
33 0.00838142
34 0.00957933
35 0.0103557
36 0.0112928
37 0.012106
38 0.0129287
39 0.014383
40 0.0163759
41 0.0194928
42 0.0233692
43 0.0276058
44 0.0347263
45 0.0484855
46 0.0820179
47 0.209547
