0 -0.00277577 0.0112347
1 -0.00341236 0.0120709
2 -0.00328899 0.0120122
3 -0.00261146 0.0113117
4 -0.0020033 0.0106648
5 -0.00162294 0.0102484
6 -0.00111939 0.0100073
7 -0.000614968 0.00967595
8 -6.9881e-05 0.00952728
9 0.000452682 0.00977797
10 0.00111152 0.0104259
11 0.00200938 0.0110702
12 0.00294631 0.0117694
13 0.00335766 0.0121246
14 0.00324704 0.0125477
15 0.00276973 0.0130762
16 0.0020254 0.0136663
17 0.00138537 0.0141731
18 0.000826748 0.0147598
19 0.000220996 0.0152582
20 -0.000220666 0.0155226
21 -0.0003589 0.0159423
22 -0.000153026 0.0164627
23 2.91046e-05 0.0157246
24 0.000309294 0.0143284
25 0.000239113 0.013201
26 0.000157722 0.0121912
27 -3.55317e-06 0.0113223
28 -0.000156017 0.0102562
29 -0.000128791 0.00937257
30 -9.79568e-05 0.00882886
31 -0.000271079 0.00842683
32 -0.000761406 0.00830664
33 -0.00112705 0.00815338
34 -0.00148815 0.00836904
35 -0.00165287 0.00885258
36 -0.00170898 0.00909009
37 -0.00162239 0.00928691
38 -0.00160409 0.00969972
39 -0.00156112 0.0102392
40 -0.00147615 0.0102876
41 -0.00173694 0.0105044
42 -0.00240103 0.0109888
43 -0.0031598 0.0111939
44 -0.00384506 0.0104498
45 -0.00430033 0.0097869
46 -0.0043961 0.00979922
47 -0.0036091 0.010172
