0 -0.000645748 0.00891671
1 -0.000769825 0.00874064
2 -1.20435e-05 0.0085038
3 0.000435695 0.00807195
4 0.000951156 0.0074944
5 0.00166723 0.00695722
6 0.00216928 0.00622335
7 0.00252419 0.00568305
8 0.002235 0.00531054
9 0.002059 0.00506568
10 0.00188979 0.00486654
11 0.00139875 0.00471726
12 0.00113385 0.00451474
13 0.000948441 0.00460762
14 0.000694649 0.00492426
15 0.000589713 0.00513948
16 9.34001e-05 0.00497602
17 -0.000757212 0.00483756
18 -0.00164164 0.00498031
19 -0.00239825 0.00503813
20 -0.00290234 0.00523708
21 -0.00285191 0.00519783
22 -0.00253036 0.00522322
23 -0.00203115 0.00536207
24 -0.00192093 0.00562196
25 -0.00189049 0.00595964
26 -0.00177298 0.00635183
27 -0.00159741 0.00659305
28 -0.00153342 0.00654097
29 -0.001564 0.00621268
30 -0.00165376 0.00597423
31 -0.00165176 0.00615898
32 -0.00164889 0.00634454
33 -0.00172804 0.00619302
34 -0.00173888 0.00595547
35 -0.00171533 0.00587602
36 -0.0017434 0.0058989
37 -0.00162304 0.00627003
38 -0.00142394 0.00643318
39 -0.00118229 0.00657069
40 -0.000905798 0.00683396
41 -0.000536265 0.0073241
42 -0.000637976 0.00814873
43 -0.000753376 0.00878498
44 -0.000724508 0.00882325
45 -0.000919267 0.00847552
46 -0.00106257 0.00812224
47 -0.00067404 0.00848433
