0 0.00188376 0.00816868
1 0.00255077 0.00724694
2 0.00150136 0.00761455
3 0.000618845 0.00784712
4 -8.47912e-05 0.00780224
5 -0.000643421 0.00760637
6 -0.000881135 0.00728677
7 -0.000853029 0.00703518
8 -0.000562168 0.0066345
9 -0.000392956 0.00635777
10 -0.000151028 0.00618466
11 -0.000115175 0.00614152
12 -0.000242799 0.00623638
13 -0.000457718 0.00635897
14 -0.000716931 0.00659769
15 -0.000777469 0.0068353
16 -0.000719377 0.00728812
17 -0.000731079 0.00800068
18 -0.000637318 0.00826786
19 -0.000485801 0.00845813
20 -0.000291528 0.00895276
21 3.84462e-05 0.00949229
22 0.000396746 0.00995917
23 0.000716783 0.0101963
24 0.00099031 0.00961532
25 0.00161797 0.00846089
26 0.00181055 0.00722938
27 0.00165123 0.00621957
28 0.00124329 0.00559332
29 0.000817182 0.0052762
30 0.000577285 0.0049116
31 0.000593146 0.00444077
32 0.000620666 0.00428938
33 0.000526368 0.00429165
34 0.00040968 0.00414295
35 6.71265e-05 0.00427003
36 -0.000179718 0.00447611
37 -0.000345452 0.0044612
38 -0.000534144 0.00461313
39 -0.000931742 0.00514602
40 -0.0011876 0.00550857
41 -0.00096726 0.00581156
42 -0.000473401 0.00616954
43 0.000223763 0.00667922
44 0.000733756 0.00761582
45 0.00104863 0.00907415
46 0.00129702 0.00938449
47 0.00159835 0.0096678
