0 0.00211992 0.00694506
1 0.00247772 0.00737161
2 0.00285712 0.00669303
3 0.00305321 0.00614074
4 0.00333196 0.00613534
5 0.00339789 0.00602283
6 0.00337907 0.00585548
7 0.00300732 0.0054668
8 0.0024526 0.00481155
9 0.00194008 0.00449487
10 0.0016115 0.0046575
11 0.0010381 0.00506533
12 0.000505523 0.00559475
13 0.000489538 0.00644785
14 0.000434078 0.00681923
15 7.04736e-05 0.00678657
16 -0.00048087 0.00668594
17 -0.00093413 0.00635809
18 -0.00123951 0.00636081
19 -0.00135839 0.00668408
20 -0.00154006 0.00715071
21 -0.00159988 0.00748656
22 -0.00148241 0.00785005
23 -0.00125197 0.00793132
24 -0.000898166 0.00797174
25 -0.000592407 0.00848436
26 -0.000898512 0.00778731
27 -0.00131254 0.00635434
28 -0.00165491 0.0055635
29 -0.00154848 0.00508253
30 -0.00127357 0.00462297
31 -0.000990349 0.00436492
32 -0.000669814 0.00455357
33 -0.000361727 0.00470741
34 -5.95862e-05 0.00467098
35 0.000141912 0.00464022
36 0.000455007 0.00479947
37 0.000958395 0.00475615
38 0.00123144 0.00448213
39 0.00129775 0.00434468
40 0.00122647 0.00425851
41 0.000916029 0.00407313
42 0.000713963 0.00426505
43 0.000591769 0.00449209
44 0.000628641 0.00447404
45 0.000701517 0.00469859
46 0.000639446 0.00534689
47 0.000743478 0.00642856
