0 0.00211078 0.0165419
1 0.000469489 0.0141009
2 -0.000954543 0.0122772
3 -0.00149995 0.0103238
4 -0.00145503 0.00920156
5 -0.00129886 0.00881638
6 -0.000940977 0.00822787
7 -0.000786573 0.00774304
8 -0.00107034 0.00755398
9 -0.00139227 0.00743424
10 -0.00143599 0.007524
11 -0.000902496 0.00761177
12 -0.000254406 0.00733557
13 -9.25515e-06 0.00719214
14 0.000138675 0.00684873
15 7.03356e-05 0.00656233
16 -0.000202415 0.00668336
17 -0.000185914 0.00721541
18 5.87902e-05 0.00778076
19 7.28552e-05 0.00852204
20 0.000270463 0.00908014
21 0.000683409 0.00944088
22 0.000913525 0.00977188
23 0.000964954 0.0100783
24 0.000927488 0.0102994
25 0.000912665 0.0105552
26 0.000909888 0.0107381
27 0.0010359 0.0106866
28 0.00127453 0.0103646
29 0.00166861 0.00993967
30 0.00208717 0.00929317
31 0.0021287 0.00889629
32 0.00204528 0.00875136
33 0.00188591 0.00851203
34 0.00150118 0.00860422
35 0.000910007 0.00895649
36 0.000364689 0.00908796
37 6.44407e-05 0.00941184
38 0.000153052 0.00965551
39 0.00044996 0.0100002
40 0.000450118 0.0100985
41 0.000443304 0.00971638
42 0.000494291 0.00943857
43 0.00038598 0.00995012
44 0.000593153 0.0111776
45 0.00142037 0.0124523
46 0.00228383 0.0146629
47 0.00323048 0.0170579
