0 0.000506313 0.00605062
1 0.00118152 0.00632482
2 0.00174995 0.00622108
3 0.00211034 0.0065465
4 0.00238606 0.00679775
5 0.00224571 0.00664276
6 0.00175509 0.00603144
7 0.00138724 0.00555832
8 0.000362177 0.00519515
9 -0.000838478 0.00454435
10 -0.00128573 0.00427319
11 -0.00130568 0.00426241
12 -0.00122622 0.00468206
13 -0.000908692 0.00508012
14 -0.000719103 0.00521087
15 -0.000752574 0.00492799
16 -0.000808446 0.00449911
17 -0.000925719 0.00397879
18 -0.0010829 0.00373674
19 -0.000948924 0.00374787
20 -0.000991778 0.0038787
21 -0.00106958 0.0045594
22 -0.000806414 0.00513634
23 -0.000680588 0.00543003
24 -0.000809844 0.00526664
25 -0.000153198 0.00505919
26 0.000376511 0.00504997
27 0.000585559 0.00512423
28 0.000605994 0.0056094
29 0.000390219 0.00575837
30 0.000187009 0.00524832
31 -0.000152743 0.00460584
32 -0.000275896 0.00439828
33 -0.000239959 0.00425803
34 0.000240649 0.00465641
35 0.000700953 0.00540182
36 0.00101592 0.00595691
37 0.00117703 0.00636076
38 0.0013704 0.00628341
39 0.00145673 0.00636428
40 0.00138485 0.00592602
41 0.00132898 0.00543465
42 0.00117368 0.00538696
43 0.00057283 0.00569617
44 0.000105415 0.00583385
45 -0.000488914 0.00606983
46 -0.000521179 0.00618394
47 -0.00022651 0.00591057
