0 0.00103988 0.00610005
1 0.000425538 0.00542716
2 7.05257e-05 0.00511256
3 0.000150846 0.00492291
4 0.000170189 0.00488377
5 -8.90912e-05 0.00496215
6 -0.000502526 0.00507634
7 -0.00113398 0.0054286
8 -0.00137641 0.00560652
9 -0.00142498 0.00531469
10 -0.00158856 0.00488109
11 -0.0018156 0.0047873
12 -0.0021335 0.00486785
13 -0.00207858 0.0050614
14 -0.00204408 0.00465359
15 -0.00192061 0.00388967
16 -0.00181867 0.00360901
17 -0.00194795 0.00374213
18 -0.00232904 0.00413782
19 -0.00238374 0.00477883
20 -0.00258373 0.00544291
21 -0.0025965 0.00614936
22 -0.00260764 0.00711014
23 -0.00276056 0.00843125
24 -0.00318902 0.00960419
25 -0.00331315 0.010436
26 -0.00314692 0.0105823
27 -0.00278054 0.0103925
28 -0.00221409 0.0100307
29 -0.00199477 0.00969374
30 -0.00176854 0.00942367
31 -0.0013295 0.00890794
32 -0.000717326 0.00851539
33 -0.000268045 0.00855803
34 0.000274454 0.00883343
35 0.000678233 0.00871907
36 0.000893749 0.00851113
37 0.00112979 0.00809015
38 0.00129793 0.00795728
39 0.00108681 0.00778676
40 0.00104006 0.0075817
41 0.00109769 0.00740904
42 0.00103733 0.0073783
43 0.000872612 0.00769781
44 0.000890446 0.00770706
45 0.00102454 0.00754208
46 0.00101074 0.00730114
47 0.00115252 0.00711503
