0 0.00113354 0.0140559
1 0.00183187 0.0128075
2 0.00195798 0.0115373
3 0.00187387 0.0101871
4 0.00228234 0.00933503
5 0.00226974 0.00836536
6 0.00192323 0.00802687
7 0.00184174 0.00785839
8 0.00136166 0.00745792
9 0.000650814 0.0070833
10 0.000372407 0.00688638
11 0.000217996 0.00683645
12 0.000135242 0.0069897
13 1.139e-05 0.00742176
14 -0.000152017 0.00812853
15 -0.000359876 0.00859256
16 -0.000664924 0.00879363
17 -0.000928876 0.00907316
18 -0.000838936 0.00959669
19 -0.000654193 0.00987576
20 -0.000432261 0.00998063
21 -0.000288472 0.00991744
22 -9.67715e-05 0.00966954
23 -2.11001e-05 0.00958001
24 -7.51187e-05 0.00988154
25 -0.000121035 0.0101716
26 -4.15452e-05 0.0104823
27 -6.55172e-05 0.0106104
28 -0.000374833 0.0102822
29 -0.00068296 0.0098255
30 -0.000878273 0.00917662
31 -0.00115777 0.00896901
32 -0.00129645 0.00870891
33 -0.0013214 0.00810231
34 -0.00131749 0.00749892
35 -0.00132746 0.00711822
36 -0.00114393 0.00710903
37 -0.000762343 0.00701888
38 -0.000584559 0.0071679
39 -0.00028021 0.00756816
40 2.00122e-05 0.00775678
41 -0.000154843 0.00832048
42 -0.000273775 0.00957657
43 -0.000412824 0.0108094
44 -0.000125193 0.0118557
45 0.000509693 0.0125833
46 0.00119668 0.0135201
47 0.00159465 0.0143178
