0 -0.00270834 0.0131703
1 -0.00304582 0.0131622
2 -0.0026894 0.0131182
3 -0.00178557 0.0124556
4 -0.000849185 0.0115112
5 -0.00020804 0.0106307
6 0.000447551 0.00973003
7 0.000889725 0.00916656
8 0.000824394 0.009185
9 0.000742433 0.00941969
10 0.000775925 0.00981365
11 0.000887012 0.0101074
12 0.00111216 0.0104086
13 0.00103644 0.0105436
14 0.000538918 0.0104742
15 1.93253e-05 0.00998227
16 -0.000462082 0.00965374
17 -0.000955207 0.00968489
18 -0.00108631 0.00990056
19 -0.000914732 0.0102783
20 -0.000575497 0.0110481
21 -0.000296592 0.0121165
22 -0.000110639 0.0129742
23 0.000372962 0.0134368
24 6.72415e-05 0.0135517
25 0.000780574 0.0131912
26 0.000611711 0.0125165
27 0.000436276 0.0119469
28 0.000305487 0.0114967
29 -0.000125465 0.0113525
30 -0.000631243 0.0114461
31 -0.00112115 0.0115133
32 -0.00155361 0.0113279
33 -0.00180456 0.0116141
34 -0.00174147 0.0116991
35 -0.00145777 0.0110449
36 -0.00131573 0.0104617
37 -0.00104868 0.0101114
38 -0.000801573 0.00976034
39 -0.000605731 0.00960879
40 -0.000413312 0.00984317
41 -0.000222813 0.0106485
42 -0.000130551 0.0118629
43 -4.15406e-05 0.0132736
44 -2.68666e-05 0.0142903
45 -0.000338678 0.0144325
46 -0.00109246 0.0137783
47 -0.00221497 0.0132003
