0 -0.00194228 0.00678278
1 -0.00139318 0.0065285
2 -0.0012544 0.00638319
3 -0.00120491 0.00648402
4 -0.00118316 0.00689542
5 -0.000966837 0.00682174
6 -0.000732909 0.00644727
7 -0.000424404 0.00623848
8 -0.00011629 0.00627439
9 0.000280908 0.00638413
10 0.000524853 0.00621894
11 0.000498989 0.00620869
12 0.000535338 0.00647632
13 0.000490038 0.00656504
14 0.000404418 0.00667172
15 0.000341298 0.00676726
16 0.000204241 0.00690212
17 -7.00612e-05 0.00707031
18 -0.000412074 0.00706971
19 -0.000670686 0.00725393
20 -0.00104002 0.00766386
21 -0.00151274 0.00817013
22 -0.00163566 0.00857436
23 -0.00151725 0.00877491
24 -0.0014012 0.00838488
25 -0.00111221 0.00774644
26 -0.000811516 0.00697736
27 -0.00054625 0.00650337
28 -0.000504742 0.00638407
29 -0.000386898 0.00619595
30 -0.000425985 0.00612344
31 -0.000515312 0.0060947
32 -0.000647937 0.00596426
33 -0.000504055 0.00566323
34 -0.000108555 0.00516287
35 0.000171399 0.00486261
36 0.000359175 0.00486584
37 0.0004882 0.0051392
38 0.00072131 0.00563916
39 0.000806123 0.00631561
40 0.000426215 0.00638659
41 -3.13338e-06 0.00562767
42 -0.000348119 0.00527534
43 -0.000686495 0.00511286
44 -0.000793437 0.00554319
45 -0.000901673 0.0060164
46 -0.00111712 0.00626262
47 -0.00155399 0.00640765
