0 0.00145911 0.00779792
1 0.00159849 0.00776403
2 0.00100934 0.00782191
3 2.89732e-05 0.00741024
4 -0.000550911 0.00672034
5 -0.000919183 0.00643239
6 -0.00124023 0.00657228
7 -0.00115483 0.00687353
8 -0.00080203 0.00680401
9 -0.000515276 0.00689565
10 -0.000258247 0.00678082
11 5.51535e-06 0.00644379
12 1.51149e-05 0.00602771
13 -7.72842e-05 0.0056385
14 2.70163e-05 0.00541494
15 -0.0001686 0.00537581
16 -0.000489887 0.00508911
17 -0.000471161 0.00481137
18 -0.000339689 0.004761
19 -0.00029614 0.00487514
20 -0.000259737 0.0050849
21 -0.000199107 0.00507207
22 -8.89084e-05 0.00511931
23 7.11655e-05 0.00495678
24 0.000253096 0.00511344
25 0.000186573 0.00496237
26 0.000173918 0.00487327
27 0.000191766 0.00488064
28 0.000344746 0.00484696
29 0.000449507 0.00458769
30 0.000601203 0.00471073
31 0.000582916 0.0049296
32 0.000804654 0.00491039
33 0.00119647 0.00476734
34 0.00142831 0.00492409
35 0.00159195 0.00514287
36 0.00200237 0.00533019
37 0.00228749 0.00508213
38 0.00248874 0.00485994
39 0.00249484 0.00472816
40 0.00208518 0.00496454
41 0.00166966 0.00513215
42 0.001413 0.00533741
43 0.0010714 0.00579461
44 0.000581315 0.00707932
45 0.000142521 0.00821864
46 0.000538568 0.00822073
47 0.00100511 0.00819028
