0 -0.00211619 0.00975005
1 -0.00188622 0.00929737
2 -0.00223628 0.0100041
3 -0.00242301 0.0104198
4 -0.002275 0.0110309
5 -0.00157394 0.0112977
6 -0.000598915 0.0119902
7 -0.000470317 0.0115779
8 -0.000501338 0.0103577
9 -0.000383375 0.00935895
10 -0.000352973 0.00834486
11 -0.000416412 0.00786801
12 -0.000438284 0.00744032
13 0.000153725 0.00708756
14 0.000691413 0.0068431
15 0.00126673 0.00636232
16 0.00196681 0.00589431
17 0.00235163 0.00545047
18 0.0021816 0.00549651
19 0.00170338 0.00616049
20 0.00113547 0.00682638
21 0.0010643 0.00752733
22 0.00114428 0.00825609
23 0.000903037 0.00910238
24 0.000791372 0.0101989
25 0.00137199 0.0105258
26 0.00128614 0.00977162
27 0.000995309 0.00861855
28 0.00090378 0.00781357
29 0.000578137 0.00688899
30 0.000184024 0.00607714
31 -6.59315e-05 0.00568513
32 -0.000204183 0.00529646
33 -0.000283521 0.00524034
34 -0.000667056 0.00528108
35 -0.000996975 0.00541193
36 -0.00120569 0.00545826
37 -0.00120653 0.0058491
38 -0.00146815 0.00609629
39 -0.0016373 0.00598055
40 -0.00178157 0.00611634
41 -0.00157246 0.006157
42 -0.0012934 0.00618206
43 -0.00122336 0.00676386
44 -0.00151461 0.00763096
45 -0.00188702 0.00836754
46 -0.00212703 0.0087349
47 -0.00215992 0.00934199
