0 0.00132787 0.00934781
1 0.000285296 0.0089275
2 -0.000504293 0.00884204
3 -0.00144813 0.00894584
4 -0.00222377 0.00905571
5 -0.00260792 0.0093274
6 -0.00285804 0.00949377
7 -0.00248596 0.00913103
8 -0.00136659 0.00853308
9 -0.000481813 0.00835774
10 -0.00013955 0.00833979
11 0.000129052 0.00819037
12 0.000606438 0.00847212
13 0.00127044 0.00888654
14 0.00176807 0.00903741
15 0.0019919 0.00934952
16 0.00173312 0.0097359
17 0.00141038 0.0101637
18 0.00122492 0.00979647
19 0.00106391 0.0091588
20 0.00108323 0.00857814
21 0.00120608 0.00821884
22 0.00129081 0.0079068
23 0.00156315 0.0074254
24 0.00166694 0.00697605
25 0.00155125 0.00634014
26 0.00125713 0.00569215
27 0.000903559 0.00522719
28 0.000538865 0.00489468
29 0.000319138 0.00472533
30 7.91394e-05 0.0045791
31 -0.000104142 0.00442445
32 -0.00013214 0.00430919
33 -8.26764e-05 0.00434387
34 0.000107677 0.00456985
35 0.00019089 0.00492009
36 9.70539e-05 0.00535009
37 -0.000189982 0.00565805
38 -0.00053498 0.0058473
39 -0.00061796 0.00593872
40 -0.000494301 0.00595355
41 -0.000291828 0.00604218
42 -0.000144251 0.00661525
43 -4.89961e-05 0.00744926
44 0.000171162 0.00782902
45 0.000342673 0.0083915
46 0.000667159 0.00888391
47 0.00120126 0.00923543
