0 0.00210103 0.00502045
1 0.00187878 0.00529152
2 0.00150343 0.00570184
3 0.00117548 0.00580337
4 0.000951733 0.00537033
5 0.000745497 0.00524677
6 0.000573275 0.00533353
7 0.000608197 0.0053693
8 0.000542744 0.00526866
9 0.000786883 0.00539765
10 0.00120711 0.00594884
11 0.00149056 0.0064041
12 0.00162878 0.00698887
13 0.00126729 0.00737744
14 0.000687961 0.00725393
15 0.000206439 0.00729336
16 -0.00038686 0.00712469
17 -0.000752788 0.0065346
18 -0.00115666 0.0060926
19 -0.00167449 0.00574999
20 -0.00210153 0.00547733
21 -0.0024364 0.00565035
22 -0.00252382 0.00597169
23 -0.00237959 0.0063333
24 -0.00218914 0.00679
25 -0.00202171 0.00658505
26 -0.00163715 0.0066498
27 -0.000967929 0.00677773
28 -0.000546631 0.00673783
29 -0.00022735 0.0062647
30 0.000148239 0.00596451
31 0.000473633 0.00577439
32 0.000870794 0.00569889
33 0.00147544 0.00582068
34 0.00178039 0.00561731
35 0.00199644 0.00553154
36 0.00214102 0.00519982
37 0.00161269 0.00433223
38 0.0011587 0.00355998
39 0.00118736 0.00312155
40 0.00132009 0.00314406
41 0.00116869 0.00355723
42 0.000913339 0.00391138
43 0.000975633 0.00455637
44 0.00097341 0.00503308
45 0.00102303 0.00547006
46 0.00139978 0.00580055
47 0.00146937 0.00569864
