0 0.002675 0.0099831
1 0.00294153 0.0106671
2 0.00336545 0.00993416
3 0.00360581 0.00926284
4 0.00386622 0.00929514
5 0.00388613 0.00904054
6 0.00395862 0.00867204
7 0.0036599 0.00797872
8 0.00305895 0.00705549
9 0.00244961 0.00660598
10 0.00197209 0.00668573
11 0.00122232 0.00703596
12 0.000576328 0.00743961
13 0.000502681 0.00808406
14 0.000415919 0.00829179
15 5.09377e-05 0.00815595
16 -0.000519296 0.00791181
17 -0.000998034 0.00753052
18 -0.0013645 0.00766422
19 -0.00155258 0.00823454
20 -0.00172578 0.00901787
21 -0.00172102 0.00958655
22 -0.00159954 0.0100626
23 -0.00132337 0.0101677
24 -0.000842876 0.0101824
25 -0.000528344 0.0106149
26 -0.000721969 0.010097
27 -0.00101597 0.00893388
28 -0.0012533 0.00836182
29 -0.00107666 0.00797397
30 -0.000709358 0.0074331
31 -0.000344617 0.0070244
32 -2.02552e-05 0.00705045
33 0.00024299 0.00709175
34 0.000511127 0.00703336
35 0.000723151 0.00695372
36 0.00108929 0.0070093
37 0.00149196 0.00697029
38 0.00166747 0.00676018
39 0.00167781 0.00661883
40 0.00154666 0.00644269
41 0.00126151 0.00614113
42 0.00107099 0.00635622
43 0.00091811 0.00651082
44 0.000961983 0.00636967
45 0.00106937 0.00664722
46 0.00104939 0.0074424
47 0.00111576 0.00892497
