0 -0.0031351 0.00837188
1 -0.00236222 0.00790681
2 -0.00203182 0.00777745
3 -0.00199991 0.00698992
4 -0.00194403 0.00617533
5 -0.00160456 0.005664
6 -0.00105514 0.00546123
7 -0.000335124 0.0053631
8 0.00024838 0.00522796
9 0.000432983 0.00479064
10 0.000720475 0.00459691
11 0.00126152 0.00509228
12 0.0018074 0.00535434
13 0.00184366 0.00533598
14 0.00180405 0.00526893
15 0.00175882 0.00525131
16 0.00193974 0.00554335
17 0.00202954 0.00574368
18 0.00188006 0.00575741
19 0.00206549 0.00579052
20 0.00208171 0.00633426
21 0.00194876 0.00723635
22 0.00201017 0.00875678
23 0.00196156 0.0107791
24 0.00196692 0.0125712
25 0.00243131 0.0131958
26 0.00264157 0.0134057
27 0.00268318 0.0129026
28 0.00258449 0.0121588
29 0.00243576 0.0113355
30 0.00211066 0.0103463
31 0.00160946 0.0100276
32 0.00152362 0.00945836
33 0.00145611 0.0091782
34 0.00142556 0.00902636
35 0.00131724 0.00853747
36 0.00104029 0.0080721
37 0.00105249 0.00788626
38 0.00138479 0.00749096
39 0.00152784 0.00703956
40 0.00156435 0.00676647
41 0.00149535 0.00665526
42 0.00130055 0.00677094
43 0.00100304 0.00687448
44 6.38754e-05 0.00721811
45 -0.00107721 0.00787248
46 -0.00216423 0.008978
47 -0.00288213 0.00901079
