0 -0.00226507 0.00654027
1 -0.00288111 0.00643742
2 -0.0032452 0.00593878
3 -0.0029832 0.00529899
4 -0.00243033 0.00427751
5 -0.00208304 0.00368145
6 -0.00185356 0.00330291
7 -0.00167449 0.00285623
8 -0.00146198 0.00261908
9 -0.000917322 0.00264164
10 -0.000740336 0.00287181
11 -0.000977423 0.00333676
12 -0.0012636 0.00385789
13 -0.00160254 0.00422347
14 -0.00194944 0.0041886
15 -0.00182845 0.00402224
16 -0.00169562 0.00382096
17 -0.00141549 0.00401406
18 -0.00111332 0.00409889
19 -0.000643854 0.00392386
20 -0.00015969 0.00396728
21 0.000254668 0.00412683
22 0.000248789 0.00379004
23 0.000141159 0.00311551
24 -0.000157429 0.0029434
25 -0.000441414 0.00301011
26 -0.000465791 0.00298496
27 -0.000373001 0.00259488
28 -0.000291381 0.00241681
29 -0.000223209 0.00258138
30 -0.000239182 0.00286456
31 -0.000103143 0.00266754
32 -0.000412753 0.00270652
33 -0.00085008 0.00293099
34 -0.000972937 0.00308386
35 -0.000799925 0.0033342
36 -0.000906777 0.00361538
37 -0.00141543 0.0035136
38 -0.00165103 0.00330936
39 -0.00150339 0.00336016
40 -0.00138408 0.00352723
41 -0.00144277 0.00392482
42 -0.00137984 0.00434112
43 -0.00114054 0.00470663
44 -0.00110583 0.00497636
45 -0.00111841 0.0052058
46 -0.00156026 0.00568394
47 -0.00187332 0.00596364
