0 0.00129875 0.0143678
1 0.00239978 0.014852
2 0.0029592 0.0154578
3 0.00344572 0.0149523
4 0.00308179 0.013774
5 0.00244687 0.0124226
6 0.00176349 0.010987
7 0.000891695 0.00990421
8 2.03565e-05 0.00918983
9 -0.000620573 0.00922462
10 -0.00101441 0.00908385
11 -0.000995929 0.00893275
12 -0.000889757 0.00877601
13 -0.00085952 0.00824201
14 -0.000932538 0.00804713
15 -0.000976035 0.00821574
16 -0.00101821 0.0085451
17 -0.000981551 0.00885609
18 -0.000918454 0.00875902
19 -0.000924089 0.0085905
20 -0.000940145 0.00881295
21 -0.000906827 0.00920208
22 -0.000774372 0.00949835
23 -0.000684834 0.00959723
24 -0.000831083 0.00929103
25 -0.00133633 0.00884559
26 -0.00143296 0.00872703
27 -0.00140203 0.00883069
28 -0.00120734 0.00900542
29 -0.00129391 0.00939313
30 -0.00150397 0.00950849
31 -0.0017227 0.00956397
32 -0.00168494 0.00972874
33 -0.00114398 0.00967155
34 -0.00106982 0.00942042
35 -0.00117545 0.0092404
36 -0.00151797 0.00901375
37 -0.00142846 0.00875163
38 -0.000719564 0.00857586
39 0.000607062 0.00863874
40 0.0014392 0.00941683
41 0.00158168 0.0103939
42 0.000835063 0.010712
43 0.000253069 0.0108187
44 -4.6384e-05 0.0111604
45 0.000241829 0.0115076
46 0.000790515 0.0122021
47 0.00125304 0.0137923
