0 0.000564844 0.0141656
1 0.000575371 0.0139877
2 0.000493169 0.0129622
3 0.000867502 0.0118282
4 0.00116581 0.0109366
5 0.0013453 0.0101361
6 0.00148056 0.00967941
7 0.00160405 0.00916328
8 0.00155648 0.0081878
9 0.00139192 0.00754179
10 0.00129148 0.00704167
11 0.00114994 0.00669669
12 0.000979288 0.00649842
13 0.00114747 0.00649738
14 0.0012314 0.00654123
15 0.00127494 0.00664112
16 0.00124633 0.00696355
17 0.00117481 0.00738819
18 0.000861307 0.00749722
19 0.000535639 0.00757222
20 0.000290331 0.00785271
21 4.89706e-05 0.00811582
22 -0.000197951 0.0083305
23 -0.000464626 0.00881121
24 -0.000784544 0.00910542
25 -0.000795053 0.00950371
26 -0.00109531 0.010095
27 -0.00129805 0.0101091
28 -0.00146014 0.0102377
29 -0.00183357 0.0107226
30 -0.0019023 0.0112672
31 -0.00211379 0.0116754
32 -0.00249936 0.01174
33 -0.00228871 0.0120445
34 -0.00185091 0.0125101
35 -0.0015366 0.0127256
36 -0.00149491 0.0132544
37 -0.00139557 0.0132457
38 -0.00135581 0.0126462
39 -0.00146917 0.0126437
40 -0.00152022 0.0129476
41 -0.00158087 0.0132598
42 -0.00153701 0.0136351
43 -0.0015646 0.014615
44 -0.00166723 0.0147922
45 -0.00117655 0.0144195
46 -0.000606566 0.0144041
47 -4.6605e-05 0.0145377
