0 0.000405179 0.00434809
1 -0.000347609 0.00496469
2 -0.00040403 0.00504855
3 0.000278044 0.00459366
4 0.000858329 0.00432164
5 0.00112494 0.00380246
6 0.00103795 0.00340004
7 0.000852317 0.00310263
8 0.000598197 0.00304713
9 0.000176902 0.00316436
10 -3.70483e-05 0.00334546
11 -0.000120096 0.0036277
12 -5.25304e-05 0.00408233
13 0.000239415 0.00455587
14 0.000294721 0.0047706
15 0.000197773 0.00479283
16 0.000123524 0.0048815
17 -8.34512e-05 0.0050764
18 0.000227771 0.00525405
19 0.000896549 0.00525865
20 0.00140392 0.00551201
21 0.00127993 0.00606232
22 0.000928016 0.00637537
23 0.000802171 0.00642666
24 0.00114671 0.00648197
25 0.000984749 0.00605131
26 0.00107662 0.00569466
27 0.000928224 0.00517775
28 0.000578354 0.0046059
29 0.000144134 0.00418414
30 -0.000296172 0.00422446
31 -0.000736085 0.00415444
32 -0.000978039 0.00404399
33 -0.00113179 0.00385556
34 -0.00113686 0.00346921
35 -0.00100213 0.00336644
36 -0.000707986 0.00349375
37 -0.000339084 0.00347653
38 4.40732e-05 0.00328709
39 0.000187897 0.00309809
40 0.000164926 0.00295318
41 -1.92552e-05 0.00255002
42 -0.000331553 0.00238063
43 -0.000427227 0.00230243
44 -0.00043913 0.00204255
45 -0.000231541 0.00212851
46 0.000607399 0.00309974
47 0.000781398 0.00370135
