0 0.00132409 0.00130175
1 0.00115856 0.00123101
2 0.000972328 0.00156792
3 0.000833905 0.00186728
4 0.00029242 0.00217815
5 -9.96278e-05 0.00218476
6 -0.000334609 0.00210054
7 -0.000341238 0.00203013
8 -0.00028394 0.00196076
9 -0.000214301 0.00187133
10 -1.3038e-05 0.00192758
11 0.000269796 0.00208054
12 0.000520576 0.0020945
13 0.000829363 0.00205747
14 0.001103 0.00186921
15 0.00104282 0.00172941
16 0.000997015 0.00161653
17 0.00103388 0.00165382
18 0.000923528 0.00177711
19 0.000768943 0.0020116
20 0.000582626 0.00228621
21 0.000459636 0.00252324
22 0.000360907 0.00265065
23 0.000276045 0.00248328
24 0.000179157 0.00245447
25 -0.000124582 0.00246652
26 -0.000341629 0.00260662
27 -0.000399349 0.0027182
28 -0.000470871 0.00291908
29 -0.000574489 0.00295746
30 -0.000479713 0.0028198
31 -0.00039285 0.00271952
32 -0.00033368 0.00258041
33 -0.000294868 0.00240938
34 -0.000225745 0.00228505
35 -0.000186088 0.00215339
36 -0.000197059 0.00198195
37 -8.71046e-05 0.00171432
38 4.56348e-05 0.00163328
39 0.000242188 0.00151287
40 0.000412234 0.00150807
41 0.000554359 0.00174161
42 0.000700411 0.0020035
43 0.00072102 0.00196263
44 0.000552615 0.00176235
45 0.000675211 0.00161994
46 0.000912653 0.00157246
47 0.000954722 0.00168556
