0 0.000657282 0.0101668
1 0.00169399 0.0100797
2 0.00130265 0.00963482
3 0.000469378 0.00913291
4 -0.000479983 0.00858061
5 -0.000444108 0.00835332
6 3.38095e-05 0.00861063
7 0.000886865 0.00894309
8 0.00120326 0.00874518
9 0.00123537 0.0088435
10 0.00093653 0.00837869
11 0.000810004 0.00755695
12 0.000504086 0.00733182
13 -0.000254264 0.00744256
14 -0.000659158 0.00743003
15 -0.000536383 0.00793412
16 -0.000286458 0.00881617
17 -0.000199047 0.00941446
18 -0.000138711 0.00969878
19 0.000287411 0.00955482
20 0.000657473 0.00939166
21 0.000494941 0.00932997
22 0.000178147 0.0097111
23 0.000196775 0.0109327
24 0.000474809 0.0111929
25 0.000731106 0.0108896
26 0.00122401 0.00914484
27 0.00206748 0.00799234
28 0.0024915 0.0072867
29 0.00245987 0.00604954
30 0.00219121 0.00517217
31 0.00191923 0.00478581
32 0.00177467 0.0045603
33 0.00156931 0.00465551
34 0.00140749 0.00473413
35 0.00149011 0.0045201
36 0.00150698 0.00397938
37 0.00140667 0.00372857
38 0.00101147 0.00369629
39 0.000799033 0.00385792
40 0.00081483 0.00411671
41 0.000661751 0.00469456
42 -0.00029192 0.00539207
43 -0.00120258 0.0062253
44 -0.00179403 0.00697705
45 -0.00213753 0.00798181
46 -0.00184422 0.00927744
47 -0.000637516 0.00997954
