0 -0.00148243 0.00661607
1 -0.00139936 0.00601272
2 -0.00180097 0.00655815
3 -0.00204754 0.00693258
4 -0.00198064 0.00733683
5 -0.00135788 0.00750413
6 -0.000588117 0.00798476
7 -0.000568394 0.00756706
8 -0.000586992 0.00658393
9 -0.000418841 0.00583741
10 -0.000296851 0.00508292
11 -0.000352781 0.00465591
12 -0.000410471 0.004347
13 0.000204105 0.00412313
14 0.000704426 0.00393071
15 0.00114541 0.00351367
16 0.00173515 0.00298084
17 0.00214677 0.00228978
18 0.00197415 0.00212531
19 0.00148956 0.00248644
20 0.000943881 0.00291988
21 0.000920383 0.00324056
22 0.0011568 0.0034262
23 0.00108364 0.00371463
24 0.00122615 0.00455737
25 0.00181713 0.00495268
26 0.0019429 0.00461916
27 0.00198268 0.00407096
28 0.00202503 0.00381929
29 0.00171669 0.00346225
30 0.0013654 0.00310817
31 0.00112176 0.00295707
32 0.000965775 0.00277957
33 0.000943182 0.00272086
34 0.000712353 0.00282328
35 0.00055072 0.00296205
36 0.000429026 0.00302338
37 0.000495037 0.00350889
38 0.000193881 0.00386035
39 -0.000257902 0.00389897
40 -0.000658178 0.00412332
41 -0.000681714 0.00424432
42 -0.000600999 0.00437287
43 -0.000606292 0.00485923
44 -0.000854203 0.00546706
45 -0.00121523 0.00578791
46 -0.00152596 0.00583037
47 -0.00160507 0.00615258
