0 -0.00227414 0.0147552
1 -0.00152092 0.0148243
2 -0.00121207 0.015724
3 -0.0010692 0.0159806
4 -0.000918837 0.0168272
5 -0.000415535 0.0172169
6 0.000483339 0.0180822
7 0.000772761 0.0178586
8 0.000661867 0.0164463
9 0.000353443 0.0152323
10 3.45818e-06 0.0139656
11 4.56294e-05 0.0134817
12 0.000207414 0.0130105
13 0.0004945 0.0125596
14 0.000919245 0.0125212
15 0.00143981 0.012249
16 0.00194492 0.0122968
17 0.00220849 0.0128222
18 0.00219635 0.0136192
19 0.00184307 0.0150635
20 0.00105929 0.0161887
21 0.000357878 0.0175594
22 -0.000489806 0.0191321
23 -0.00138062 0.0207817
24 -0.00200776 0.0222114
25 -0.00127863 0.0226101
26 -0.0016488 0.0210839
27 -0.00239523 0.0183232
28 -0.00251572 0.0159758
29 -0.00258397 0.0137565
30 -0.00289436 0.0122058
31 -0.0031383 0.0114431
32 -0.00311251 0.0105207
33 -0.0032093 0.0101097
34 -0.00358796 0.00965755
35 -0.00394395 0.00947333
36 -0.00407288 0.00945864
37 -0.00400293 0.00981943
38 -0.00405944 0.0100843
39 -0.00369123 0.0098217
40 -0.00339282 0.00997157
41 -0.00280296 0.00999744
42 -0.00214873 0.00993779
43 -0.00182945 0.0104666
44 -0.00183924 0.0115604
45 -0.00192264 0.0128848
46 -0.00206239 0.0137992
47 -0.00212876 0.014731
