0 0.00349575 0.00373301
1 0.00223696 0.00360826
2 0.00140863 0.00379034
3 0.000964533 0.00346564
4 0.000408866 0.00322915
5 -0.000331327 0.00329154
6 -0.00104944 0.00354948
7 -0.00179709 0.00404059
8 -0.00226754 0.00423089
9 -0.002045 0.00410228
10 -0.00145118 0.0042762
11 -0.00101347 0.00414327
12 -0.000667616 0.00374025
13 -0.000262109 0.00344611
14 -0.000161836 0.00333124
15 -8.93556e-05 0.00337846
16 6.73612e-05 0.00344798
17 0.000140256 0.00353343
18 0.000383985 0.00368205
19 0.000856825 0.00396436
20 0.00150952 0.00450454
21 0.00188939 0.00481564
22 0.00184604 0.00470959
23 0.00157091 0.00492988
24 0.00185952 0.00528787
25 0.00148513 0.00596377
26 0.001308 0.00599974
27 0.000806947 0.00571225
28 0.000268679 0.00527815
29 5.5074e-05 0.00521537
30 0.000101799 0.00513701
31 0.00019792 0.00502204
32 0.000354888 0.00477676
33 0.000398385 0.00463629
34 0.000350014 0.00506459
35 0.000547858 0.00532894
36 0.00119362 0.00443892
37 0.00156816 0.00426422
38 0.00144406 0.00430222
39 0.000878841 0.00434635
40 0.000471863 0.00409342
41 0.000674249 0.0035954
42 0.00130924 0.00342764
43 0.00199936 0.00328371
44 0.00260398 0.00357142
45 0.00373193 0.00435081
46 0.005145 0.00559428
47 0.00504933 0.00536339
