0 0.00125278 0.0104025
1 0.000113352 0.010737
2 -0.000251496 0.0107577
3 8.28714e-05 0.0107749
4 5.64795e-05 0.0107411
5 -0.000501448 0.0104698
6 -0.000669286 0.0105629
7 -0.00049896 0.0108498
8 -0.000507706 0.0110329
9 -0.000734594 0.0112078
10 -0.00123606 0.0115773
11 -0.00172754 0.0115961
12 -0.00194118 0.0112909
13 -0.00205272 0.0105978
14 -0.00238928 0.00982061
15 -0.00236708 0.00962665
16 -0.00243898 0.0102496
17 -0.00257578 0.0109214
18 -0.00246704 0.0115661
19 -0.0018841 0.0123419
20 -0.00110003 0.012981
21 -0.000476269 0.0135871
22 -0.000126233 0.0144171
23 5.93732e-05 0.0150973
24 0.000403685 0.0152411
25 -0.000230707 0.0148462
26 -0.000558499 0.014142
27 -0.000679162 0.0135366
28 -0.000374907 0.0131783
29 -0.0002463 0.0129878
30 -0.000439371 0.0129917
31 -0.000679522 0.0120488
32 -0.00112886 0.0109853
33 -0.0015029 0.010382
34 -0.00165301 0.0101838
35 -0.00137583 0.00985704
36 -0.00162278 0.00969254
37 -0.00245464 0.0101934
38 -0.00292033 0.0104307
39 -0.00309765 0.0102891
40 -0.00302803 0.0100148
41 -0.00260202 0.00975015
42 -0.00186628 0.00983523
43 -0.00136664 0.0101646
44 -0.00064154 0.0105335
45 0.000180956 0.0105275
46 0.000979589 0.0103352
47 0.0012369 0.010716
