0 0.000904368 0.00510093
1 0.000287378 0.00466396
2 -0.000209104 0.00465363
3 -0.000912525 0.00470282
4 -0.00143606 0.00480186
5 -0.00175589 0.00510559
6 -0.00204542 0.00535928
7 -0.00199063 0.00529824
8 -0.00127187 0.00520229
9 -0.000652012 0.00529968
10 -0.000516904 0.00540281
11 -0.000522899 0.00538154
12 -0.00024792 0.00563769
13 0.000334769 0.00598466
14 0.000814568 0.00610183
15 0.00113503 0.00622873
16 0.00108671 0.00639662
17 0.000921669 0.0066298
18 0.000748143 0.0062113
19 0.000585108 0.00553911
20 0.000557552 0.00510663
21 0.000662859 0.0049203
22 0.00084096 0.00466617
23 0.00133034 0.00420368
24 0.00164823 0.00382479
25 0.0015183 0.00331758
26 0.00127012 0.00266621
27 0.000969793 0.00225478
28 0.000587106 0.00199121
29 0.000284832 0.00193277
30 2.97038e-05 0.00181109
31 -0.000162277 0.00165857
32 -0.000239901 0.00169024
33 -0.000320709 0.00193123
34 -0.000287103 0.00225579
35 -0.000298119 0.00266046
36 -0.000433743 0.00320222
37 -0.000830478 0.00361312
38 -0.00122168 0.00388809
39 -0.00127575 0.00411972
40 -0.00108767 0.00429642
41 -0.000830957 0.00449045
42 -0.000610886 0.00483241
43 -0.000423893 0.00531568
44 -0.00011499 0.00538237
45 9.85997e-05 0.00541115
46 0.000283558 0.00533653
47 0.00064018 0.00516354
