0 7.47676e-05 0.00368751
1 -0.00103824 0.00360842
2 -0.000675352 0.0027007
3 -0.000492712 0.0019621
4 -0.000492384 0.00146097
5 -0.00056129 0.000998803
6 -0.000608347 0.000664078
7 -0.000558052 0.000382152
8 -0.000445816 0.000129801
9 -0.000369104 0.000291661
10 -0.00050561 0.000611247
11 -0.000680736 0.000702999
12 -0.000527615 0.000909485
13 -0.000291059 0.0012534
14 -0.000221199 0.0016044
15 -0.000113334 0.00170235
16 4.25158e-05 0.00176975
17 0.000287972 0.00198232
18 0.000474779 0.00202543
19 0.000641542 0.00198585
20 0.000788296 0.00192433
21 0.0010558 0.00201427
22 0.00121687 0.00218504
23 0.00103284 0.00218698
24 0.00101468 0.00224555
25 0.000812697 0.00240544
26 0.000630254 0.00269767
27 0.000663511 0.00310093
28 0.000598925 0.00347582
29 0.000550684 0.0035744
30 0.000526075 0.00374555
31 0.000322364 0.00384629
32 0.000183148 0.0039271
33 0.000223935 0.00415813
34 0.000397536 0.00407512
35 0.000616189 0.00373152
36 0.000608935 0.00348991
37 0.000549523 0.00327028
38 0.000742999 0.00308658
39 0.000988668 0.00279394
40 0.00109302 0.00264197
41 0.00106931 0.002383
42 0.000981597 0.00244025
43 0.00109173 0.00280897
44 0.00107264 0.00315271
45 0.000717897 0.00334005
46 0.000280272 0.00327013
47 -0.000130282 0.00337032
