0 0.00205984 0.00568852
1 0.00185237 0.00568224
2 0.00141152 0.00512074
3 0.000974393 0.00425591
4 0.00102747 0.00350685
5 0.00113775 0.00323132
6 0.00153079 0.00315083
7 0.0017031 0.00294815
8 0.0018533 0.00271176
9 0.00179904 0.00238111
10 0.00161888 0.00211352
11 0.00125073 0.00178549
12 0.000893572 0.00175194
13 0.000683746 0.00190773
14 0.000504144 0.00207986
15 7.14778e-05 0.00233714
16 -0.000320423 0.00268897
17 -0.000541743 0.00297005
18 -0.000344054 0.00315603
19 -8.9903e-05 0.00346094
20 6.74536e-05 0.00386519
21 0.000232231 0.00452423
22 0.000407011 0.00521698
23 0.000376206 0.00592413
24 0.000243293 0.00668082
25 7.46561e-05 0.00645277
26 8.96302e-05 0.0059575
27 3.03367e-05 0.00567419
28 -0.000150804 0.00544334
29 -0.00021772 0.0053686
30 -4.83897e-05 0.00525926
31 0.000111617 0.00479602
32 0.000128928 0.00450889
33 1.10574e-05 0.00427987
34 -0.000156243 0.00413329
35 -0.000372618 0.0039112
36 -0.000555818 0.00388507
37 -0.000714165 0.00382968
38 -0.000837535 0.00395393
39 -0.000899733 0.00421545
40 -0.000865542 0.00461417
41 -0.000665785 0.00470608
42 -0.0004375 0.00478928
43 -0.000232451 0.00469494
44 0.000112895 0.00443767
45 0.000544474 0.00425238
46 0.00107049 0.00451098
47 0.0016081 0.00515183
