0 -9.30926e-05 0.00783368
1 0.000197312 0.00816839
2 -0.000155029 0.0085001
3 -0.000825254 0.00871209
4 -0.00112017 0.00856504
5 -0.00114016 0.00803192
6 -0.00139331 0.00751825
7 -0.0016682 0.0072196
8 -0.00156881 0.00670192
9 -0.00115996 0.00624962
10 -0.000879088 0.00600759
11 -0.000801257 0.00571263
12 -0.000845677 0.00583669
13 -0.000793511 0.00597754
14 -0.000751969 0.00620475
15 -0.000799929 0.00656542
16 -0.000901417 0.00672564
17 -0.000678726 0.00715619
18 -0.000240084 0.00799088
19 0.000142594 0.00886315
20 0.000285572 0.00943053
21 0.000330103 0.00941033
22 0.000554365 0.00914328
23 0.000745366 0.00839773
24 0.000495155 0.00764238
25 0.000620532 0.0072458
26 0.000204619 0.0070036
27 -0.000166217 0.00652402
28 -0.000311439 0.0059131
29 -0.000471646 0.00536477
30 -0.000483706 0.00482439
31 -0.000419909 0.00434452
32 -0.000420355 0.00399181
33 -0.000394653 0.00384859
34 -0.000384314 0.00401955
35 -0.000225225 0.00418444
36 -0.000129427 0.00440815
37 3.36062e-05 0.00474525
38 0.000256258 0.00477391
39 0.000321722 0.00467025
40 0.000353736 0.00497297
41 0.000418935 0.0052401
42 0.000555907 0.0053804
43 0.000562784 0.00569928
44 0.000547496 0.0064762
45 0.000671383 0.00718581
46 0.000998324 0.00723253
47 0.00115672 0.00704839
