0 0.00172298 0.0153027
1 -0.000795107 0.0160047
2 -0.00176095 0.0160422
3 -0.00191217 0.0159073
4 -0.00157033 0.0158239
5 -0.00098423 0.0150384
6 -0.000527724 0.0141151
7 -0.000550398 0.013838
8 -0.000657919 0.0136739
9 -0.00067704 0.0138827
10 -0.000514998 0.0143
11 -0.000673241 0.0146165
12 -0.00137854 0.0148267
13 -0.00176075 0.0152465
14 -0.00229133 0.0148219
15 -0.00265305 0.0145983
16 -0.00257469 0.0140429
17 -0.00227353 0.0137001
18 -0.00182798 0.0136505
19 -0.00122434 0.0132843
20 -0.000739997 0.0128008
21 -0.000291762 0.0125725
22 0.000120266 0.0132011
23 0.000843546 0.0145369
24 0.00149883 0.0151531
25 0.00173874 0.0139187
26 0.00141068 0.012418
27 0.00159773 0.0117406
28 0.0018471 0.0116434
29 0.00212816 0.0114472
30 0.00252951 0.0112506
31 0.00300617 0.0107766
32 0.00317888 0.0104393
33 0.00340986 0.0101621
34 0.00366286 0.00994999
35 0.00399555 0.00983074
36 0.00388361 0.00947732
37 0.00408205 0.00952029
38 0.00478241 0.0096076
39 0.00528963 0.00975389
40 0.00549734 0.00956224
41 0.00571778 0.00984249
42 0.00559597 0.0100777
43 0.00492345 0.0101512
44 0.00441102 0.0104225
45 0.00435989 0.0115965
46 0.00394484 0.0133043
47 0.00317654 0.014979
