0 0.00178136 0.00566012
1 0.00225695 0.00522478
2 0.00194268 0.00467023
3 0.00175322 0.00459675
4 0.00172409 0.00474556
5 0.0018145 0.00493452
6 0.00170173 0.00518171
7 0.00195956 0.0056032
8 0.00185337 0.00593932
9 0.00157838 0.00636193
10 0.00104553 0.00685981
11 0.000355225 0.00700007
12 3.54355e-05 0.00727093
13 -9.87375e-05 0.00777033
14 -8.05353e-05 0.0082651
15 -0.000285601 0.00832794
16 -0.000557823 0.00807112
17 -0.000692037 0.00787195
18 -0.000505421 0.0075863
19 -0.000220667 0.00767608
20 0.000150579 0.00778644
21 0.00056885 0.00820096
22 0.000765462 0.00912847
23 0.000580443 0.0094646
24 0.000275377 0.00959167
25 -7.60265e-05 0.00952223
26 -0.00017571 0.00890272
27 -3.61285e-05 0.00787219
28 0.000323101 0.00708569
29 0.000602059 0.00662412
30 0.000568162 0.00606303
31 0.000160432 0.00546564
32 -0.000446916 0.00546548
33 -0.000914058 0.00571112
34 -0.00129868 0.0061088
35 -0.00164636 0.0062867
36 -0.00164992 0.0059961
37 -0.00146507 0.00572741
38 -0.00131607 0.00570612
39 -0.0014244 0.00568925
40 -0.00134031 0.0054942
41 -0.000931758 0.0054399
42 -0.000663441 0.00543785
43 -0.000266302 0.00550749
44 0.000425993 0.00551803
45 0.0010975 0.00523794
46 0.00146501 0.00490838
47 0.001632 0.00520269
