0 -0.00271964 0.00770074
1 -0.00227095 0.00672416
2 -0.0020276 0.00636976
3 -0.00137764 0.00645862
4 -0.000843274 0.00652278
5 -0.000601921 0.00683742
6 -0.000471433 0.00719325
7 -0.000824225 0.0070354
8 -0.00125319 0.00637721
9 -0.0016583 0.00572428
10 -0.0017635 0.00572004
11 -0.0016123 0.00570174
12 -0.00179747 0.00581794
13 -0.00153597 0.00558703
14 -0.000984618 0.00521992
15 -0.000494943 0.00499543
16 -0.000213329 0.00488358
17 -7.2602e-05 0.00478296
18 -5.55115e-05 0.00496574
19 -0.000143676 0.00519419
20 4.96377e-05 0.00516778
21 0.000202423 0.0051833
22 0.000345395 0.0052834
23 -2.56355e-05 0.00551574
24 -0.000756305 0.00538078
25 -0.000579088 0.00540512
26 -0.000957059 0.00530905
27 -0.00104268 0.00487
28 -0.000609064 0.00446922
29 -0.000206645 0.00424825
30 0.000399869 0.00426109
31 0.00100591 0.0041754
32 0.00145281 0.00411791
33 0.00171609 0.00425314
34 0.00142198 0.00428716
35 0.000897807 0.00435369
36 0.000835631 0.00447786
37 0.00083521 0.00463749
38 0.000895497 0.00476029
39 0.0010955 0.00468862
40 0.0010415 0.00484677
41 0.00070642 0.00478845
42 7.60383e-05 0.00459558
43 -0.000701636 0.00418986
44 -0.0015392 0.00430616
45 -0.00212525 0.00506849
46 -0.00214166 0.00626771
47 -0.00214063 0.0071077
