0 -0.000472919 0.0108059
1 -0.00107547 0.0108915
2 -0.00124722 0.0110767
3 -0.000544658 0.0105655
4 -2.45276e-05 0.010483
5 0.000490301 0.00987508
6 0.000348545 0.00907543
7 1.31826e-05 0.0084074
8 0.000113101 0.00748185
9 0.000354527 0.00675184
10 0.000302125 0.00636912
11 0.000527266 0.00622123
12 0.000641031 0.00599984
13 0.000716601 0.00577958
14 0.000999442 0.00555824
15 0.00110853 0.00528786
16 0.00120384 0.00535925
17 0.00142239 0.00559052
18 0.0013349 0.00610466
19 0.00117459 0.0064281
20 0.00157467 0.00678898
21 0.00173852 0.00758188
22 0.00174375 0.00848315
23 0.00184147 0.00971233
24 0.00204508 0.0107421
25 0.00220706 0.0110427
26 0.00280234 0.0108014
27 0.00340917 0.0106494
28 0.00424945 0.0107737
29 0.00454928 0.0107433
30 0.00411645 0.0100364
31 0.00367622 0.00969025
32 0.00354631 0.00976023
33 0.00345804 0.00965055
34 0.0031269 0.00874186
35 0.002572 0.007931
36 0.0022852 0.0073876
37 0.0020094 0.00721305
38 0.00181233 0.00700455
39 0.00167269 0.0070588
40 0.00180798 0.00737499
41 0.00239623 0.00812354
42 0.00301996 0.00879784
43 0.00338561 0.00913076
44 0.00277977 0.0087003
45 0.00173957 0.00845919
46 0.000904905 0.00900822
47 0.000442503 0.00966078
