0 -0.00116399 0.00907769
1 -0.0016808 0.00808239
2 -0.00151157 0.00758622
3 -0.00165684 0.00694179
4 -0.00166974 0.0063769
5 -0.00132399 0.00589155
6 -0.000785335 0.00559415
7 -0.00018651 0.00560698
8 0.000149225 0.00554453
9 0.000309893 0.00527668
10 0.000426284 0.00537483
11 0.000580704 0.00585086
12 0.000545609 0.0060005
13 0.000490823 0.00567055
14 0.000508216 0.00538631
15 0.000531953 0.00545664
16 0.000377923 0.00550387
17 7.94207e-05 0.00535528
18 -0.000167352 0.00533881
19 -0.000187649 0.00549347
20 9.80668e-05 0.00526328
21 0.000490583 0.00507048
22 0.000850986 0.00535238
23 0.00118245 0.00603745
24 0.00130407 0.00691977
25 0.00185748 0.00751427
26 0.00207526 0.00769184
27 0.00204535 0.00794601
28 0.0019622 0.00809478
29 0.00173809 0.00815971
30 0.00143809 0.008117
31 0.00134324 0.00789219
32 0.00111707 0.00761378
33 0.000915034 0.00714995
34 0.000899746 0.00639875
35 0.000879281 0.00577133
36 0.000682906 0.00573949
37 0.000314239 0.00630423
38 -0.000413924 0.00691906
39 -0.00126517 0.00764588
40 -0.00183628 0.00812392
41 -0.00215367 0.00810806
42 -0.00229059 0.00791429
43 -0.00200943 0.00800865
44 -0.00131619 0.00819727
45 -0.000942399 0.00854575
46 -0.000610968 0.00913899
47 -0.000543218 0.00924221
