0 -0.000655709 0.00278257
1 -0.000843701 0.00283081
2 -0.00140833 0.00265546
3 -0.00134378 0.00243363
4 -0.0011351 0.00241029
5 -0.000957469 0.00238625
6 -0.000611315 0.00212579
7 -0.000290854 0.00185544
8 -6.06956e-05 0.00156107
9 6.8712e-05 0.00146757
10 0.000111126 0.00157945
11 0.000185967 0.00181621
12 0.000306519 0.00201616
13 0.000314577 0.00212199
14 0.000495407 0.00219904
15 0.000763296 0.00221371
16 0.000778517 0.00217931
17 0.000598148 0.00224056
18 0.000474086 0.00234419
19 0.000471005 0.00267336
20 0.000418887 0.00288399
21 0.000311112 0.00298608
22 0.00035047 0.00297139
23 0.000539299 0.00293544
24 0.000725231 0.00301851
25 0.00102123 0.00306298
26 0.00101926 0.00297355
27 0.000839602 0.00297302
28 0.000607248 0.00285597
29 0.000443072 0.00274844
30 0.00033811 0.00270835
31 0.000324935 0.00290079
32 0.000291851 0.00307809
33 0.00025469 0.0032026
34 0.000134127 0.00328847
35 -1.59621e-05 0.00343835
36 -0.000372694 0.00361272
37 -0.000803286 0.00356408
38 -0.000890298 0.00314404
39 -0.000801914 0.00269768
40 -0.000663521 0.00256659
41 -0.000531889 0.00263666
42 -0.000329805 0.00267545
43 -0.00028968 0.00282862
44 -0.000433878 0.00281969
45 -0.000516994 0.00289141
46 -0.000575989 0.00294924
47 -0.000581655 0.00287062
