0 0.00468771 0.00788522
1 0.00413403 0.006588
2 0.00373869 0.00589583
3 0.00328695 0.00541042
4 0.00300347 0.0051768
5 0.00268225 0.00521602
6 0.00243727 0.00524881
7 0.00233933 0.00528588
8 0.00211974 0.00506109
9 0.00193244 0.00473804
10 0.00189926 0.00443445
11 0.00184829 0.00427552
12 0.00171299 0.00415178
13 0.0013062 0.00416669
14 0.00077627 0.00421063
15 0.000509087 0.00437793
16 0.000372658 0.00458583
17 0.000238792 0.00485944
18 0.000200275 0.00526475
19 0.000132931 0.00574486
20 -8.79305e-05 0.00640665
21 -0.000220966 0.00710826
22 -0.000127975 0.00736585
23 -9.76268e-05 0.00750427
24 0.000146721 0.00707124
25 0.000487655 0.00709092
26 0.000512004 0.00769067
27 0.000337446 0.00833821
28 0.000188643 0.00843627
29 5.43957e-05 0.00852925
30 -4.12399e-05 0.00865124
31 4.01493e-05 0.00866322
32 0.000276851 0.00875511
33 0.000472728 0.00907472
34 0.000761755 0.00932756
35 0.000846647 0.0093734
36 0.000546906 0.00890014
37 -0.000108412 0.0083545
38 -0.000667429 0.0076418
39 -0.000976641 0.00726466
40 -0.000848819 0.00678302
41 -0.000530208 0.00632676
42 -0.0001545 0.00610672
43 0.000590157 0.00639517
44 0.00159032 0.00710678
45 0.00242613 0.00745338
46 0.00305708 0.00777856
47 0.00366276 0.00823868
