0 0.000487021 0.00827622
1 0.00014859 0.0100288
2 2.23338e-06 0.0108965
3 -0.000179939 0.0109936
4 -0.000457688 0.0108136
5 -0.000603022 0.0104055
6 -0.000514535 0.00987389
7 -0.000448708 0.00918056
8 -0.00012192 0.00862972
9 0.000414433 0.00833979
10 0.00108521 0.00813354
11 0.0015818 0.0078631
12 0.00132567 0.00738981
13 0.000974283 0.00700518
14 0.000772838 0.00687737
15 0.000694198 0.00687115
16 0.000806413 0.00714474
17 0.00111418 0.00788159
18 0.00157493 0.00850918
19 0.00182846 0.00865197
20 0.00207463 0.00850041
21 0.00207378 0.00837102
22 0.00183419 0.00811381
23 0.00147348 0.0077514
24 0.00124346 0.00750462
25 0.000991734 0.00705395
26 0.000749557 0.00659111
27 0.000430201 0.00615174
28 0.000124051 0.00579359
29 -0.000175733 0.00559665
30 -0.000342915 0.00558251
31 -0.000373083 0.0056915
32 -0.000265844 0.00542133
33 -2.45256e-05 0.00520715
34 0.000283305 0.00497515
35 0.000438066 0.00498767
36 0.000266953 0.00475121
37 0.000156282 0.00457136
38 4.62995e-05 0.00455556
39 -0.000137621 0.00452708
40 -0.000218352 0.00454634
41 -0.000151491 0.00450352
42 9.50259e-05 0.0044446
43 0.000542787 0.00441346
44 0.00081096 0.00441082
45 0.000847146 0.00446163
46 0.000876786 0.00488503
47 0.000800162 0.00586032
