0 -0.00220815 0.0118439
1 -0.00251308 0.0118926
2 -0.00281859 0.0114055
3 -0.00314909 0.0118226
4 -0.00296455 0.0121588
5 -0.00244752 0.0118111
6 -0.00177418 0.0113486
7 -0.000974126 0.0113819
8 -5.94016e-05 0.0115829
9 0.00079431 0.0118408
10 0.00131066 0.0116521
11 0.00148422 0.0111936
12 0.00133202 0.0109343
13 0.00136138 0.0106921
14 0.00118469 0.0103752
15 0.00078215 0.0103205
16 0.000555983 0.0104738
17 0.000532824 0.0103056
18 0.000649104 0.0107661
19 0.000757683 0.0117215
20 0.000964968 0.0128445
21 0.000992636 0.0135086
22 0.00122461 0.0142516
23 0.00149398 0.0147232
24 0.00166219 0.0141842
25 0.00192193 0.0134106
26 0.00198408 0.0125804
27 0.00186516 0.0117042
28 0.00157817 0.0108426
29 0.00108314 0.0100287
30 0.000693379 0.00963754
31 0.000128681 0.00967815
32 -0.000337785 0.00983691
33 -0.000642187 0.00970566
34 -0.000659274 0.00924396
35 -0.000702036 0.00882072
36 -0.000887965 0.0087514
37 -0.00100949 0.0089166
38 -0.000997546 0.00890942
39 -0.000608533 0.00891504
40 -0.000278251 0.00893551
41 0.000281662 0.00889183
42 0.00054951 0.00909449
43 0.000589311 0.00980392
44 0.000219313 0.0104053
45 -0.000127032 0.0106054
46 -0.000655716 0.0109273
47 -0.00160006 0.0116442
