0 0.00237698 0.0129781
1 0.00133341 0.0132696
2 0.000915014 0.0132338
3 0.00111808 0.0130693
4 0.00102234 0.0128355
5 0.000464542 0.0124319
6 0.000275261 0.0124826
7 0.000492619 0.01282
8 0.000487522 0.0131127
9 0.000257723 0.0133282
10 -0.000332136 0.0138173
11 -0.000854085 0.0138938
12 -0.000963356 0.0135419
13 -0.000989269 0.0128116
14 -0.00131598 0.012011
15 -0.00137095 0.0118146
16 -0.00155845 0.0125535
17 -0.00187402 0.0132512
18 -0.00193532 0.0138297
19 -0.00151442 0.0145437
20 -0.000863659 0.0151065
21 -0.000373125 0.0156779
22 -0.000123488 0.0166422
23 -3.44391e-05 0.0175597
24 0.000241358 0.0177984
25 -0.000420332 0.0172153
26 -0.000741955 0.0163211
27 -0.000863603 0.0155123
28 -0.000634205 0.0149702
29 -0.000519034 0.0147014
30 -0.000678553 0.014618
31 -0.000801291 0.0136209
32 -0.0011307 0.0125101
33 -0.00139286 0.0118745
34 -0.00144096 0.0116635
35 -0.00106499 0.0113139
36 -0.00121016 0.0110966
37 -0.0019668 0.011625
38 -0.00239523 0.0118517
39 -0.00254284 0.0116903
40 -0.00250837 0.0114079
41 -0.00208123 0.0111955
42 -0.00134175 0.01142
43 -0.000793716 0.0119466
44 3.84248e-05 0.0126552
45 0.000948896 0.0129263
46 0.0018226 0.0128982
47 0.00219319 0.0133908
