0 0.00224458 0.00771142
1 0.00270508 0.00710995
2 0.00274881 0.00611277
3 0.00258935 0.00532322
4 0.00224762 0.00461465
5 0.00187934 0.00398948
6 0.00160113 0.00353744
7 0.00139424 0.00316028
8 0.00106831 0.00279126
9 0.000806434 0.00240924
10 0.000656312 0.00235408
11 0.000761828 0.00254513
12 0.00113795 0.00270433
13 0.00143234 0.00282748
14 0.00160643 0.00306209
15 0.00172859 0.00327014
16 0.00171408 0.00335324
17 0.00150647 0.00347312
18 0.00140572 0.00363942
19 0.00125069 0.00390928
20 0.0011311 0.00447546
21 0.000941318 0.00514047
22 0.000459754 0.00599682
23 0.00014641 0.00670728
24 -0.000198571 0.00692837
25 7.00753e-05 0.00694945
26 7.35482e-06 0.00655359
27 -0.000104172 0.00609059
28 -0.000318438 0.00551979
29 -0.000372788 0.00509098
30 -0.000313435 0.00492159
31 3.44111e-05 0.00465792
32 0.000321748 0.00456688
33 0.000299457 0.00473621
34 0.000411506 0.00524264
35 0.000531052 0.00564991
36 0.000496956 0.00581044
37 0.000633324 0.00593964
38 0.000733356 0.00591784
39 0.000639213 0.00585692
40 0.000538861 0.0057734
41 0.000548672 0.00591318
42 0.000649648 0.00604656
43 0.00057675 0.00620576
44 0.000601844 0.00646208
45 0.000877418 0.00677252
46 0.001158 0.0071188
47 0.00148519 0.00740821
