0 0.0034155 0.0109954
1 0.00270105 0.0106824
2 0.00152359 0.00919841
3 0.000357689 0.00782757
4 -0.0005927 0.00724545
5 -0.00109393 0.00729189
6 -0.00125571 0.00755617
7 -0.000971477 0.00826687
8 -0.000507248 0.00865249
9 -0.000236068 0.00832727
10 -0.000107458 0.0078573
11 0.000139509 0.00753474
12 3.84167e-05 0.00736784
13 -0.000133947 0.00776302
14 -0.000285251 0.00813411
15 -0.000405028 0.00835265
16 -0.00046918 0.00870934
17 -0.000316238 0.00892266
18 -0.000159736 0.00925486
19 -0.000250627 0.00934833
20 -0.000431761 0.00913889
21 -0.000348355 0.00895877
22 -0.000291049 0.00866412
23 0.000211717 0.00890836
24 0.000684482 0.00951147
25 0.000393106 0.00981275
26 6.14451e-05 0.0090519
27 -0.00025974 0.00839511
28 -0.000309637 0.00756305
29 -0.000261733 0.00689796
30 -0.000244625 0.00653326
31 -0.000399031 0.00625025
32 -0.000361241 0.0063039
33 -0.000394509 0.00659166
34 -4.35796e-05 0.00643921
35 0.000385612 0.00560761
36 0.00057408 0.00502886
37 8.23317e-05 0.00485495
38 -0.000171735 0.00544361
39 0.00023309 0.00638558
40 0.00105146 0.00739712
41 0.00182863 0.00840183
42 0.00249741 0.00923046
43 0.0027807 0.0100834
44 0.00295937 0.0106755
45 0.00329705 0.0111757
46 0.00342751 0.0113614
47 0.00358664 0.0109283
