0 -0.0014017 0.00256342
1 -0.00096435 0.00191152
2 -0.000736905 0.00174454
3 -0.000748943 0.00158856
4 -0.0011939 0.00152444
5 -0.00133528 0.00157428
6 -0.00136392 0.00190885
7 -0.00142944 0.00182703
8 -0.00142377 0.00158009
9 -0.00142665 0.00144315
10 -0.00138643 0.00114663
11 -0.00117549 0.00132156
12 -0.000951965 0.0016108
13 -0.0005819 0.0015423
14 -5.1674e-05 0.00137721
15 0.000435925 0.0012765
16 0.000968878 0.00116821
17 0.00134143 0.00110324
18 0.00154495 0.00103132
19 0.00170642 0.000997439
20 0.0015443 0.00110247
21 0.00130267 0.001356
22 0.00105251 0.00178662
23 0.000609407 0.00226713
24 0.0002818 0.00285272
25 -0.000339517 0.00311883
26 -0.00057549 0.00329908
27 -0.000750467 0.00330301
28 -0.000984265 0.00348117
29 -0.00101081 0.00358028
30 -0.000899487 0.0033988
31 -0.000725837 0.00304731
32 -0.000626782 0.00273787
33 -0.000669307 0.00257346
34 -0.000662374 0.00222044
35 -0.000681629 0.00203212
36 -0.000691624 0.00198609
37 -0.000953049 0.00221211
38 -0.00111662 0.00269031
39 -0.00120242 0.00327805
40 -0.00115662 0.00357761
41 -0.00125935 0.00390267
42 -0.00128728 0.00417919
43 -0.00124691 0.00402551
44 -0.00111158 0.00353833
45 -0.000785731 0.0033345
46 -0.000876357 0.00328422
47 -0.00117975 0.00272881
