0 0.00266532 0.00646044
1 0.00207508 0.00580579
2 0.00129298 0.00518521
3 0.000577062 0.00434495
4 0.000367191 0.00410489
5 0.000523162 0.00450176
6 0.000686186 0.00441822
7 0.000813325 0.00402061
8 0.000759738 0.00398664
9 0.000410539 0.00404626
10 3.8482e-06 0.00445422
11 -0.000106891 0.0045116
12 0.000162846 0.00451479
13 0.000514769 0.0047707
14 0.000768094 0.00519908
15 0.00100202 0.00544708
16 0.00126313 0.00567621
17 0.00144073 0.00590587
18 0.00144915 0.00579217
19 0.00133524 0.00575527
20 0.00125451 0.00566914
21 0.0012688 0.00558699
22 0.00125486 0.00562039
23 0.00136672 0.00527137
24 0.000904095 0.00466613
25 0.00102977 0.00397858
26 0.000755752 0.0032465
27 0.000544098 0.00280943
28 0.000416411 0.00262573
29 0.000577867 0.00262054
30 0.000558489 0.00241921
31 0.000287044 0.00221638
32 0.00015453 0.00247345
33 6.16389e-05 0.00272996
34 -2.9764e-05 0.00298992
35 -0.000135409 0.00333175
36 -0.000102616 0.00371159
37 5.98233e-05 0.00407019
38 0.000381118 0.00439232
39 0.000447241 0.00455992
40 0.000236508 0.0043387
41 -5.3999e-05 0.00418983
42 -0.000297331 0.00412072
43 -0.00064295 0.00411293
44 -0.000640201 0.00406415
45 -9.71945e-05 0.00415694
46 0.000698405 0.00435118
47 0.00169326 0.00533934
