0 -0.00365643 0.0157814
1 -0.0027437 0.0172138
2 -0.0019772 0.0158567
3 -0.0014802 0.0140189
4 -0.00133865 0.0127551
5 -0.00152975 0.0124468
6 -0.00237996 0.0120246
7 -0.00254046 0.0115534
8 -0.0022224 0.0108736
9 -0.00155064 0.010177
10 -0.000921115 0.00951674
11 -0.000358186 0.00920647
12 0.000198613 0.00904788
13 0.000631537 0.00895256
14 0.000732825 0.00913917
15 0.000546737 0.0094515
16 0.000300021 0.00997635
17 -1.52696e-05 0.0101868
18 -0.000525447 0.0108529
19 -0.000772649 0.0115979
20 -0.00081659 0.0121372
21 -0.000828709 0.0122228
22 -0.000951548 0.0125227
23 -0.00106323 0.0127531
24 -0.000505108 0.0131021
25 -0.00120541 0.0128477
26 -0.00125191 0.0125648
27 -0.0010938 0.0126026
28 -0.000791789 0.0124463
29 -0.000269747 0.012524
30 1.88054e-05 0.0126299
31 0.000119339 0.0119447
32 0.000184133 0.0109215
33 0.000442204 0.0103803
34 0.000809315 0.0104282
35 0.00107121 0.0107403
36 0.00092234 0.0109873
37 0.000616589 0.011604
38 0.000719512 0.0122524
39 0.00123791 0.0128509
40 0.00165636 0.012843
41 0.00168457 0.0130019
42 0.00106811 0.0129027
43 -0.00021282 0.0129545
44 -0.0021447 0.0136306
45 -0.00320906 0.0142447
46 -0.00352499 0.0146048
47 -0.00351455 0.0149947
