0 -0.0027065 0.0190056
1 -0.00233373 0.0202109
2 -0.00166512 0.0200267
3 -0.00109061 0.0196117
4 -0.000446111 0.0183261
5 0.000130859 0.0162902
6 0.00025634 0.013881
7 0.000522782 0.0120024
8 0.000743455 0.0113546
9 0.000806908 0.011488
10 0.000871188 0.0114322
11 0.00069489 0.0114628
12 0.000459975 0.0111952
13 0.00030687 0.0105079
14 0.000444103 0.0100751
15 0.000775258 0.0100629
16 0.0012436 0.0103707
17 0.00167901 0.0106124
18 0.00178517 0.0108017
19 0.00190941 0.0112535
20 0.00173921 0.0116528
21 0.00131269 0.0117692
22 0.000579891 0.0119505
23 -0.000155321 0.0123249
24 -0.000529869 0.0120023
25 -0.000850683 0.0115833
26 -0.000847897 0.0113152
27 -0.000589233 0.0105223
28 -0.000604424 0.00963196
29 -0.000713191 0.00885284
30 -0.000790111 0.00835494
31 -0.000841455 0.00787973
32 -0.000896616 0.00759229
33 -0.00107999 0.00756736
34 -0.00124338 0.00784502
35 -0.00130743 0.00778524
36 -0.0016046 0.00777214
37 -0.00179751 0.00785442
38 -0.0019331 0.00763511
39 -0.00198479 0.00722069
40 -0.00188525 0.00719147
41 -0.00200316 0.00794418
42 -0.00232961 0.00875248
43 -0.00276091 0.0099031
44 -0.00339841 0.0111765
45 -0.00410823 0.0128117
46 -0.00443692 0.0146412
47 -0.0039888 0.016433
