0 -0.00204726 0.00230316
1 -0.00246296 0.00342459
2 -0.00252824 0.00452419
3 -0.00248896 0.00533711
4 -0.0018415 0.00606008
5 -0.00150595 0.00675851
6 -0.00108307 0.00679293
7 -0.000631055 0.00666083
8 -0.00038069 0.00660142
9 -0.000342826 0.00638526
10 -0.000389362 0.00668172
11 -0.000484724 0.0073436
12 -0.000639179 0.00794085
13 -0.00113218 0.00760946
14 -0.00121532 0.00738888
15 -0.00126833 0.00697597
16 -0.00183687 0.0070753
17 -0.00296422 0.0071547
18 -0.00370668 0.00729286
19 -0.00396697 0.00733087
20 -0.00412247 0.00694373
21 -0.00463876 0.00631498
22 -0.00570837 0.00628267
23 -0.00602384 0.00608626
24 -0.00585613 0.00580134
25 -0.00590768 0.00465754
26 -0.00552126 0.00449422
27 -0.00527681 0.00450334
28 -0.00469511 0.00424924
29 -0.00369723 0.0038097
30 -0.00297647 0.00404222
31 -0.00232765 0.00440984
32 -0.00192849 0.00456863
33 -0.00144379 0.00433252
34 -0.00137336 0.00419991
35 -0.00146995 0.00407093
36 -0.00165716 0.00395817
37 -0.001811 0.00376319
38 -0.00180679 0.0035306
39 -0.00156496 0.00315636
40 -0.00133875 0.00290068
41 -0.00145979 0.00272793
42 -0.00192883 0.0023561
43 -0.00252698 0.0019094
44 -0.00284393 0.00192284
45 -0.00295557 0.00195191
46 -0.0029412 0.00207623
47 -0.00291767 0.00204072
