0 0.000831316 0.012382
1 -0.000274843 0.0119841
2 -0.000828468 0.0123293
3 -0.00063322 0.0128643
4 -0.00012029 0.0131702
5 0.000449355 0.0128361
6 0.00111477 0.0125734
7 0.00155613 0.0125881
8 0.0018484 0.0128052
9 0.00222152 0.0130348
10 0.00226562 0.0128515
11 0.00206764 0.0119199
12 0.00195069 0.0109671
13 0.00189092 0.0104229
14 0.00193815 0.0101496
15 0.00199444 0.0104378
16 0.00176344 0.0106864
17 0.00147169 0.0106722
18 0.00113243 0.010341
19 0.000786323 0.0100341
20 0.000607156 0.0100009
21 0.000628747 0.0104555
22 0.000666861 0.0107792
23 0.00060831 0.0106429
24 5.36861e-05 0.00992771
25 0.000136112 0.00921378
26 -6.44585e-05 0.00862076
27 -0.000261024 0.00762688
28 -0.000563526 0.00669995
29 -0.000676799 0.00583396
30 -0.000602458 0.00532766
31 -0.00039477 0.00495249
32 -0.000297432 0.00488
33 -0.000355535 0.00484016
34 -0.000258114 0.00461875
35 -0.000259857 0.00454517
36 -0.000304007 0.00473589
37 -0.00046374 0.00513346
38 -0.000442877 0.00568752
39 -0.000454 0.00629734
40 -0.000390189 0.00642461
41 -0.000118904 0.00620921
42 0.000231957 0.0064999
43 0.000429526 0.00710847
44 0.000523623 0.00804217
45 0.000587185 0.00918086
46 0.000678081 0.0108244
47 0.000990092 0.0118045
