0 5.31296e-05 0.00467199
1 -0.000172051 0.00484269
2 -5.13753e-05 0.00496582
3 0.000209912 0.00481177
4 0.000659826 0.00453512
5 0.00067506 0.00413059
6 0.000286353 0.00374457
7 -0.000161477 0.0032402
8 -0.000578476 0.00289462
9 -0.000734704 0.00272104
10 -0.000616414 0.00261147
11 -0.000426628 0.00244952
12 -0.000403145 0.00236276
13 -0.000348735 0.00237248
14 -0.000248324 0.00246548
15 -0.000250893 0.00281247
16 -0.000185963 0.00322166
17 -0.00013395 0.00332478
18 1.82401e-05 0.00360484
19 0.000211135 0.0038389
20 0.000237187 0.00374298
21 -2.19351e-05 0.0036069
22 -0.000165823 0.0033859
23 -9.75945e-05 0.00321468
24 8.74025e-05 0.00323343
25 0.000117211 0.00321707
26 0.000117681 0.00336052
27 3.54724e-05 0.00330988
28 -0.000181495 0.00302271
29 -0.000238052 0.00298643
30 -0.000243303 0.00305209
31 -0.000290165 0.00290618
32 -0.000270088 0.00273885
33 -0.000218806 0.00257127
34 -0.000542633 0.00240013
35 -0.000913137 0.0022271
36 -0.00124196 0.00213848
37 -0.00157452 0.00204089
38 -0.0017301 0.00198432
39 -0.00192964 0.00204134
40 -0.00226642 0.00231843
41 -0.00264065 0.00249199
42 -0.00257169 0.00265494
43 -0.00214877 0.00283049
44 -0.00181897 0.00278509
45 -0.00154395 0.00291263
46 -0.0010773 0.00335459
47 -0.000756792 0.0040964
