0 0.00251825 0.00878487
1 0.00369102 0.00999348
2 0.00397874 0.00966315
3 0.00368662 0.00902763
4 0.00323195 0.00865796
5 0.00259005 0.00816433
6 0.00208168 0.00733276
7 0.00153794 0.00675261
8 0.000826911 0.00620743
9 0.000146775 0.00594763
10 -0.000557369 0.00607784
11 -0.00144162 0.00627711
12 -0.00171649 0.00646129
13 -0.00139358 0.00650066
14 -0.00123875 0.00653123
15 -0.00121153 0.0066479
16 -0.00115288 0.00682539
17 -0.00102773 0.00729244
18 -0.000873227 0.00768624
19 -0.000457286 0.00795852
20 -9.57942e-05 0.00828675
21 0.000189585 0.00883593
22 0.000247941 0.00951431
23 0.000313655 0.00963698
24 0.000282511 0.00981318
25 -0.000168123 0.00998167
26 -0.00048736 0.0101853
27 -0.000671051 0.0100118
28 -0.000430536 0.00930405
29 -0.000455499 0.00833853
30 -0.000860261 0.00747617
31 -0.000955476 0.00682238
32 -0.000928593 0.00661311
33 -0.000994187 0.0068715
34 -0.00101368 0.00718888
35 -0.000911787 0.00748639
36 -0.000753338 0.00746778
37 -0.000509971 0.00711899
38 -0.000277986 0.00695982
39 0.000108238 0.00728233
40 0.000318836 0.00764145
41 0.000359756 0.00766607
42 0.000293376 0.00750801
43 0.000375032 0.0073209
44 0.000724526 0.0072073
45 0.000931389 0.00729166
46 0.00141356 0.00730119
47 0.00191795 0.00726934
