0 0.000866052 0.0137518
1 0.00173093 0.0132923
2 0.00203862 0.0129549
3 0.00232997 0.0122579
4 0.00234799 0.0114369
5 0.00230902 0.0108756
6 0.00203133 0.010523
7 0.00163803 0.0102225
8 0.00133182 0.00994555
9 0.00147056 0.0100996
10 0.0013629 0.00967059
11 0.00140531 0.00944415
12 0.00160204 0.00987834
13 0.00140162 0.0100416
14 0.0012951 0.00993919
15 0.00118061 0.00961454
16 0.000979741 0.00968667
17 0.000761449 0.0102048
18 0.000685851 0.010677
19 0.000932297 0.0113259
20 0.00113349 0.0122258
21 0.00156193 0.0137338
22 0.00191777 0.0145415
23 0.00188976 0.0144853
24 0.00150132 0.0141657
25 0.00153613 0.0134786
26 0.00143041 0.0123987
27 0.00113099 0.0111711
28 0.000691413 0.0100349
29 0.000359436 0.00907456
30 0.000119421 0.00834648
31 -9.44144e-05 0.00796637
32 -0.000252595 0.00789847
33 -0.000291158 0.00800453
34 -0.000306503 0.00819222
35 -0.00019858 0.00883071
36 -0.000152459 0.0088214
37 -4.60565e-05 0.00854954
38 0.000288797 0.00848282
39 0.000818145 0.00893107
40 0.00184516 0.00949167
41 0.00264756 0.0102661
42 0.00234516 0.0110536
43 0.00158556 0.0119075
44 0.00120936 0.0126006
45 0.00110112 0.0130514
46 0.000703305 0.0125141
47 0.000747833 0.0124477
