0 5.31293e-05 0.005032
1 -0.000807468 0.0055212
2 -0.00113286 0.00562618
3 -0.00126321 0.00528883
4 -0.00158609 0.00450944
5 -0.00170487 0.00354942
6 -0.00155129 0.00302047
7 -0.00164907 0.00260342
8 -0.00145184 0.00237794
9 -0.00113195 0.00236542
10 -0.000835608 0.00210943
11 -0.000482705 0.00179093
12 -0.00028343 0.00169182
13 -0.000262235 0.00162285
14 -0.000377926 0.00177808
15 -0.000480587 0.00190904
16 -0.000625249 0.00198103
17 -0.000657669 0.00199567
18 -0.000698033 0.00221788
19 -0.000574182 0.00232231
20 -0.00019071 0.00245967
21 0.00010696 0.0027398
22 0.000289973 0.00329851
23 0.000254531 0.00374762
24 -5.84846e-05 0.0041005
25 -7.37097e-05 0.00413005
26 2.63509e-05 0.00390846
27 0.000445835 0.0038332
28 0.0010087 0.00385466
29 0.00140279 0.00409801
30 0.00153392 0.00419972
31 0.00140561 0.00444767
32 0.00126806 0.00461163
33 0.0011836 0.00427051
34 0.000984912 0.00364343
35 0.000835433 0.00279218
36 0.000724609 0.00197174
37 0.000564753 0.00164163
38 0.000508792 0.00175573
39 0.000442673 0.00153969
40 0.000395128 0.00129832
41 0.000416259 0.00125957
42 0.000472535 0.00157309
43 0.000757328 0.00193114
44 0.000860165 0.00242217
45 0.000656523 0.00316368
46 0.000257992 0.00378383
47 0.000111085 0.00441182
