0 0.00241951 0.0103069
1 0.000145683 0.0106696
2 -0.000705079 0.0106832
3 -0.000794842 0.0106337
4 -0.000510784 0.010843
5 -4.6746e-05 0.0104755
6 0.000199516 0.00988254
7 2.17324e-05 0.00977626
8 -0.000181959 0.00961567
9 -0.000230477 0.00970601
10 -0.000167937 0.0100876
11 -0.000374866 0.0102972
12 -0.00114118 0.0105174
13 -0.00145227 0.0109817
14 -0.00178528 0.0105805
15 -0.00203459 0.0103331
16 -0.00187535 0.00971569
17 -0.0015122 0.00933176
18 -0.00112979 0.00926472
19 -0.000761425 0.00865495
20 -0.000531093 0.00805272
21 -0.000252272 0.00766069
22 -2.81104e-06 0.00794054
23 0.000590239 0.00848482
24 0.00126868 0.00861772
25 0.00163511 0.00774166
26 0.00146068 0.00704135
27 0.00165505 0.00688583
28 0.00185629 0.00714746
29 0.00205336 0.00715512
30 0.00229603 0.00702131
31 0.00276547 0.00658935
32 0.00296905 0.00629065
33 0.00301974 0.00596165
34 0.00296733 0.00582336
35 0.00299689 0.00571194
36 0.00277561 0.00546917
37 0.00295066 0.00551211
38 0.00361706 0.00555696
39 0.00422619 0.00572953
40 0.00452771 0.00575092
41 0.00488331 0.0063274
42 0.00492452 0.00689877
43 0.00442684 0.00710424
44 0.00423437 0.00730987
45 0.00444881 0.00807354
46 0.00428514 0.00911211
47 0.00380529 0.0103363
