0 0.00109841 0.0232559
1 0.00145768 0.0216251
2 0.00177635 0.0200236
3 0.00208774 0.0187273
4 0.00152389 0.0177407
5 0.000276891 0.0165248
6 -0.00029247 0.0146471
7 -0.000741068 0.0133101
8 -0.00109594 0.0126942
9 -0.00129276 0.0130532
10 -0.00140426 0.0129493
11 -0.00168044 0.0124719
12 -0.00191031 0.0123285
13 -0.00182051 0.0123676
14 -0.00132768 0.0131818
15 -0.000788172 0.0141131
16 -0.000532353 0.0144915
17 -0.000459737 0.0153438
18 -0.000193365 0.0159543
19 -7.97424e-05 0.016153
20 0.000125522 0.0157654
21 0.0001153 0.0161346
22 9.73922e-06 0.0168815
23 0.000251995 0.0174527
24 0.000635486 0.0174434
25 0.00105821 0.017147
26 0.0011127 0.0169494
27 0.00105901 0.0161045
28 0.00117197 0.015294
29 0.00115207 0.0150597
30 0.00121591 0.0148796
31 0.00124844 0.0144777
32 0.00109603 0.0143786
33 0.000888325 0.0144476
34 0.000402431 0.0145108
35 -0.000139759 0.0150122
36 -0.000835595 0.0153801
37 -0.00115989 0.0148192
38 -0.00154061 0.0141962
39 -0.00147967 0.0140305
40 -0.000991332 0.0139686
41 -0.00071997 0.0139096
42 -0.000956305 0.0137339
43 -0.00107337 0.0142124
44 -0.00127728 0.0152741
45 -0.00165434 0.0164834
46 -0.00117175 0.018817
47 -0.000102385 0.0217069
