0 0.000413451 0.00413787
1 1.85336e-05 0.00453823
2 -0.000209002 0.00483248
3 -0.000276148 0.00516347
4 -0.000368944 0.00503077
5 -0.00013711 0.00467494
6 0.000256133 0.00442098
7 0.000338498 0.00445471
8 0.000468205 0.00475614
9 0.00059304 0.00487406
10 0.000756445 0.00485712
11 0.000930963 0.00495417
12 0.000790978 0.00498617
13 0.000491406 0.00510093
14 0.00032942 0.00542003
15 0.000447067 0.00579513
16 0.000570565 0.00587344
17 0.000606971 0.00624015
18 0.000337179 0.00686636
19 -7.61338e-05 0.00721231
20 -0.000267144 0.00717615
21 -0.000411174 0.00698734
22 -0.000222384 0.00653506
23 -9.10695e-05 0.00636023
24 7.65083e-05 0.0065191
25 0.000330177 0.00658125
26 0.000312269 0.00652924
27 -7.90853e-06 0.00613649
28 -0.00034705 0.00582664
29 -0.000582391 0.00558812
30 -0.000760209 0.0053015
31 -0.00086884 0.0047289
32 -0.000661499 0.00432591
33 -0.000296505 0.0041705
34 0.000250781 0.00402143
35 0.000698706 0.0038877
36 0.000742284 0.00379442
37 0.000918476 0.00379978
38 0.00101896 0.00383421
39 0.000826103 0.00378016
40 0.000539278 0.00385585
41 0.00019901 0.00413445
42 0.000234142 0.00438264
43 0.000627762 0.00471983
44 0.000523571 0.00452713
45 0.000409287 0.00420498
46 0.000342123 0.00405789
47 0.000377451 0.00382872
