0 -0.000651539 0.00298518
1 -0.000972524 0.00340537
2 -0.00118813 0.00385752
3 -0.00161169 0.00397387
4 -0.00199278 0.00400291
5 -0.00184496 0.0040484
6 -0.00154724 0.00407824
7 -0.00129436 0.00398689
8 -0.00107351 0.00388433
9 -0.00083459 0.00364462
10 -0.0006011 0.0034909
11 -0.000557383 0.00362528
12 -0.000651577 0.0036893
13 -0.000586004 0.00359452
14 -0.000520442 0.00337367
15 -0.00034226 0.0028878
16 -0.00031144 0.00234644
17 -0.000429114 0.00191408
18 -0.000412576 0.00171087
19 -0.000321906 0.00170579
20 -0.000290778 0.00163905
21 -0.000379592 0.00168218
22 -0.000471837 0.00181045
23 -0.000575568 0.00204014
24 -0.000260362 0.00205523
25 0.000177689 0.0024656
26 0.00045459 0.00269365
27 0.00068759 0.00263908
28 0.000613597 0.00246819
29 0.000536133 0.00206452
30 0.000458552 0.00186743
31 0.000344071 0.00188318
32 0.000279243 0.00193209
33 0.000190001 0.00201948
34 -0.000109497 0.00223183
35 -0.000359025 0.00251882
36 -0.000680105 0.00291944
37 -0.00103036 0.00311987
38 -0.000979426 0.00303361
39 -0.00055636 0.00288478
40 -0.000176936 0.0027806
41 2.18498e-05 0.00248195
42 -6.2639e-05 0.00210157
43 -1.92148e-05 0.00182784
44 -0.00022613 0.00167247
45 -0.000170884 0.00172291
46 -0.000247795 0.00207679
47 -0.000475221 0.00238837
