0 0.00426502 0.00887589
1 0.00379541 0.0077541
2 0.00343771 0.00705999
3 0.00305687 0.00650961
4 0.00289657 0.0063061
5 0.00265731 0.00637556
6 0.00241127 0.00646839
7 0.00238215 0.00656801
8 0.00214959 0.00630256
9 0.00204041 0.00599062
10 0.00210544 0.00569197
11 0.00211653 0.00547248
12 0.00196362 0.00525648
13 0.00151746 0.00518884
14 0.000948827 0.00512711
15 0.000636993 0.00519989
16 0.000395662 0.0054088
17 0.000210778 0.00577684
18 0.000154793 0.00633465
19 0.000134106 0.00699303
20 -6.50637e-05 0.00782914
21 -0.000224788 0.00875501
22 -0.000169119 0.009243
23 -0.000167475 0.00960433
24 -4.59057e-07 0.00917894
25 0.000309993 0.00907645
26 0.000298486 0.00966334
27 -9.39521e-07 0.0102091
28 -0.000285942 0.0100514
29 -0.000521042 0.00989175
30 -0.00068257 0.00991834
31 -0.000651469 0.00995336
32 -0.000398656 0.0100454
33 -0.00017275 0.0103564
34 6.03165e-05 0.0106208
35 0.000263036 0.0107218
36 0.000203944 0.0102931
37 -0.000181997 0.00978503
38 -0.000631314 0.00912411
39 -0.000979476 0.00881325
40 -0.000937282 0.00836781
41 -0.000685251 0.00795603
42 -0.000392725 0.00778257
43 0.000241226 0.00813766
44 0.00121164 0.00882829
45 0.0020853 0.00894472
46 0.00264678 0.00898623
47 0.00321312 0.00931109
