0 -0.000874716 0.0106789
1 -0.00126174 0.00926338
2 -0.00149678 0.00855683
3 -0.00115754 0.00793823
4 -0.00122644 0.0075685
5 -0.00120138 0.00719964
6 -0.00102456 0.00680601
7 -0.000997949 0.00653726
8 -0.00101866 0.00651216
9 -0.000825731 0.00661211
10 -0.000556986 0.00643301
11 -0.000257034 0.00611932
12 0.000143999 0.00601628
13 0.00056425 0.00601045
14 0.000619677 0.00599096
15 0.000544776 0.00627787
16 0.000445681 0.00678414
17 0.000239937 0.00706478
18 3.58204e-05 0.00760976
19 0.000116574 0.00823355
20 0.000329709 0.00913217
21 0.000410234 0.0102106
22 0.000254651 0.0114427
23 -9.65585e-06 0.0123744
24 -4.5804e-05 0.012479
25 9.85577e-05 0.0124205
26 0.000288865 0.0122952
27 0.000233237 0.0120261
28 0.000151717 0.0120179
29 -7.50795e-06 0.0116791
30 -0.000285481 0.0114763
31 -0.000470976 0.0116536
32 -0.000411051 0.0115116
33 -0.000225416 0.0113527
34 0.000156532 0.0116598
35 0.000607481 0.0117758
36 0.000694413 0.0120642
37 0.000438317 0.0122482
38 9.1246e-05 0.0121929
39 -0.000322621 0.0121738
40 -0.000533879 0.0121796
41 -0.000781513 0.0117096
42 -0.000934345 0.0110437
43 -0.000952506 0.0111781
44 -0.00113239 0.0114408
45 -0.00153189 0.0115488
46 -0.00168172 0.0117364
47 -0.00132957 0.0117279
