0 -0.00399708 0.0104849
1 -0.00362025 0.0115751
2 -0.00283464 0.0124027
3 -0.00192926 0.0127175
4 -0.00102969 0.0124274
5 -0.000265896 0.0113295
6 -0.000124012 0.0098528
7 0.0001324 0.00880054
8 0.000350419 0.00825952
9 0.000377525 0.00798603
10 0.000805227 0.00769426
11 0.000976281 0.00761999
12 0.000953279 0.00740455
13 0.000722785 0.00685953
14 0.000775102 0.00643745
15 0.000954119 0.00617764
16 0.00117516 0.00621444
17 0.00152951 0.00632362
18 0.00149166 0.00651583
19 0.00119776 0.00682564
20 0.000623244 0.00692322
21 0.000194984 0.00686674
22 -0.00013068 0.00689656
23 -0.000466815 0.00704462
24 -0.000444654 0.00677452
25 -0.000644436 0.00625469
26 -0.000501976 0.00625358
27 -9.52131e-06 0.0059992
28 0.000216997 0.00564914
29 0.000198631 0.00546435
30 8.78788e-05 0.00555349
31 -0.000174622 0.00546105
32 -0.000380757 0.00542119
33 -0.000485494 0.00541149
34 -0.000454988 0.00551723
35 -0.000472116 0.00540837
36 -0.000877425 0.00533204
37 -0.00117043 0.00511997
38 -0.00148309 0.00462378
39 -0.00150047 0.00408764
40 -0.00145828 0.00380499
41 -0.00174345 0.00405786
42 -0.0021907 0.00446744
43 -0.0026982 0.00507808
44 -0.00325792 0.00590766
45 -0.00378505 0.00700846
46 -0.00431586 0.00793846
47 -0.00438299 0.00887289
