0 0.002526 0.0208963
1 0.00166343 0.0222439
2 0.00132443 0.0227259
3 0.00109755 0.0226774
4 0.000757533 0.0220895
5 0.00120029 0.0219476
6 0.00164153 0.0212084
7 0.00175307 0.0202506
8 0.00113938 0.0190682
9 0.00027787 0.017911
10 -0.000389015 0.0174575
11 -0.000605105 0.0170592
12 -0.000717452 0.0163822
13 -0.000430527 0.0160724
14 5.03821e-05 0.0163992
15 0.000355262 0.0170589
16 0.000573673 0.0177506
17 0.000609326 0.0179999
18 0.000533251 0.0181319
19 0.000347027 0.0188024
20 8.15439e-05 0.0192306
21 -0.000610799 0.0187232
22 -0.00133162 0.0178673
23 -0.00186822 0.0174493
24 -0.00173371 0.0167027
25 -0.0014307 0.0152899
26 -0.00113333 0.0139582
27 -0.000960719 0.0129131
28 -0.00076242 0.0119914
29 -0.000634606 0.0110936
30 -0.000624437 0.010434
31 -0.000637706 0.00991959
32 -0.00066148 0.00962649
33 -0.000897926 0.00956006
34 -0.00129216 0.00934864
35 -0.0015964 0.00908408
36 -0.00184437 0.00888698
37 -0.0018412 0.00890081
38 -0.00143627 0.00908105
39 -0.000730829 0.00932406
40 -3.50071e-05 0.00997649
41 0.000494983 0.0113952
42 0.00116915 0.0132711
43 0.00183279 0.0149275
44 0.00238253 0.0168267
45 0.00278617 0.0187243
46 0.00249197 0.0200261
47 0.00179297 0.0206014
