0 0.000266112 0.00968639
1 0.000876068 0.00930885
2 0.00175143 0.00869106
3 0.00228465 0.00766241
4 0.00220316 0.00688597
5 0.00144531 0.00637444
6 0.000611073 0.00626155
7 0.000310075 0.00617627
8 0.000352918 0.00614932
9 0.000189309 0.00631564
10 -8.81505e-05 0.00659098
11 -0.000314921 0.00691828
12 -0.000453885 0.00737454
13 -0.000766109 0.00775651
14 -0.00100918 0.00779237
15 -0.00105586 0.0074449
16 -0.00077098 0.00738662
17 -0.000457343 0.00767486
18 -0.000368084 0.00848183
19 -0.000508629 0.00924243
20 -0.000693449 0.00996131
21 -0.00108938 0.0105353
22 -0.00132655 0.0109533
23 -0.00135219 0.0113048
24 -0.00119865 0.0110194
25 -0.000745138 0.00995897
26 -0.000343324 0.00935003
27 -4.12393e-05 0.00866919
28 -8.02005e-05 0.00810337
29 3.18463e-05 0.00770564
30 9.05093e-05 0.00728375
31 0.000166475 0.00703077
32 9.13374e-05 0.00681398
33 -9.35804e-06 0.00652425
34 -0.000107027 0.00623506
35 -0.000238197 0.00619618
36 -0.000236533 0.00628382
37 -0.000188589 0.00649276
38 -0.000150885 0.00670763
39 -0.000306983 0.00702327
40 -0.000563161 0.00746195
41 -0.000670723 0.00832882
42 -0.000694887 0.00927895
43 -0.000482161 0.0097726
44 -0.000560748 0.00964518
45 -0.000793808 0.00917466
46 -0.000614392 0.00891432
47 -0.000245245 0.00894331
