0 0.00108784 0.00227317
1 0.000765684 0.0018703
2 0.00100181 0.00173734
3 0.00124024 0.00193557
4 0.00134538 0.00225368
5 0.00152885 0.00234499
6 0.00176163 0.00233286
7 0.00168815 0.00228575
8 0.00166034 0.00227091
9 0.00174509 0.00237344
10 0.00163996 0.00231777
11 0.00139749 0.0025502
12 0.000892364 0.00319524
13 -9.06621e-05 0.00363503
14 -0.000682106 0.0038412
15 -0.000833205 0.00377593
16 -0.000766732 0.00372125
17 -0.000639731 0.00367697
18 -0.000575185 0.0036579
19 -0.000368641 0.00378814
20 -0.000301127 0.00397321
21 -0.000327682 0.00402504
22 -0.000426343 0.00433443
23 -0.000643584 0.00467556
24 -0.00103683 0.004733
25 -0.000855346 0.00464148
26 -0.000792655 0.00432056
27 -0.000731446 0.00395252
28 -0.000598788 0.00362674
29 -0.000376458 0.00339281
30 -0.000347308 0.00309962
31 -0.000341796 0.00296289
32 -0.000406735 0.00278653
33 -0.000539967 0.00248625
34 -0.000508851 0.00217414
35 -0.000329931 0.00193074
36 -0.00015663 0.00187155
37 5.0717e-05 0.00178
38 0.000229687 0.00155291
39 0.000467111 0.00145772
40 0.000684931 0.00157919
41 0.000846909 0.00185639
42 0.00118274 0.00240417
43 0.0014374 0.0029501
44 0.00159266 0.00346805
45 0.00163912 0.00359669
46 0.0014958 0.00339262
47 0.00137722 0.00280372
