0 -0.000752846 0.00463904
1 -0.00063096 0.00406816
2 -0.00043692 0.00370228
3 -0.000271653 0.00349795
4 -0.000343934 0.00318655
5 -0.000415858 0.00264268
6 -0.000340775 0.00201993
7 -0.000141425 0.00154636
8 -0.000274281 0.00134901
9 -0.000408108 0.00134877
10 -0.000230457 0.00137984
11 3.81925e-05 0.00160101
12 0.000361805 0.0016638
13 0.000623662 0.00172474
14 0.000701362 0.0019108
15 0.000619821 0.00197164
16 0.000508003 0.00211665
17 0.000308309 0.00239693
18 0.00026992 0.00282519
19 0.000415167 0.00341658
20 0.000629943 0.0041001
21 0.000904523 0.00448881
22 0.000861778 0.00491899
23 0.000551013 0.00525015
24 0.000659531 0.00550295
25 0.000598256 0.00552884
26 0.000653561 0.00529586
27 0.000537995 0.00474613
28 0.000410159 0.00417252
29 -4.80224e-05 0.00393407
30 -0.000437606 0.00409997
31 -0.000520687 0.00475446
32 -0.000563935 0.00544104
33 -0.000711673 0.00594676
34 -0.000925858 0.00620062
35 -0.0006455 0.00624988
36 -0.00050542 0.00650413
37 -0.000400172 0.00630793
38 -0.000626866 0.00574311
39 -0.000550271 0.00554143
40 -0.000535222 0.00528516
41 -0.000470987 0.00541291
42 -0.000137742 0.00499062
43 0.000136515 0.00458221
44 0.000206451 0.00453811
45 -4.79556e-05 0.00473122
46 -0.000465969 0.0049368
47 -0.000935547 0.00484181
