0 -0.0032414 0.0114949
1 -0.00315572 0.0105573
2 -0.00240438 0.00968749
3 -0.00144354 0.00900879
4 -0.000798668 0.00858334
5 -0.000281261 0.00804074
6 -0.000163729 0.00771526
7 -0.000124461 0.00737489
8 -0.000137712 0.00713231
9 -9.17779e-05 0.00688717
10 1.07451e-05 0.00681932
11 0.000428676 0.00679688
12 0.000580556 0.00694369
13 0.000465264 0.00722152
14 0.000506358 0.0077014
15 0.000553056 0.00827585
16 0.000524668 0.00804872
17 0.000489109 0.00762309
18 0.000402007 0.00724186
19 0.000203463 0.00744154
20 7.31454e-05 0.00795691
21 0.000132889 0.00851261
22 0.000286921 0.00871876
23 0.000480784 0.00863205
24 0.000915428 0.00823107
25 0.000804998 0.00782801
26 0.000905752 0.00753524
27 0.000848159 0.0073202
28 0.000540914 0.00721481
29 0.000177747 0.00738516
30 0.000122866 0.00767706
31 0.000246027 0.00838337
32 0.000557538 0.00930177
33 0.000953633 0.0100287
34 0.0012568 0.0101323
35 0.00132845 0.0102105
36 0.0013263 0.0100693
37 0.00124612 0.0100604
38 0.00123036 0.00988665
39 0.000645893 0.00922261
40 -1.08971e-05 0.00869916
41 -0.000589323 0.00851944
42 -0.0011425 0.00909529
43 -0.00148399 0.0101286
44 -0.00190886 0.011068
45 -0.00238011 0.0114829
46 -0.00271291 0.0116902
47 -0.00299742 0.0113925
