0 0.00248726 0.0203171
1 0.00147934 0.0190703
2 0.000469306 0.0192074
3 -6.97246e-05 0.019085
4 -0.000587426 0.0178304
5 -0.00084944 0.0167579
6 -0.000726773 0.0157998
7 -0.000152531 0.0150909
8 0.000447259 0.0147027
9 0.000625697 0.014185
10 0.000905428 0.0130253
11 0.00078384 0.0118423
12 0.000439187 0.0107731
13 0.000200266 0.0100331
14 -2.63458e-06 0.0101659
15 -1.74443e-05 0.0107302
16 0.000361467 0.0114827
17 0.000596523 0.01255
18 0.000431888 0.0135962
19 0.000170199 0.0144657
20 -0.000301604 0.0147216
21 -0.00082873 0.0153132
22 -0.00129022 0.0163669
23 -0.00160907 0.0170898
24 -0.00208699 0.0173727
25 -0.00208405 0.0174849
26 -0.00238399 0.0177167
27 -0.00252295 0.017145
28 -0.0028566 0.0162233
29 -0.00301298 0.0156431
30 -0.00269715 0.0153329
31 -0.00191473 0.015311
32 -0.00123305 0.0155637
33 -0.000968501 0.0152365
34 -0.000813421 0.0150865
35 -0.000343582 0.0148274
36 5.19445e-05 0.0144804
37 0.000439894 0.0140187
38 0.000457501 0.0138761
39 0.000553157 0.0133882
40 0.000525615 0.0131482
41 0.000820591 0.0134652
42 0.00152477 0.0136384
43 0.00231223 0.0141842
44 0.00285125 0.0151946
45 0.00298079 0.0162694
46 0.00300785 0.0181828
47 0.00368294 0.0199891
