0 0.00153609 0.013365
1 0.00192844 0.0135692
2 0.00220128 0.0132011
3 0.002184 0.0119392
4 0.00211255 0.0112821
5 0.00183199 0.0109363
6 0.00113776 0.0101346
7 0.000339435 0.00958075
8 -0.000439212 0.00957251
9 -0.00109373 0.00958426
10 -0.00164782 0.00985311
11 -0.00169799 0.00988101
12 -0.00148883 0.00997891
13 -0.00124257 0.00975959
14 -0.000741446 0.00911193
15 -0.000266358 0.00870255
16 0.000353697 0.00870371
17 0.00110793 0.00911805
18 0.00150163 0.00917283
19 0.00116713 0.00890738
20 0.000709011 0.00906867
21 0.000286657 0.00921948
22 0.000337111 0.0100649
23 0.000437782 0.0113634
24 0.000301682 0.0119432
25 7.20822e-06 0.011916
26 -0.000220926 0.0113188
27 -0.000236437 0.010098
28 -0.000180251 0.00899536
29 -9.72372e-05 0.00844822
30 -6.06736e-05 0.00794564
31 0.000134465 0.00751999
32 0.000621134 0.00718868
33 0.00110888 0.00705955
34 0.00150125 0.0072463
35 0.00150023 0.00723519
36 0.0013311 0.0071906
37 0.000978148 0.00720066
38 0.000642391 0.00745111
39 0.000214097 0.00796226
40 -0.000159539 0.00836253
41 -0.000176194 0.00878672
42 -0.000313369 0.00910271
43 -0.000342758 0.0093909
44 -0.000289627 0.00987057
45 0.000185359 0.0106921
46 0.00101428 0.0118077
47 0.00143552 0.0122706
