0 0.00121333 0.00914946
1 0.00112324 0.00944719
2 0.000560934 0.0092817
3 0.000215775 0.00915955
4 -9.43893e-05 0.00927123
5 -0.000466396 0.00911583
6 -0.00078506 0.00894828
7 -0.000902429 0.00864738
8 -0.00120872 0.00838981
9 -0.00168967 0.00837142
10 -0.00184758 0.0086507
11 -0.00173098 0.00867002
12 -0.00146372 0.00855056
13 -0.00125473 0.00824861
14 -0.00104646 0.00788194
15 -0.000832905 0.00794314
16 -0.000538487 0.00842987
17 -0.000177533 0.0090982
18 5.8957e-05 0.00946103
19 0.000244015 0.00992626
20 0.000400727 0.0101969
21 0.000359108 0.0100649
22 0.000364107 0.00994364
23 0.00052952 0.010283
24 0.000496835 0.0107318
25 0.000684607 0.0107578
26 0.000904321 0.0106934
27 0.00102721 0.010637
28 0.000990889 0.0101978
29 0.0007765 0.00972276
30 0.00060347 0.00903419
31 0.000415126 0.00848282
32 0.000114814 0.00775957
33 -0.000143208 0.00694567
34 -0.000257983 0.00613222
35 -0.000243891 0.00547351
36 -7.52404e-05 0.0049976
37 0.000119371 0.00466055
38 0.00015515 0.00437712
39 0.000458337 0.00428954
40 0.000802086 0.00438804
41 0.000863789 0.00471141
42 0.000700068 0.00511691
43 0.000650895 0.00569153
44 0.000659108 0.00643276
45 0.000697291 0.00689555
46 0.00100487 0.00740528
47 0.00121114 0.00798203
