0 0.000755835 0.0184373
1 0.000515219 0.0195985
2 0.000718143 0.0190233
3 0.000490865 0.0171855
4 0.000596646 0.0160144
5 0.00120354 0.0146927
6 0.00171709 0.0140655
7 0.00191903 0.0137086
8 0.00178493 0.012697
9 0.00115429 0.0114414
10 0.000620875 0.0107666
11 0.000174348 0.0105417
12 -0.000179701 0.0104002
13 -0.000386065 0.0100958
14 -0.000642866 0.0103376
15 -0.000874828 0.0107664
16 -0.000936486 0.0114755
17 -0.000905562 0.0124219
18 -0.000734765 0.0130038
19 -0.000391903 0.0136258
20 -6.1631e-05 0.014428
21 0.000208257 0.0152182
22 0.000523923 0.0160158
23 0.000767503 0.0158167
24 0.00113952 0.0157632
25 0.000698958 0.0160501
26 0.000787371 0.0165677
27 0.00068408 0.0167598
28 0.000743466 0.0163746
29 0.00100362 0.0161598
30 0.00125844 0.0155742
31 0.00146817 0.0145361
32 0.00166218 0.0138061
33 0.0016565 0.0134015
34 0.00131954 0.0134404
35 0.00116515 0.0130097
36 0.00155957 0.0132106
37 0.00170472 0.0130544
38 0.0018196 0.0129651
39 0.00184677 0.0128437
40 0.00184311 0.0126832
41 0.00187805 0.0127288
42 0.00180773 0.0136909
43 0.00141256 0.0150075
44 0.000985579 0.0159006
45 0.000303335 0.0153804
46 -3.61469e-05 0.0155037
47 0.00013573 0.016677
