0 -0.00208168 0.00404909
1 -0.00167227 0.00364204
2 -0.00100049 0.0035156
3 -0.000891057 0.00324511
4 -0.000937087 0.00304568
5 -0.000774534 0.00279997
6 -0.000500139 0.00236105
7 -0.00025612 0.00182414
8 -9.12078e-05 0.00161043
9 0.000171532 0.00151537
10 0.000415133 0.00160919
11 0.000526652 0.00198863
12 0.000417039 0.00213389
13 0.00047937 0.00202737
14 0.000586867 0.00189097
15 0.000698569 0.00174941
16 0.000885175 0.00163559
17 0.000912304 0.00144331
18 0.000948975 0.00139521
19 0.000997661 0.00147524
20 0.00123626 0.00170165
21 0.00155987 0.00206831
22 0.00176762 0.00247197
23 0.00194438 0.00291145
24 0.00147968 0.0032317
25 0.000842713 0.00336836
26 5.69615e-05 0.00351497
27 -0.000297552 0.00338305
28 -0.00030247 0.00318096
29 -0.000239705 0.00298052
30 -4.03869e-05 0.0029196
31 0.000121823 0.00292014
32 0.000413575 0.00288424
33 0.000537337 0.00256099
34 0.000405511 0.0024665
35 0.000450023 0.0025742
36 0.000634418 0.00275933
37 0.000819217 0.00304571
38 0.000831473 0.00315362
39 0.000380124 0.0031101
40 -3.72094e-05 0.00291321
41 -6.90897e-05 0.0026378
42 0.000226947 0.0022889
43 3.27159e-05 0.00235422
44 -0.000462553 0.00285947
45 -0.00103742 0.00318412
46 -0.00178553 0.00390264
47 -0.00199103 0.00412802
