0 0.00049285 0.00995848
1 -0.000422025 0.0102887
2 -0.000348733 0.01063
3 -8.32408e-07 0.010529
4 0.000593463 0.0100929
5 0.000710595 0.0101173
6 0.000614076 0.0103364
7 0.000660099 0.0102654
8 0.000772151 0.0101285
9 0.000499995 0.0100944
10 0.000361302 0.00990828
11 0.000498629 0.0102056
12 0.000274684 0.0104818
13 -0.000286167 0.010673
14 -0.00082764 0.0108939
15 -0.00119529 0.0108867
16 -0.00123959 0.0103703
17 -0.00123885 0.0100576
18 -0.00137463 0.0106046
19 -0.00193088 0.0119276
20 -0.0024715 0.0138094
21 -0.00285693 0.0156197
22 -0.00296255 0.0169596
23 -0.00254192 0.0178749
24 -0.00196023 0.0183901
25 -0.00124013 0.0177859
26 -0.000623874 0.0168873
27 -0.000227262 0.015609
28 3.7171e-05 0.0145292
29 0.000407069 0.0133591
30 0.000681738 0.0123391
31 0.000780526 0.0116894
32 0.000802081 0.0112903
33 0.000944022 0.0107587
34 0.00113789 0.010403
35 0.0012502 0.0103254
36 0.0013804 0.010659
37 0.00145404 0.0115653
38 0.00173195 0.0126661
39 0.00182339 0.0132816
40 0.00121798 0.0133935
41 0.000772657 0.0134278
42 -6.49068e-07 0.0129459
43 -0.000361608 0.0127643
44 -0.000688747 0.0129838
45 -0.000792947 0.0130255
46 -0.000802026 0.0124214
47 -0.000365713 0.0112552
