0 0.00237874 0.0043448
1 0.000480115 0.0047163
2 -0.000160692 0.00500898
3 -0.00021118 0.00522317
4 -3.52925e-05 0.0057775
5 0.00030998 0.00605166
6 0.000319395 0.00615016
7 -5.40501e-05 0.00644735
8 -0.000398533 0.00649837
9 -0.000538072 0.00659386
10 -0.000637131 0.00693091
11 -0.000992066 0.0069988
12 -0.00188148 0.00717457
13 -0.00223318 0.00759859
14 -0.00236315 0.00714878
15 -0.00247307 0.00684119
16 -0.00216087 0.00607174
17 -0.00164839 0.00551705
18 -0.00125153 0.00538262
19 -0.00106786 0.00457144
20 -0.000962568 0.00375884
21 -0.000622039 0.00320621
22 -0.000411195 0.00321712
23 -0.000130232 0.00317631
24 0.000360719 0.00297519
25 0.00077814 0.0024328
26 0.000895052 0.0023465
27 0.00117527 0.00249322
28 0.00140677 0.00281585
29 0.00150457 0.00288772
30 0.00155711 0.00282355
31 0.00170962 0.00256371
32 0.00173239 0.00237644
33 0.00154192 0.0021533
34 0.00130527 0.00218503
35 0.00121489 0.00215191
36 0.00113855 0.00188431
37 0.00142684 0.00176794
38 0.00200442 0.00165294
39 0.00266917 0.00167394
40 0.00310199 0.00169418
41 0.00367244 0.00225419
42 0.00404178 0.00294419
43 0.00370697 0.00329206
44 0.00360164 0.00350779
45 0.00383326 0.0038581
46 0.00377142 0.0041339
47 0.00363429 0.00467766
