0 0.00148079 0.00882402
1 0.00143765 0.00838845
2 0.00126247 0.00785089
3 0.00124988 0.00757946
4 0.00125316 0.00719189
5 0.00136874 0.00689962
6 0.00140177 0.00667639
7 0.00134885 0.00633816
8 0.0009602 0.00612082
9 0.000348371 0.00643935
10 -0.000291404 0.00659582
11 -0.000872842 0.00622306
12 -0.00113702 0.00550691
13 -0.00114881 0.00516922
14 -0.00106524 0.00515121
15 -0.000875305 0.0054737
16 -0.000588639 0.00581958
17 -0.000654081 0.00602221
18 -0.000929808 0.00618886
19 -0.00121447 0.00683546
20 -0.00132124 0.00777327
21 -0.00124279 0.00794864
22 -0.00099975 0.00788021
23 -0.000481237 0.00802754
24 9.589e-05 0.00813502
25 0.000601527 0.00763648
26 0.000685502 0.00735358
27 0.000855861 0.00679322
28 0.000865433 0.00629259
29 0.000958693 0.00599301
30 0.00097555 0.00573814
31 0.000947156 0.00570501
32 0.000987824 0.0057255
33 0.00108861 0.00555129
34 0.00130657 0.00535597
35 0.00174145 0.00551884
36 0.00216668 0.00583942
37 0.00264059 0.00631254
38 0.00290278 0.00683766
39 0.00313608 0.00752206
40 0.00316101 0.00785935
41 0.00326211 0.00794432
42 0.00295121 0.00805319
43 0.00213064 0.00838262
44 0.00147894 0.00877439
45 0.00113023 0.00891679
46 0.00124098 0.00882856
47 0.00118124 0.00865932
