0 0.000730353 0.0102787
1 0.00182181 0.0103598
2 0.00137791 0.00973279
3 0.000824013 0.00896184
4 0.000460058 0.00792495
5 0.000108523 0.00670751
6 -0.00014603 0.00580374
7 -0.00069884 0.00538886
8 -0.00130714 0.00554324
9 -0.00166541 0.0055252
10 -0.00180605 0.00565269
11 -0.00168852 0.00571667
12 -0.00157127 0.00616515
13 -0.00156355 0.00727118
14 -0.00118881 0.00905677
15 -0.000834134 0.00990931
16 -0.000396549 0.00965009
17 -0.000335098 0.00922356
18 -0.000203092 0.00963088
19 5.69769e-05 0.0102541
20 0.000421022 0.010983
21 0.000769184 0.0119592
22 0.000997718 0.0128636
23 0.000988206 0.0138054
24 0.000856294 0.0146752
25 0.00108183 0.0142707
26 0.00111594 0.0131457
27 0.00101683 0.0123301
28 0.00102312 0.0118185
29 0.000926693 0.0114635
30 0.000760328 0.0108043
31 0.000708216 0.0103269
32 0.000847679 0.0099937
33 0.00104775 0.0098848
34 0.00121094 0.00998171
35 0.0010701 0.0103872
36 0.000773678 0.011387
37 0.00028689 0.0120688
38 -0.000392481 0.0121392
39 -0.000928144 0.0116783
40 -0.00133105 0.0108889
41 -0.00105717 0.010482
42 -0.000655749 0.0101525
43 -0.000682348 0.0102426
44 -0.00116651 0.0103868
45 -0.00188954 0.0106822
46 -0.00154841 0.0104158
47 -0.00037777 0.0098799
