0 0.00166849 0.0192775
1 8.4642e-06 0.0187285
2 -0.000108639 0.0171028
3 -0.000143765 0.0162667
4 -0.000182015 0.0154087
5 -0.000512167 0.0150416
6 -0.000331606 0.0145933
7 -0.000206927 0.0138737
8 -0.00020897 0.0135205
9 -0.000253551 0.0131077
10 2.04986e-05 0.0124214
11 0.000236824 0.0116088
12 0.000355999 0.0109832
13 0.000518731 0.0105633
14 0.000863307 0.0105354
15 0.00132779 0.0106618
16 0.00146083 0.010962
17 0.00159693 0.0111561
18 0.00158242 0.0112102
19 0.00145473 0.0114857
20 0.00132222 0.0121792
21 0.000955482 0.0130908
22 0.000577924 0.0139019
23 0.000185352 0.0142358
24 0.000215764 0.0139896
25 5.07736e-06 0.0139527
26 1.5903e-05 0.0136497
27 8.15384e-05 0.0128606
28 0.000330028 0.0121104
29 0.00090474 0.0114803
30 0.00140058 0.0111026
31 0.0019362 0.0108002
32 0.00181653 0.0106399
33 0.00109044 0.0106878
34 8.9319e-05 0.0108977
35 -0.000613557 0.0111708
36 -0.000546312 0.0114467
37 -6.94623e-05 0.0117697
38 0.000250739 0.012599
39 0.000414955 0.0132601
40 0.00088667 0.0136708
41 0.00154758 0.0140104
42 0.00206088 0.014784
43 0.00221201 0.0159347
44 0.00237336 0.0172368
45 0.00242885 0.0185208
46 0.00165173 0.018829
47 0.00131174 0.0190022
