0 0.00481899 0.0176676
1 0.00264734 0.0168683
2 0.000702552 0.0155936
3 -2.26595e-05 0.0146723
4 -0.000277771 0.0147437
5 -0.000369927 0.0145503
6 -0.000118887 0.0146306
7 0.000109375 0.0148765
8 0.000130836 0.0152892
9 0.000163415 0.015843
10 0.000175877 0.0158467
11 -2.21251e-05 0.0149153
12 -0.000277202 0.0140557
13 -0.000582935 0.0131374
14 -0.00090005 0.0124599
15 -0.00111731 0.0117961
16 -0.00134326 0.0121415
17 -0.00150021 0.0128722
18 -0.00144787 0.013967
19 -0.00137844 0.0152834
20 -0.00114968 0.0173591
21 -0.000899689 0.0193341
22 -0.000491569 0.0194906
23 0.000174302 0.0195946
24 0.000437591 0.0190168
25 0.000355339 0.0181622
26 0.000533752 0.016606
27 0.001029 0.0153715
28 0.0013764 0.0150184
29 0.00172175 0.0143048
30 0.00219586 0.0138846
31 0.00211744 0.0132983
32 0.00202173 0.0126155
33 0.00218341 0.0125831
34 0.00244211 0.012705
35 0.00264059 0.012606
36 0.0028972 0.0128493
37 0.00249383 0.0129256
38 0.00174558 0.0127719
39 0.00073637 0.0123901
40 -0.000224112 0.0129381
41 -0.000914891 0.0143439
42 -0.00122028 0.0159869
43 -0.000696717 0.0159749
44 -0.000187765 0.0154659
45 0.000151906 0.0150968
46 0.00140835 0.0154812
47 0.00375484 0.0167958
