0 0.00174031 0.00882351
1 0.00189209 0.0087969
2 0.00128297 0.00886001
3 0.000240557 0.00840522
4 -0.000378601 0.00764388
5 -0.000734018 0.00729643
6 -0.00105212 0.00740599
7 -0.000978832 0.00770186
8 -0.000599339 0.00764328
9 -0.000254698 0.00774996
10 3.80624e-05 0.00762562
11 0.000290385 0.00726749
12 0.00022572 0.00687137
13 7.04939e-05 0.00651358
14 0.000164574 0.00629163
15 -2.13742e-05 0.00628478
16 -0.000339631 0.00599453
17 -0.000289186 0.00568837
18 -0.000150386 0.00562701
19 -7.68829e-05 0.00574797
20 -2.83979e-05 0.00599541
21 3.4461e-06 0.00599884
22 5.27475e-05 0.0060634
23 0.000149644 0.00584898
24 0.000305155 0.00596181
25 0.000215668 0.00578294
26 0.000218986 0.00570605
27 0.000286059 0.00571487
28 0.000494496 0.00567625
29 0.000684239 0.00542262
30 0.000876576 0.00549768
31 0.000842605 0.00561904
32 0.00102035 0.00553249
33 0.00136499 0.00536032
34 0.00156065 0.00548068
35 0.00167102 0.00565128
36 0.00206274 0.00583877
37 0.00235002 0.00561053
38 0.00253677 0.005418
39 0.00254229 0.0053384
40 0.00213431 0.00564384
41 0.00166808 0.00589012
42 0.00136067 0.00617487
43 0.00103339 0.00668082
44 0.000596551 0.00800384
45 0.000242484 0.00918994
46 0.000709014 0.00922387
47 0.00121346 0.00923233
