0 -0.00133499 0.0200676
1 -0.00134347 0.0192801
2 -0.00157021 0.0170411
3 -0.00179879 0.0153038
4 -0.00178836 0.0141677
5 -0.00180747 0.0131174
6 -0.00142943 0.0119133
7 -0.00107807 0.0114444
8 -0.000624902 0.0110779
9 -9.43161e-05 0.0105612
10 0.000199786 0.0100158
11 0.00054408 0.0100344
12 0.000726927 0.0104541
13 0.000743218 0.0112714
14 0.000607445 0.0116645
15 0.000426959 0.0118842
16 0.000482923 0.0115042
17 0.000639859 0.011472
18 0.000640062 0.0115653
19 0.000479962 0.012009
20 0.000258587 0.0123226
21 -4.33569e-05 0.0133415
22 -0.000311219 0.0150622
23 -0.00094814 0.0164829
24 -0.00132528 0.0169011
25 -0.00200996 0.0167341
26 -0.00214602 0.0165954
27 -0.00185106 0.0159404
28 -0.00170739 0.0156135
29 -0.00174057 0.0149918
30 -0.00147526 0.0141934
31 -0.00139277 0.0133892
32 -0.00149909 0.0123818
33 -0.00168939 0.0115428
34 -0.00226259 0.0110746
35 -0.0022462 0.0102735
36 -0.00212105 0.00981067
37 -0.00188932 0.00936792
38 -0.00202882 0.00958689
39 -0.00241701 0.0102548
40 -0.00208381 0.0109897
41 -0.00159281 0.0120565
42 -0.00160939 0.0131878
43 -0.00191653 0.0145825
44 -0.00203723 0.0161577
45 -0.00203671 0.0178078
46 -0.00180567 0.0187153
47 -0.00194979 0.0207519
