0 0.00184538 0.0104174
1 0.00109228 0.0100072
2 0.000891896 0.00932335
3 0.000824392 0.00862625
4 0.00112759 0.00782489
5 0.00142845 0.00672141
6 0.00174994 0.00531301
7 0.00206624 0.00393563
8 0.00229916 0.00341907
9 0.00254443 0.00330089
10 0.00271551 0.00340907
11 0.00281329 0.00350651
12 0.00292558 0.00359831
13 0.00259077 0.00331654
14 0.00217954 0.00343628
15 0.00214693 0.00358833
16 0.00214722 0.00386351
17 0.00185508 0.00407256
18 0.0013917 0.00485164
19 0.00112565 0.00548563
20 0.000667347 0.00595512
21 0.00031514 0.00631612
22 0.000262021 0.00679626
23 -1.50763e-05 0.00747321
24 -4.54748e-05 0.00835396
25 -0.000680871 0.00916187
26 -0.000706931 0.00925564
27 -0.000379293 0.00883028
28 -7.80428e-05 0.00870551
29 9.54824e-05 0.00855301
30 0.000127746 0.00850088
31 0.000381578 0.00840093
32 0.000568908 0.00829654
33 0.000612097 0.00814304
34 0.000465469 0.00774543
35 0.000316434 0.00697333
36 0.00033388 0.00649653
37 0.000447692 0.00660633
38 0.000621808 0.00721779
39 0.00070268 0.00769536
40 0.000711272 0.00800896
41 0.000995935 0.00803135
42 0.00110316 0.00853702
43 0.00127831 0.00934142
44 0.00129039 0.0101064
45 0.000778536 0.0103105
46 0.000856021 0.0105974
47 0.00110109 0.010644
