0 -0.000650149 0.00486909
1 -0.000738899 0.00494902
2 -0.000671534 0.00501333
3 -0.000353674 0.00493958
4 -9.72251e-05 0.00475548
5 -6.01534e-05 0.00487687
6 -0.000142036 0.0050393
7 -0.000370935 0.00521894
8 -0.000703223 0.00522159
9 -0.000988206 0.0048045
10 -0.00112109 0.00461588
11 -0.000764224 0.00450234
12 -0.000422987 0.00429005
13 -0.000191632 0.00397826
14 -0.000169673 0.00395529
15 -0.000103009 0.00415173
16 -7.64672e-05 0.00426625
17 3.49178e-05 0.00432861
18 0.000222616 0.00442066
19 0.000298722 0.00448812
20 0.000402771 0.00461475
21 0.000588375 0.00485642
22 0.000581801 0.00498252
23 0.000535377 0.00521805
24 0.00111438 0.00557873
25 0.00175585 0.00573618
26 0.00213591 0.00545269
27 0.00220472 0.00511846
28 0.00223977 0.00471984
29 0.00226315 0.00416953
30 0.00228303 0.00394942
31 0.00172747 0.00396792
32 0.0013795 0.00386124
33 0.00162677 0.00390439
34 0.00183574 0.00421985
35 0.00177332 0.00463998
36 0.00146224 0.00494347
37 0.000863911 0.00528993
38 8.25692e-05 0.00579395
39 -0.000652139 0.00628819
40 -0.00110135 0.00636148
41 -0.00154066 0.00606252
42 -0.00220234 0.00554121
43 -0.00199553 0.00520329
44 -0.00181653 0.00521495
45 -0.00211151 0.0049893
46 -0.0024601 0.00488727
47 -0.00176042 0.00486377
