0 -0.00272574 0.0120653
1 -0.00316317 0.011294
2 -0.0025032 0.0106117
3 -0.00189955 0.0100642
4 -0.00112339 0.00922539
5 -0.000796809 0.00836839
6 -0.000428248 0.00772272
7 -8.6174e-05 0.00734689
8 0.000294656 0.00727481
9 0.000463039 0.00730799
10 0.000570502 0.00730086
11 0.000579809 0.00736065
12 0.000623617 0.00759784
13 0.000584904 0.00780158
14 2.40227e-06 0.00806257
15 -0.000668906 0.00853402
16 -0.00120255 0.00974178
17 -0.00133583 0.0114242
18 -0.00121724 0.0133867
19 -0.0013769 0.0151837
20 -0.00152532 0.0169872
21 -0.00118239 0.0178961
22 -0.000750301 0.0189321
23 -0.000454359 0.0195967
24 -0.000897514 0.0197616
25 -0.000368162 0.0200398
26 -0.000158552 0.0194944
27 -0.000198851 0.0188162
28 -0.000119471 0.0182307
29 7.3293e-05 0.016629
30 0.000177255 0.0156635
31 0.000194447 0.0157465
32 -0.00010453 0.0158812
33 -0.000523591 0.0160943
34 -0.000399546 0.0152065
35 -0.000219498 0.0139695
36 -0.000239037 0.0135283
37 -0.000306331 0.0132843
38 -0.00080692 0.0129325
39 -0.00148226 0.012408
40 -0.00210676 0.01154
41 -0.00255443 0.0108583
42 -0.00276207 0.0109764
43 -0.00298122 0.0113019
44 -0.00328415 0.0119862
45 -0.00342036 0.0125771
46 -0.00325129 0.0126583
47 -0.00333558 0.0128646
