0 0.00248998 0.00487512
1 0.00190054 0.00501591
2 0.00162315 0.00529742
3 0.00179279 0.00509649
4 0.00267499 0.0048828
5 0.00372041 0.00504735
6 0.00401285 0.00546771
7 0.00401634 0.00556028
8 0.00371487 0.00549477
9 0.00346069 0.00545878
10 0.00325604 0.0055111
11 0.00366669 0.00522265
12 0.00396683 0.00513375
13 0.00365965 0.00555861
14 0.00287323 0.00670621
15 0.00202151 0.00754033
16 0.00128435 0.00819394
17 0.000176464 0.00836589
18 -0.000557789 0.0085885
19 -0.000826945 0.00862927
20 -0.000762933 0.00915648
21 -0.00054386 0.00962556
22 -0.000748697 0.0099736
23 -0.000668775 0.010126
24 -0.000355511 0.00958542
25 -0.00108661 0.00879071
26 -0.0011482 0.00877982
27 -0.00105543 0.00906582
28 -0.00116401 0.00890969
29 -0.00115134 0.00769349
30 -0.000687822 0.00630659
31 0.000116718 0.00552732
32 0.000723946 0.00495872
33 0.00082188 0.00465436
34 0.000551316 0.00433972
35 0.000787844 0.00400019
36 0.00105745 0.00369874
37 0.00134414 0.00339706
38 0.00176694 0.0029878
39 0.00207657 0.00292316
40 0.00235575 0.00297391
41 0.00287212 0.00267902
42 0.00326576 0.00270239
43 0.00357487 0.00319798
44 0.00376819 0.00384011
45 0.0035931 0.00454713
46 0.00316277 0.00481467
47 0.00254904 0.00501597
