0 -0.00118274 0.00432968
1 -0.000444228 0.00432292
2 -0.000108467 0.0040273
3 1.89487e-05 0.00391544
4 -0.000214703 0.00416082
5 -0.000443804 0.00430162
6 -0.000604905 0.00424728
7 -0.000634047 0.00371526
8 -0.000333619 0.00328245
9 -0.000138062 0.0029903
10 -0.000186876 0.00294436
11 -0.000138231 0.00291093
12 -8.4705e-05 0.00326064
13 -0.000109275 0.00381763
14 -9.63274e-05 0.0042104
15 -0.000203263 0.00457113
16 -0.000193055 0.00486251
17 -7.35213e-05 0.00489215
18 0.000147931 0.00475292
19 0.000279284 0.00488502
20 0.000183264 0.00502043
21 -6.66265e-05 0.0048529
22 -0.000327894 0.00490402
23 -0.000438096 0.00501927
24 -0.000780519 0.00545307
25 -0.00115505 0.00569842
26 -0.00153861 0.00539695
27 -0.00141632 0.00483275
28 -0.00120972 0.00439378
29 -0.00119791 0.00393908
30 -0.00113274 0.00361494
31 -0.00103585 0.00337206
32 -0.000726139 0.00294911
33 -0.000520024 0.00254827
34 -0.000507649 0.00202707
35 -0.000353232 0.00167608
36 -0.000272294 0.00164274
37 -0.000273427 0.00172201
38 -0.000334227 0.00190338
39 -0.000375485 0.00205375
40 -0.000201084 0.00223754
41 -0.000156309 0.00253091
42 -0.000258594 0.00270762
43 -0.000493629 0.00280941
44 -0.00107114 0.00334107
45 -0.00136013 0.00398784
46 -0.00156801 0.00435348
47 -0.00151018 0.00435238
