0 -0.000464661 0.00459385
1 -0.000657752 0.00545112
2 -0.00123291 0.00582616
3 -0.00120491 0.00630707
4 -0.00112392 0.00642901
5 -0.00139405 0.00652177
6 -0.00167007 0.00655913
7 -0.00172082 0.00609858
8 -0.00175309 0.00526636
9 -0.00169525 0.00475479
10 -0.00156959 0.00448724
11 -0.00143369 0.00447184
12 -0.0013117 0.00445603
13 -0.00144783 0.00429162
14 -0.00159916 0.00377798
15 -0.00179915 0.0033388
16 -0.00166702 0.0031493
17 -0.00165941 0.00290536
18 -0.00168235 0.00276124
19 -0.00162066 0.00278658
20 -0.00180048 0.00315011
21 -0.00187341 0.00367909
22 -0.00176304 0.00405331
23 -0.00160931 0.00354886
24 -0.0011711 0.00304446
25 -0.00082963 0.00234318
26 -0.00059322 0.00200125
27 -0.000521057 0.00164776
28 -0.000847508 0.00157854
29 -0.00106609 0.00173347
30 -0.00104136 0.00208183
31 -0.00113847 0.00212034
32 -0.00117296 0.00200152
33 -0.00120408 0.00187688
34 -0.00120309 0.00193361
35 -0.00123401 0.00208659
36 -0.00108428 0.00212695
37 -0.00117802 0.00199572
38 -0.00127222 0.00195721
39 -0.0010258 0.00196336
40 -0.00041188 0.0021082
41 -0.000125952 0.00216581
42 -4.22076e-05 0.00225316
43 -9.52096e-05 0.00238926
44 -0.000281223 0.00274249
45 -0.000352133 0.00340025
46 -0.000334876 0.00368214
47 -0.000316731 0.00386605
