0 -0.0017843 0.00833207
1 -0.00214837 0.0081482
2 -0.00212495 0.00813254
3 -0.00154399 0.00845757
4 -0.000793901 0.00828318
5 -0.000165705 0.00762698
6 0.000218212 0.00697581
7 0.000278016 0.00608317
8 0.000591101 0.00550185
9 0.000825683 0.00549659
10 0.000851132 0.00581028
11 0.000862789 0.00588855
12 0.000927363 0.00589529
13 0.000727167 0.00587209
14 0.000613595 0.00596635
15 0.000695988 0.00601601
16 0.000610847 0.00624194
17 0.000274976 0.0067156
18 0.000180717 0.00731035
19 0.000455618 0.00772863
20 0.000852837 0.00823339
21 0.000983711 0.00831031
22 0.00113634 0.00842539
23 0.00134086 0.00884007
24 0.000866887 0.00905111
25 0.00123754 0.00904902
26 0.00142482 0.00874219
27 0.00134181 0.00830133
28 0.00122578 0.00798641
29 0.00134126 0.00766861
30 0.00151707 0.00738088
31 0.00135471 0.00702024
32 0.00101815 0.00696183
33 0.000811239 0.00701556
34 0.000535893 0.00708257
35 0.000392623 0.00749991
36 -8.58991e-05 0.00768137
37 -0.000383961 0.00773936
38 -0.000429731 0.00791277
39 -0.000344754 0.00798289
40 -0.000408018 0.00786837
41 -0.000570777 0.00791129
42 -0.000668082 0.00858323
43 -0.00097217 0.0091977
44 -0.00105498 0.00900481
45 -0.00105204 0.00874454
46 -0.000755778 0.00821591
47 -0.00095596 0.00810536
