0 -0.00203048 0.0186157
1 -0.0024557 0.0169309
2 -0.00262608 0.0156875
3 -0.00364614 0.0160134
4 -0.00475028 0.0159426
5 -0.00480044 0.0147917
6 -0.00405598 0.0137545
7 -0.00336033 0.0131521
8 -0.00239876 0.0130461
9 -0.00192538 0.0128354
10 -0.00161506 0.012472
11 -0.00148834 0.0125173
12 -0.00148322 0.0127858
13 -0.00147651 0.0132045
14 -0.00121282 0.0132847
15 -0.000747835 0.0133902
16 -0.000309438 0.0141434
17 -8.99757e-05 0.0143837
18 -0.000181015 0.0148082
19 -0.000310581 0.0146798
20 -0.000453562 0.0140255
21 -0.000631178 0.0138687
22 -0.000800614 0.0142069
23 -0.000816631 0.0145351
24 -0.000773967 0.0147188
25 -0.000879545 0.0143472
26 -0.000930574 0.0139801
27 -0.00097989 0.013429
28 -0.00107919 0.0130557
29 -0.00109328 0.0125237
30 -0.00103567 0.0120739
31 -0.000786557 0.0116738
32 -0.000433807 0.0113959
33 7.60884e-05 0.0114902
34 0.000882163 0.0111242
35 0.0013141 0.0111988
36 0.00163976 0.0114058
37 0.00172219 0.0117229
38 0.00201513 0.011856
39 0.0023013 0.0117389
40 0.00276778 0.0120221
41 0.00304206 0.0117714
42 0.00338521 0.0124675
43 0.0033531 0.013445
44 0.00260538 0.0143325
45 0.00164911 0.0152122
46 0.000643375 0.0162379
47 -0.00045183 0.0177191
