0 0.00102029 0.0103324
1 0.00100438 0.0101951
2 0.00102442 0.0103338
3 0.00107752 0.00999777
4 0.00169675 0.00949049
5 0.00184257 0.00896695
6 0.00173463 0.00846445
7 0.00152355 0.00894289
8 0.000977242 0.00977875
9 -2.53297e-05 0.00987137
10 -0.000861319 0.00905643
11 -0.00116915 0.00813402
12 -0.00127627 0.00736291
13 -0.00141499 0.00693699
14 -0.0015966 0.0068453
15 -0.00179518 0.00724467
16 -0.00161022 0.00750544
17 -0.00134269 0.00730256
18 -0.00104785 0.00683011
19 -0.00146808 0.00596558
20 -0.00174783 0.0059995
21 -0.00190284 0.00680788
22 -0.00201283 0.00849915
23 -0.0019904 0.0104455
24 -0.00177469 0.0109934
25 -0.00152897 0.00989496
26 -0.00131317 0.00914015
27 -0.0011089 0.00822905
28 -0.000824466 0.00746198
29 -0.000435582 0.00675766
30 -9.88215e-05 0.00590376
31 -1.2738e-05 0.00502547
32 2.13477e-06 0.00454501
33 -5.26194e-05 0.00447672
34 -0.00012748 0.0045576
35 -2.78612e-05 0.00458283
36 9.65286e-05 0.00447011
37 0.000169916 0.00436946
38 0.000330468 0.00451987
39 0.000204932 0.00484174
40 -5.35168e-05 0.0048777
41 -0.000395611 0.00461614
42 -0.000551537 0.00447449
43 -0.000375713 0.00462068
44 5.44258e-05 0.00509546
45 0.000465077 0.00609594
46 0.000735546 0.00828053
47 0.00101325 0.00998664
