0 -0.00182505 0.00792818
1 -0.0017979 0.00736921
2 -0.00156074 0.00798341
3 -0.00149253 0.00823341
4 -0.00091995 0.00822745
5 -0.000183658 0.00863619
6 0.000332803 0.0094882
7 0.000877343 0.0102323
8 0.00142361 0.0109631
9 0.00178016 0.0114497
10 0.00239244 0.0109439
11 0.0026942 0.00988107
12 0.00289983 0.00913767
13 0.00264987 0.00927069
14 0.00245837 0.00966486
15 0.0024276 0.00991522
16 0.00242836 0.0102029
17 0.00197092 0.0105595
18 0.00124804 0.0108877
19 0.000603846 0.010975
20 0.000253259 0.0112187
21 3.11451e-05 0.0108816
22 0.000405643 0.0105297
23 0.000823577 0.0106279
24 0.000777638 0.0104181
25 0.000839189 0.00994192
26 0.000867709 0.00909423
27 0.000656603 0.00843573
28 0.000552348 0.00765471
29 0.000277632 0.0068334
30 7.71344e-05 0.0063716
31 0.000338693 0.00575032
32 0.000741371 0.00511814
33 0.000923415 0.0047108
34 0.0010412 0.00434031
35 0.000656143 0.00373071
36 0.000158719 0.00331408
37 -0.00011267 0.00309442
38 -0.000148304 0.00320205
39 -0.0001225 0.00357749
40 0.000162841 0.00408668
41 0.000342645 0.00465496
42 0.000588059 0.00519801
43 0.000841712 0.00576584
44 0.000674604 0.00601471
45 -9.70972e-05 0.00667705
46 -0.00116363 0.00750426
47 -0.00174671 0.00769222
