0 0.000242613 0.00926262
1 0.000791792 0.0086594
2 0.000665252 0.00807522
3 0.00041326 0.00757083
4 -0.000152808 0.00708681
5 -0.00079247 0.00664799
6 -0.00108383 0.00669246
7 -0.00100252 0.00723726
8 -0.000619376 0.00755755
9 -0.000431592 0.007347
10 -0.000377354 0.0065295
11 -0.000384522 0.00595566
12 -0.000352174 0.0058233
13 -0.000538478 0.00559171
14 -0.000623691 0.00506109
15 -0.000492599 0.00490534
16 -0.000124005 0.00486417
17 2.86695e-05 0.00505207
18 -1.36623e-05 0.00554111
19 -0.000128168 0.00602798
20 -0.000440386 0.00687493
21 -0.000949349 0.00774885
22 -0.00109583 0.00813637
23 -0.000942712 0.00821916
24 -0.000708016 0.00863176
25 -0.000613886 0.00845054
26 -0.000514615 0.00788896
27 -0.000680248 0.00754713
28 -0.000610084 0.00730749
29 -0.000396376 0.00700465
30 -6.26778e-05 0.00663549
31 0.000388974 0.00632817
32 0.000739033 0.00599583
33 0.000910885 0.00588375
34 0.0011213 0.00599939
35 0.00133369 0.00644412
36 0.001538 0.00716427
37 0.00156635 0.00774218
38 0.00146858 0.00773711
39 0.00122666 0.00716042
40 0.000846103 0.00678631
41 0.000304866 0.00681706
42 -0.000188305 0.00745415
43 -0.000390108 0.00803024
44 -0.00071143 0.00863693
45 -0.00125876 0.0089965
46 -0.0010045 0.00931323
47 -0.000581976 0.00935266
