0 -0.00110225 0.00745316
1 0.000124777 0.00876136
2 0.00115638 0.00984125
3 0.00214705 0.0101208
4 0.00268482 0.0100774
5 0.00226192 0.00905822
6 0.00178955 0.00742635
7 0.00146638 0.00627157
8 0.00158793 0.00540437
9 0.00181279 0.00487099
10 0.00221663 0.00469236
11 0.00268971 0.00489783
12 0.00264979 0.00482171
13 0.00215763 0.00467627
14 0.00159872 0.00471279
15 0.00105038 0.0045319
16 0.000289556 0.00476587
17 -0.000224449 0.00534822
18 -0.000995403 0.0059745
19 -0.00180325 0.006417
20 -0.00218088 0.00688954
21 -0.00219957 0.00734778
22 -0.00192832 0.00851433
23 -0.00200137 0.0111565
24 -0.00218859 0.0132051
25 -0.00128055 0.0130625
26 -0.00103244 0.0121511
27 -0.00100795 0.0107821
28 -0.00109172 0.00947896
29 -0.00119773 0.00856064
30 -0.00102924 0.00789279
31 -0.000527916 0.00729421
32 -2.68125e-05 0.0067427
33 0.000478581 0.00633623
34 0.000966101 0.00634644
35 0.00121459 0.00674085
36 0.0012112 0.00718485
37 0.000638528 0.007651
38 0.000262893 0.0077431
39 8.26788e-05 0.00754991
40 -0.000162635 0.00696148
41 -0.000511673 0.00649799
42 -0.000805646 0.00634433
43 -0.00105394 0.00631324
44 -0.00122197 0.00632616
45 -0.000990737 0.00581176
46 -0.00111383 0.00559143
47 -0.00151092 0.00618623
