0 0.00233039 0.0141484
1 0.0035375 0.0133564
2 0.00336982 0.0113651
3 0.00320123 0.00986817
4 0.00294415 0.00914584
5 0.00203721 0.00899762
6 0.0015247 0.00876845
7 0.00142521 0.00757543
8 0.000828624 0.00679992
9 0.000594819 0.00682037
10 0.000425897 0.00714418
11 -0.000305074 0.00688879
12 -0.000758459 0.00667684
13 -0.000736794 0.00651064
14 -0.000770588 0.00662021
15 -0.0013902 0.00678801
16 -0.00193803 0.00694261
17 -0.00236614 0.00719782
18 -0.00267146 0.00778238
19 -0.00304002 0.00845167
20 -0.00337048 0.0085874
21 -0.00367805 0.00927585
22 -0.00409765 0.0102661
23 -0.00476572 0.0110005
24 -0.00503595 0.0111661
25 -0.00326239 0.0108218
26 -0.00234292 0.0100685
27 -0.0018071 0.00965785
28 -0.0011629 0.00969078
29 -0.000330967 0.0100095
30 -0.000446925 0.00974683
31 -0.000477087 0.00943558
32 -0.00054987 0.00910501
33 -0.000459542 0.00860922
34 -0.00049797 0.00801538
35 -0.000507432 0.00768489
36 -0.000328554 0.0075431
37 -0.000101739 0.00703961
38 0.000381474 0.00648459
39 0.000998855 0.00630909
40 0.001568 0.00635157
41 0.00140744 0.00642932
42 0.00160713 0.00685884
43 0.00181891 0.00771031
44 0.00197053 0.00843051
45 0.00162461 0.00909366
46 0.00145928 0.0105459
47 0.00163933 0.012533
