0 0.00122609 0.00548745
1 0.00120867 0.00606055
2 0.00103007 0.00603434
3 0.00114908 0.00574087
4 0.00139308 0.00545093
5 0.00162138 0.00548009
6 0.00187383 0.00575553
7 0.00174625 0.00579798
8 0.00152413 0.0058017
9 0.00107445 0.00602076
10 0.000855349 0.00611304
11 0.00089048 0.00643794
12 0.000764328 0.00636092
13 0.000406705 0.00600366
14 0.000138706 0.00541046
15 -2.15681e-05 0.00521545
16 -0.00018799 0.0051051
17 -0.000218438 0.00505365
18 -3.74452e-05 0.00475492
19 -1.05259e-06 0.00458193
20 -0.000293915 0.00477316
21 -0.000593654 0.00506209
22 -0.000854729 0.00570959
23 -0.000879032 0.00581106
24 -0.00092456 0.00540102
25 -0.000453505 0.00506288
26 -0.000115536 0.00488024
27 0.000137545 0.00485788
28 0.000206804 0.00466983
29 0.000181085 0.00410153
30 6.38987e-05 0.00387422
31 -9.8589e-05 0.00390997
32 -1.00956e-05 0.00391706
33 0.000188344 0.00397254
34 0.000233689 0.00370507
35 0.000260505 0.0036514
36 0.000473598 0.00384556
37 0.000725203 0.00360609
38 0.000964887 0.0033815
39 0.00128577 0.0031282
40 0.00171005 0.00302478
41 0.00210845 0.00291013
42 0.0025117 0.00288577
43 0.002772 0.00303604
44 0.00281732 0.00355136
45 0.00270194 0.00388022
46 0.00231291 0.00423339
47 0.00197637 0.00447286
