0 0.00146887 0.0102852
1 0.00233906 0.00960364
2 0.00164285 0.0102583
3 0.000910358 0.0107043
4 0.000424279 0.0108935
5 -0.000151187 0.0108767
6 -0.000490633 0.0105243
7 -0.000348214 0.0100855
8 0.000107319 0.00954349
9 0.000435427 0.00925823
10 0.00070474 0.00918041
11 0.000823023 0.00923067
12 0.000900275 0.00943627
13 0.000896009 0.00969532
14 0.000984699 0.0100199
15 0.00113927 0.0100162
16 0.00136123 0.0102335
17 0.00146878 0.0107647
18 0.00152086 0.0109894
19 0.00157397 0.0113043
20 0.00160614 0.012045
21 0.00157814 0.0128965
22 0.00171004 0.0137653
23 0.00192711 0.0140749
24 0.00173957 0.0133048
25 0.00182655 0.0121726
26 0.00154141 0.0110475
27 0.00112226 0.0101946
28 0.000718739 0.00970575
29 0.000271348 0.00941496
30 6.3698e-05 0.00924804
31 0.000174792 0.00904043
32 0.000244871 0.00886788
33 0.000295028 0.00875573
34 0.000326982 0.00833246
35 -0.000147092 0.00810426
36 -0.000553225 0.00804816
37 -0.000984102 0.0076678
38 -0.00114916 0.00756995
39 -0.00120988 0.00785913
40 -0.00126133 0.00830129
41 -0.000909275 0.00874768
42 -0.000274505 0.00909038
43 0.000509392 0.0096007
44 0.00118626 0.0106397
45 0.0015457 0.0121651
46 0.00161499 0.0121167
47 0.00172518 0.0119628
