0 -0.00291001 0.00352717
1 -0.00264744 0.00397176
2 -0.00218892 0.00353036
3 -0.00176913 0.0033392
4 -0.00150274 0.00370535
5 -0.00105031 0.00366717
6 -0.000540454 0.00346401
7 -0.000395461 0.0034199
8 -0.00042737 0.00323654
9 -0.00032667 0.00301449
10 -0.000271389 0.00303165
11 -0.000409711 0.00299388
12 -0.000539218 0.0026839
13 -0.000601956 0.00231791
14 -0.000598867 0.00212661
15 -0.000662488 0.00210982
16 -0.000701038 0.00226684
17 -0.000646757 0.0025163
18 -0.000721828 0.00290435
19 -0.000831531 0.00332891
20 -0.000565695 0.00391483
21 -0.00024825 0.00411399
22 -0.00022542 0.00414679
23 -0.000375168 0.00400756
24 -0.000517085 0.00361766
25 -0.000909247 0.0034301
26 -0.000911413 0.00305115
27 -0.000710011 0.0024497
28 -0.000610463 0.00177639
29 -0.000535197 0.00149328
30 -0.000601796 0.00138659
31 -0.000549383 0.00132646
32 -0.000425248 0.00120621
33 -0.000263809 0.00111978
34 -0.00021313 0.00117677
35 -0.000251955 0.00135698
36 -0.00024131 0.00165911
37 -0.000278725 0.00203296
38 -0.000504064 0.00223264
39 -0.000888062 0.00228299
40 -0.00154133 0.00204347
41 -0.00200139 0.00202846
42 -0.00205459 0.00216072
43 -0.0020098 0.00244996
44 -0.00208542 0.00304778
45 -0.00211646 0.00324032
46 -0.00224866 0.00329394
47 -0.00252683 0.00341638
