0 -0.000873791 0.0104865
1 -0.00119914 0.0109528
2 -0.00137526 0.010943
3 -0.00161847 0.0100191
4 -0.00162973 0.00910615
5 -0.00116064 0.0078286
6 -0.000853079 0.00692594
7 -0.00102566 0.00630104
8 -0.00132942 0.00583783
9 -0.00163285 0.00595198
10 -0.00186556 0.00581303
11 -0.00183148 0.00570455
12 -0.0016168 0.00593191
13 -0.00136255 0.00629143
14 -0.000975142 0.00666377
15 -0.000621501 0.00697312
16 -0.000246057 0.00724868
17 -7.96949e-05 0.00748472
18 -0.000182628 0.00742986
19 -0.000376838 0.00736521
20 -0.000571326 0.00765924
21 -0.000631174 0.00841836
22 -0.000651393 0.00924991
23 -0.000647995 0.00970589
24 -0.00048712 0.00976398
25 -0.000173382 0.0097178
26 0.00019258 0.00985938
27 0.00049325 0.00980196
28 0.000589338 0.00942009
29 0.000616827 0.00901267
30 0.000757496 0.00888863
31 0.000863168 0.00911982
32 0.000724314 0.00930348
33 0.000451922 0.00931629
34 0.000102268 0.00910828
35 -0.000170386 0.00895589
36 -0.000263126 0.00870491
37 -0.000157679 0.00862438
38 0.000145016 0.00858904
39 0.000726892 0.00841094
40 0.00102604 0.00821567
41 0.00111617 0.00825901
42 0.00100724 0.00821386
43 0.00105986 0.00835568
44 0.000977124 0.00850697
45 0.000855523 0.00865356
46 0.000274054 0.00942484
47 -0.000288895 0.0101979
