0 -0.000228421 0.00764229
1 -0.00104343 0.00736198
2 -0.00136974 0.00764234
3 -0.00158333 0.00745301
4 -0.00161632 0.00692221
5 -0.00134394 0.00665582
6 -0.00102167 0.00659747
7 -0.000764434 0.00671596
8 -0.000859345 0.00673376
9 -0.00111738 0.00691455
10 -0.00109055 0.00715414
11 -0.000835448 0.00735907
12 -0.000778233 0.00762789
13 -0.0010849 0.00828099
14 -0.000813113 0.00857759
15 -0.000134767 0.0082185
16 0.000694627 0.0080528
17 0.00150619 0.00791465
18 0.00202959 0.00775956
19 0.00249113 0.00793799
20 0.00295288 0.0088984
21 0.00315402 0.00975712
22 0.00300505 0.010511
23 0.00310155 0.0116342
24 0.00236167 0.0114704
25 0.00197431 0.0104709
26 0.00132727 0.00923459
27 0.00085562 0.00816886
28 0.000636421 0.00746435
29 0.000380261 0.00674019
30 0.000254939 0.00606238
31 0.000110425 0.00558437
32 0.000217381 0.00537948
33 0.00035206 0.00517225
34 0.0003641 0.00512825
35 0.000128854 0.00514017
36 -0.000134506 0.00489937
37 -0.000222856 0.00475597
38 -0.00017866 0.00463519
39 0.00018162 0.00454138
40 0.000715361 0.00450025
41 0.000710657 0.00467823
42 0.000168491 0.00509369
43 6.29239e-05 0.00566956
44 8.02338e-05 0.00635013
45 0.000176188 0.00669949
46 6.16612e-05 0.00670891
47 -0.000170583 0.00681177
