0 0.000712008 0.00934741
1 0.00182018 0.0091982
2 0.00137821 0.0087702
3 0.000539951 0.00833527
4 -0.000365042 0.00783277
5 -0.000323873 0.00757578
6 0.000125582 0.007793
7 0.000915108 0.0081396
8 0.00122103 0.00793457
9 0.00121126 0.00801545
10 0.000891242 0.00757
11 0.000750293 0.00678593
12 0.000462687 0.00661664
13 -0.000222249 0.00676672
14 -0.000482722 0.00679491
15 -0.000252943 0.00722962
16 0.000105439 0.00800083
17 0.000269576 0.00851624
18 0.000279692 0.00878695
19 0.000648216 0.0086451
20 0.00098513 0.00851151
21 0.00081109 0.00846953
22 0.000432645 0.00880838
23 0.000348693 0.00992272
24 0.000593312 0.0100571
25 0.000817028 0.00973316
26 0.00121514 0.00806737
27 0.00204979 0.00692325
28 0.00247934 0.00621825
29 0.0024507 0.00507086
30 0.00221423 0.00432173
31 0.00197483 0.00397479
32 0.00181421 0.00373097
33 0.00162521 0.00381719
34 0.00151081 0.00389765
35 0.00161234 0.00369256
36 0.00162616 0.00317878
37 0.00152211 0.00288982
38 0.00113786 0.00281834
39 0.000934828 0.00292827
40 0.000948887 0.00309719
41 0.000788945 0.00357292
42 -0.000120524 0.00429717
43 -0.0010061 0.00517785
44 -0.00167687 0.00598226
45 -0.00208563 0.00701995
46 -0.00182419 0.00833089
47 -0.000616174 0.00908248
