0 -0.000320619 0.00193117
1 -0.000297758 0.00175606
2 -8.1067e-05 0.0018959
3 -0.000295843 0.00174328
4 -0.000323885 0.00146635
5 -0.000303872 0.00120851
6 -0.000129318 0.00126429
7 8.1935e-05 0.00152803
8 2.39848e-06 0.00163513
9 -0.000308783 0.00138716
10 0.000125855 0.00113979
11 -0.000303453 0.000567624
12 -0.000513038 0.000368221
13 -0.000557777 0.000471985
14 -0.000513983 0.000691752
15 -0.000329764 0.00100625
16 -5.14589e-05 0.0013853
17 0.000211809 0.00183658
18 0.00037156 0.00243996
19 0.0004818 0.0030522
20 0.000527592 0.00307686
21 0.000634553 0.00324364
22 0.000679386 0.00367474
23 0.000573343 0.00412616
24 0.000257243 0.00432062
25 0.0001612 0.00432203
26 -0.000211581 0.00396399
27 -0.000866334 0.00373862
28 -0.001445 0.00375151
29 -0.00175037 0.00383053
30 -0.00193942 0.00395294
31 -0.00194526 0.00376295
32 -0.00166707 0.00370281
33 -0.00132256 0.00420995
34 -0.00132798 0.0046999
35 -0.00138958 0.00486992
36 -0.00122782 0.00463311
37 -0.00117104 0.00467175
38 -0.00117311 0.00480597
39 -0.000997814 0.00474456
40 -0.000790119 0.00452001
41 -0.000942721 0.00424495
42 -0.00105811 0.00408474
43 -0.000982488 0.00362182
44 -0.000590213 0.00341535
45 -0.000329526 0.00368301
46 -0.000539857 0.00364318
47 -0.000619891 0.00315176
