0 0.00416726 0.00877929
1 0.00467719 0.00917718
2 0.00434395 0.00881949
3 0.0037776 0.00890686
4 0.00296611 0.00899133
5 0.00240397 0.00872891
6 0.00216735 0.0084865
7 0.00216552 0.00796007
8 0.00185086 0.00723399
9 0.00127188 0.00625909
10 0.00125617 0.00545778
11 0.0014081 0.00464042
12 0.00149937 0.00417159
13 0.00174064 0.00411864
14 0.00179791 0.00459472
15 0.00151385 0.00523799
16 0.00103182 0.0062673
17 0.000745808 0.00719486
18 0.000790401 0.00841104
19 0.000938547 0.00944009
20 0.0013644 0.00973486
21 0.00186561 0.00970011
22 0.00201773 0.00971625
23 0.00193109 0.00941815
24 0.00176266 0.00836469
25 0.00169069 0.00736462
26 0.00174729 0.0064972
27 0.00191416 0.00600158
28 0.00174264 0.0057702
29 0.0013636 0.00575708
30 0.000885177 0.00625626
31 0.000993198 0.00582177
32 0.00124477 0.00470507
33 0.00105443 0.00400238
34 0.000325091 0.00376811
35 -0.000538742 0.00374891
36 -0.000778392 0.00364333
37 -0.000581582 0.00343213
38 -0.000508258 0.00349879
39 -0.000662251 0.00351514
40 -0.000617485 0.00344128
41 -0.000234496 0.00337388
42 -9.88669e-05 0.00361319
43 0.000134074 0.00416362
44 0.000598866 0.0052625
45 0.00143297 0.0059879
46 0.00218702 0.00686035
47 0.00329947 0.00802706
