0 0.00298682 0.0155434
1 0.00250829 0.0165044
2 0.0016273 0.0159705
3 0.000542661 0.0141962
4 -0.000724776 0.0126457
5 -0.00137042 0.0115361
6 -0.00167971 0.010967
7 -0.0017379 0.0111833
8 -0.00149523 0.0115595
9 -0.00137708 0.0120652
10 -0.000993168 0.012021
11 -0.000835683 0.0112022
12 -0.000883029 0.0109797
13 -0.00100803 0.0110448
14 -0.00106387 0.0114943
15 -0.000720185 0.012067
16 -0.000600113 0.0126862
17 -0.000393491 0.0137855
18 -0.000299837 0.0147331
19 -0.000214705 0.0155664
20 0.00010383 0.0163761
21 0.00119477 0.0172581
22 0.002082 0.0183263
23 0.00230286 0.0195298
24 0.00262167 0.0204693
25 0.00347959 0.0198602
26 0.00362432 0.0185637
27 0.0035239 0.0174862
28 0.00271502 0.0163219
29 0.0021284 0.0154101
30 0.00197508 0.0145926
31 0.00170953 0.0141276
32 0.00170767 0.0142466
33 0.00210822 0.0142273
34 0.00264243 0.0143051
35 0.00378207 0.0143591
36 0.00394103 0.0137695
37 0.00303924 0.0129485
38 0.00223092 0.0126462
39 0.00183155 0.0129206
40 0.00147447 0.0139877
41 0.00118447 0.0153364
42 0.00146576 0.0164227
43 0.00218059 0.0167049
44 0.00243668 0.0160376
45 0.00264891 0.0154563
46 0.00298665 0.0156221
47 0.00327285 0.0158012
