0 0.00327915 0.0138193
1 0.00284647 0.0136013
2 0.00185201 0.0120521
3 0.000685909 0.010567
4 -0.000268937 0.00987891
5 -0.000830709 0.00973245
6 -0.0011111 0.00988182
7 -0.000942384 0.0106524
8 -0.000525856 0.0111237
9 -0.000245844 0.0107824
10 -1.92783e-05 0.0102758
11 0.000259011 0.00991327
12 0.000122028 0.00969884
13 -7.8348e-05 0.0100679
14 -0.00024056 0.010447
15 -0.000361913 0.010717
16 -0.000494158 0.0112478
17 -0.000436002 0.0115923
18 -0.000330597 0.012099
19 -0.000394909 0.0123156
20 -0.000463815 0.0121766
21 -0.000260843 0.0121102
22 -0.00013344 0.0120304
23 0.000214675 0.0125312
24 0.000642453 0.01335
25 6.82723e-05 0.0137144
26 -0.00042966 0.0127414
27 -0.000827116 0.0119202
28 -0.000874259 0.0109728
29 -0.000854155 0.0102219
30 -0.000796849 0.00966739
31 -0.000908257 0.00917521
32 -0.000816749 0.0090353
33 -0.000804365 0.00932857
34 -0.000411326 0.00924895
35 0.000140682 0.00850221
36 0.000411044 0.00800829
37 -2.01266e-05 0.00801867
38 -0.000279878 0.00872583
39 3.0903e-05 0.00947038
40 0.000740605 0.0103209
41 0.00149161 0.0111335
42 0.00216297 0.0117945
43 0.00243168 0.0125195
44 0.00252954 0.0130406
45 0.00272813 0.0135573
46 0.0029372 0.0138166
47 0.00336782 0.0134234
