0 0.00190409 0.010588
1 0.00158143 0.00930666
2 0.00147142 0.00847711
3 0.00121895 0.00795032
4 0.00140217 0.00752005
5 0.00161244 0.00688282
6 0.00169361 0.00650224
7 0.00166384 0.00645025
8 0.00170905 0.00654356
9 0.00165321 0.00682711
10 0.00167189 0.00688579
11 0.00172831 0.00693224
12 0.00156207 0.00708524
13 0.00125887 0.00689206
14 0.00101469 0.00654982
15 0.00116873 0.00645765
16 0.00137376 0.00659179
17 0.00171953 0.00681256
18 0.00191037 0.00735788
19 0.00178852 0.00771292
20 0.00169298 0.00846732
21 0.00177445 0.00951221
22 0.00235814 0.0104443
23 0.00306861 0.0109681
24 0.0026275 0.01051
25 0.00184791 0.010371
26 0.00108446 0.0110104
27 0.000116175 0.0110979
28 -0.000883429 0.0106831
29 -0.00152657 0.0103594
30 -0.00140542 0.00962245
31 -0.000736769 0.00851634
32 -9.63886e-05 0.0074914
33 0.000337321 0.00680745
34 0.000484635 0.00655971
35 0.00056922 0.00685358
36 0.000504291 0.00723656
37 5.05026e-05 0.00743049
38 -0.000238231 0.00729427
39 -0.000515315 0.00725472
40 -0.000350588 0.00748696
41 0.000144633 0.00779459
42 0.000392919 0.00792629
43 0.000622607 0.00815114
44 0.000782276 0.00852082
45 0.00132391 0.00927991
46 0.00141159 0.010211
47 0.00147275 0.0102912
