0 -0.00146769 0.0109097
1 -0.00215812 0.0101236
2 -0.00231405 0.0095581
3 -0.00296359 0.00960772
4 -0.00377463 0.00908512
5 -0.00389328 0.00818988
6 -0.00343572 0.00772458
7 -0.00279497 0.00755175
8 -0.00192069 0.00772857
9 -0.00140799 0.00769463
10 -0.000776014 0.00727379
11 -0.000176956 0.00705842
12 0.000115209 0.00685155
13 0.000255883 0.00691276
14 0.000585691 0.00704332
15 0.000940449 0.00722776
16 0.00121983 0.00773937
17 0.00113333 0.00756495
18 0.000745238 0.00758771
19 0.000147381 0.00715114
20 -0.000170341 0.00638452
21 -0.000538734 0.00571903
22 -0.000989851 0.00531984
23 -0.00129412 0.00530153
24 -0.00175719 0.00575946
25 -0.00187 0.00588039
26 -0.00199571 0.00618782
27 -0.00191396 0.00646075
28 -0.00192734 0.00646404
29 -0.00169588 0.00636551
30 -0.00128202 0.00633541
31 -0.000795451 0.00630568
32 -0.000393986 0.00617178
33 -2.92432e-05 0.00630421
34 0.000744695 0.00605829
35 0.00119702 0.00591926
36 0.00149763 0.00575879
37 0.0015221 0.00578189
38 0.00158378 0.00598096
39 0.00162011 0.00599571
40 0.00177181 0.00619705
41 0.00200557 0.0057582
42 0.00231884 0.005975
43 0.00224759 0.0065665
44 0.0015839 0.00743944
45 0.000737462 0.0082044
46 0.00011184 0.00893778
47 -0.000582879 0.00999088
