0 -0.000274713 0.00928575
1 -3.86711e-05 0.00960298
2 -0.000475785 0.00993664
3 -0.00120833 0.0101296
4 -0.00149422 0.00995879
5 -0.00147186 0.00937466
6 -0.00166331 0.00885076
7 -0.00188456 0.0085226
8 -0.00172951 0.00794669
9 -0.00125763 0.00739338
10 -0.000953376 0.00710983
11 -0.000855775 0.00679955
12 -0.000882129 0.00687165
13 -0.000802112 0.00691288
14 -0.00075968 0.00709926
15 -0.000812268 0.00746083
16 -0.000896056 0.00762201
17 -0.000699959 0.00807394
18 -0.000286406 0.00895512
19 0.000102856 0.00987225
20 0.000283597 0.0104775
21 0.000371649 0.0104715
22 0.000641465 0.0101869
23 0.000851466 0.00940941
24 0.000593958 0.00862749
25 0.000769243 0.00824297
26 0.000393751 0.00797106
27 4.30277e-05 0.00741319
28 -9.30561e-05 0.00671086
29 -0.000251719 0.00609448
30 -0.000282318 0.00550652
31 -0.000257233 0.00499864
32 -0.000305398 0.00461521
33 -0.000369252 0.00440884
34 -0.000428268 0.00452545
35 -0.000297227 0.00468284
36 -0.00023192 0.00495116
37 -9.06016e-05 0.00537931
38 0.000156431 0.00549721
39 0.000265407 0.00552447
40 0.000320897 0.00600745
41 0.000392684 0.00643725
42 0.000541154 0.00671952
43 0.000529421 0.00715025
44 0.000480611 0.00804119
45 0.000555471 0.00879698
46 0.000880563 0.00875817
47 0.00104131 0.00842194
