0 -0.000943769 0.0103459
1 -0.000809502 0.0112567
2 -0.0005497 0.011146
3 -0.000481377 0.00976949
4 -0.000536427 0.00865054
5 -0.000520966 0.0085545
6 -0.000368641 0.00912338
7 1.85549e-05 0.0100137
8 0.000596161 0.0104017
9 0.000898212 0.0101689
10 0.000995746 0.0101529
11 0.000840679 0.0100615
12 0.000585447 0.0099772
13 0.000422944 0.00997331
14 0.000234408 0.00987354
15 0.000145816 0.0097595
16 5.25743e-05 0.00968625
17 -8.06969e-05 0.00956187
18 -0.00012973 0.00908527
19 -1.15236e-05 0.00883267
20 4.84953e-06 0.00878053
21 -7.44611e-05 0.0088928
22 -0.000144568 0.0091694
23 -0.000313988 0.00930035
24 -0.000555501 0.00873462
25 -0.000433175 0.00785697
26 -0.000458738 0.00740943
27 -0.000545289 0.00734094
28 -0.000585627 0.00736117
29 -0.000601057 0.00735804
30 -0.000640104 0.00732363
31 -0.000678951 0.00713602
32 -0.000768334 0.00703175
33 -0.000931585 0.00700527
34 -0.000818055 0.00701969
35 -0.000565754 0.00672351
36 -0.000141336 0.00620126
37 -0.000184939 0.00585164
38 -0.000644893 0.00566887
39 -0.00111499 0.00585288
40 -0.00139983 0.00660315
41 -0.00145972 0.00714153
42 -0.00192644 0.00759665
43 -0.00274318 0.00834374
44 -0.00311686 0.00918851
45 -0.00297474 0.0097595
46 -0.00250154 0.0099205
47 -0.00180294 0.00992019
