0 -2.70531e-05 0.011651
1 0.000464247 0.0110325
2 0.000435717 0.0106114
3 8.2616e-05 0.0098225
4 -0.000109119 0.0093823
5 -0.000173893 0.00919918
6 0.000160289 0.00877223
7 0.000747649 0.00863223
8 0.00108289 0.00866303
9 0.00134564 0.00873895
10 0.00156138 0.00914766
11 0.00173421 0.00967199
12 0.00152508 0.0100019
13 0.00109877 0.00993642
14 0.0010235 0.00950008
15 0.00124642 0.00892706
16 0.00148015 0.00867251
17 0.00179846 0.00885592
18 0.00215392 0.00949586
19 0.00261902 0.0105351
20 0.00307406 0.0120437
21 0.00346772 0.013424
22 0.00320613 0.0138886
23 0.00282537 0.0143749
24 0.00274131 0.0147503
25 0.00172369 0.0136683
26 0.00114448 0.0126501
27 0.000677495 0.0118452
28 0.000573662 0.0107905
29 0.000702343 0.0100261
30 0.000661549 0.00952755
31 0.000457116 0.00906938
32 0.000383372 0.00856571
33 0.000595338 0.00825314
34 0.000731301 0.00814057
35 0.000937319 0.00834722
36 0.00109993 0.0085553
37 0.000821206 0.00843683
38 0.000469143 0.00820349
39 -0.000135218 0.00821317
40 -0.000857197 0.00829073
41 -0.0013133 0.00832199
42 -0.00157373 0.00816963
43 -0.00195012 0.00858979
44 -0.00212353 0.00936728
45 -0.00185951 0.0101357
46 -0.00153347 0.0109299
47 -0.00137666 0.0116561
