0 -0.00217495 0.0084235
1 -0.00153827 0.00829598
2 -0.00127553 0.00820914
3 -0.00109066 0.00838369
4 -0.000999117 0.00876554
5 -0.000695131 0.00855055
6 -0.000377869 0.00806311
7 -6.29282e-06 0.00783455
8 0.000271863 0.00785107
9 0.000532361 0.00795655
10 0.000697506 0.0077735
11 0.000588206 0.00776575
12 0.000615454 0.00812369
13 0.000631437 0.00828699
14 0.000551957 0.00844838
15 0.00039699 0.00857636
16 0.000238675 0.00863369
17 2.45018e-06 0.00863785
18 -0.000386208 0.00863616
19 -0.000718465 0.00888459
20 -0.00106574 0.0093222
21 -0.00149769 0.00987045
22 -0.00162366 0.0103502
23 -0.00144543 0.0105612
24 -0.001202 0.0101679
25 -0.000941017 0.00943906
26 -0.000639809 0.00870714
27 -0.000380063 0.0082893
28 -0.000452296 0.00816528
29 -0.000520486 0.00784646
30 -0.000745334 0.00761801
31 -0.000976065 0.00746119
32 -0.00114976 0.00722811
33 -0.00101177 0.00680594
34 -0.000587476 0.00625112
35 -0.000320928 0.00595193
36 -0.000226206 0.00595053
37 -0.000144328 0.00624058
38 6.21015e-05 0.00677526
39 0.000189434 0.00744141
40 -4.93623e-05 0.00751153
41 -0.000328626 0.00672009
42 -0.000570501 0.00634836
43 -0.000802957 0.00621222
44 -0.000942906 0.00678887
45 -0.00115983 0.00736514
46 -0.00145264 0.00768579
47 -0.00177088 0.00785714
