0 0.00145316 0.00694487
1 0.00142466 0.00738838
2 0.00165664 0.00759118
3 0.00135923 0.00747273
4 0.00098371 0.00743642
5 0.000658101 0.00778968
6 0.00037011 0.00768437
7 0.000208036 0.00736831
8 -0.000645802 0.0073308
9 -0.00115818 0.00756519
10 -0.000979171 0.00773318
11 -0.000820799 0.00786461
12 -0.000604912 0.00827938
13 -0.00054442 0.00882998
14 -0.000396577 0.00904495
15 -5.62202e-05 0.0089678
16 0.000329445 0.00904794
17 0.000921043 0.00946261
18 0.00151808 0.00989252
19 0.00212036 0.0103588
20 0.00285581 0.0106043
21 0.00318654 0.0107864
22 0.00316293 0.0109493
23 0.00237542 0.0105083
24 0.00107964 0.00992606
25 0.000847799 0.00859901
26 0.000183064 0.00766661
27 -0.000408736 0.00700918
28 -0.000775514 0.00662579
29 -0.001067 0.00628309
30 -0.00117478 0.00576209
31 -0.00119603 0.00496854
32 -0.00116115 0.00411569
33 -0.000911732 0.00345022
34 -0.00051832 0.00306482
35 -0.000119217 0.00261778
36 0.000159265 0.00227351
37 0.000344695 0.0020203
38 0.000412421 0.0020651
39 0.000572123 0.00222055
40 0.000663954 0.00264333
41 0.000568462 0.00297564
42 0.000403848 0.00345338
43 0.000195096 0.0040324
44 6.40461e-05 0.00482906
45 0.000224633 0.00529469
46 0.000540311 0.00597118
47 0.000723567 0.00624935
