0 0.00110589 0.00466519
1 0.00146443 0.00380254
2 0.00157582 0.00305061
3 0.00143445 0.0029956
4 0.000913454 0.00321458
5 0.000228888 0.00334903
6 1.74667e-05 0.00342512
7 0.000249475 0.00345845
8 0.000270309 0.0035536
9 -0.000136794 0.00352204
10 -0.00059678 0.00354106
11 -0.000538509 0.00383831
12 -0.000400612 0.00413933
13 -0.000147787 0.00459531
14 7.39511e-05 0.00481244
15 7.03824e-05 0.00487125
16 -3.66375e-05 0.00468825
17 -3.6249e-05 0.00434658
18 0.000119649 0.00361689
19 0.00049615 0.00294509
20 0.000720285 0.00284556
21 0.000879318 0.00288997
22 0.00109984 0.00302588
23 0.0011714 0.0031272
24 0.00100926 0.00321986
25 0.00104057 0.00336351
26 0.000962437 0.00330444
27 0.000736146 0.00289188
28 0.000595406 0.00266703
29 0.00053409 0.00269992
30 0.000569904 0.00287521
31 0.00080429 0.00285408
32 0.000808923 0.00291289
33 0.000549712 0.00305268
34 0.000327193 0.00304033
35 0.000237743 0.0028507
36 0.000182172 0.00268245
37 1.44113e-05 0.00255699
38 -0.000130096 0.00258494
39 -0.000194155 0.00268963
40 0.000272134 0.00291263
41 0.000629305 0.00307905
42 0.000628061 0.00320881
43 0.000546215 0.00350687
44 0.000305531 0.00428599
45 -3.93494e-05 0.00525006
46 0.000147895 0.00571361
47 0.000790967 0.00496648
