0 0.00157438 0.00411548
1 0.00147966 0.00408961
2 0.00159772 0.00449372
3 0.00162396 0.00451939
4 0.00111486 0.00449762
5 0.000610794 0.00432492
6 0.00019208 0.00424755
7 4.97191e-05 0.00411166
8 -1.0056e-05 0.00393669
9 -8.1403e-05 0.00395283
10 -2.90327e-05 0.00425434
11 -8.28084e-05 0.00466773
12 -8.19318e-05 0.00472778
13 3.02292e-05 0.00472646
14 0.000191131 0.00468535
15 0.000169005 0.00459345
16 0.000158412 0.00445579
17 0.000252242 0.00465159
18 0.000266946 0.00494347
19 0.000222943 0.00542312
20 0.00015021 0.00571113
21 0.000125793 0.00581799
22 0.000187174 0.00598938
23 0.000287492 0.00581479
24 0.000203529 0.00582808
25 0.000232559 0.00588262
26 0.000169301 0.00611447
27 0.000148105 0.00624844
28 8.41994e-05 0.00651721
29 -3.28249e-05 0.0067072
30 -1.30166e-05 0.00668124
31 0.0001054 0.00659698
32 0.000197014 0.00629879
33 0.00033107 0.00597053
34 0.000525019 0.00587521
35 0.000723533 0.00608125
36 0.000944282 0.00613639
37 0.00120485 0.00610173
38 0.00138218 0.00609553
39 0.00142628 0.00584497
40 0.00150986 0.00566097
41 0.00150434 0.00562617
42 0.00148907 0.00559247
43 0.00110436 0.00576972
44 0.000829628 0.00585174
45 0.00075159 0.00574378
46 0.000873224 0.00540521
47 0.00092267 0.00510351
