0 -0.000811674 0.0124054
1 -0.000690689 0.0111882
2 -6.81271e-05 0.0113628
3 0.000520028 0.0113267
4 0.00065617 0.0102948
5 0.000819266 0.00920859
6 0.00102901 0.00823627
7 0.00105628 0.00766002
8 0.00125656 0.00765745
9 0.00155599 0.00758141
10 0.00196081 0.00720043
11 0.00191994 0.00673677
12 0.00177924 0.00613174
13 0.0016588 0.00587855
14 0.00136949 0.00609342
15 0.00130848 0.00670104
16 0.0016348 0.00733267
17 0.00164563 0.00827814
18 0.00117351 0.00910318
19 0.000759282 0.0095709
20 0.000176901 0.00972884
21 -0.000526138 0.0103151
22 -0.00119281 0.0111807
23 -0.00183426 0.0115178
24 -0.00265504 0.0111246
25 -0.00330358 0.0108473
26 -0.00389398 0.0110024
27 -0.00403997 0.0105525
28 -0.00424978 0.00985226
29 -0.00423961 0.00933263
30 -0.00417632 0.00891489
31 -0.00360962 0.00892916
32 -0.00290125 0.00942798
33 -0.00277102 0.0095542
34 -0.00296319 0.00934581
35 -0.00279572 0.00887156
36 -0.002469 0.0082883
37 -0.00211171 0.00769957
38 -0.00209202 0.00746377
39 -0.00194651 0.00717248
40 -0.00194915 0.00721956
41 -0.00194877 0.00739315
42 -0.00154073 0.007255
43 -0.00102919 0.00756453
44 -0.000773029 0.00812243
45 -0.000672129 0.00899464
46 -0.000472875 0.0106589
47 5.13739e-05 0.0121277
