0 -0.00206602 0.0195199
1 -0.00239599 0.0177807
2 -0.00253352 0.0165046
3 -0.0035244 0.0169306
4 -0.00454622 0.0169926
5 -0.00453407 0.0158567
6 -0.00378562 0.0147764
7 -0.00313517 0.0140934
8 -0.00221906 0.0139215
9 -0.00176223 0.0136417
10 -0.00153686 0.0132481
11 -0.0015225 0.0132873
12 -0.00158543 0.013592
13 -0.0016198 0.014001
14 -0.00138022 0.0140114
15 -0.000942169 0.0140735
16 -0.000501914 0.0148531
17 -0.00023827 0.015204
18 -0.000234276 0.0157192
19 -0.00025986 0.0156916
20 -0.000379713 0.0150937
21 -0.00051006 0.0150441
22 -0.000584879 0.015517
23 -0.000551792 0.0159218
24 -0.000466809 0.0161068
25 -0.00058443 0.0157181
26 -0.000595637 0.0152125
27 -0.000652216 0.0144785
28 -0.000766899 0.01399
29 -0.000818766 0.0133407
30 -0.000826473 0.0127871
31 -0.000669333 0.0123046
32 -0.000403275 0.0119714
33 6.84565e-05 0.012051
34 0.000819884 0.0117038
35 0.00124295 0.0118293
36 0.00154929 0.012141
37 0.00165249 0.0125693
38 0.00197954 0.0127158
39 0.00230857 0.0125613
40 0.00283775 0.0128082
41 0.00309434 0.012602
42 0.00340207 0.0133797
43 0.00334337 0.0144053
44 0.0025892 0.0152307
45 0.0016666 0.0160366
46 0.00066006 0.0170908
47 -0.000452377 0.0186302
