0 -0.00239781 0.00751386
1 -0.00271951 0.00721542
2 -0.00244505 0.00683079
3 -0.00218029 0.0064523
4 -0.00198442 0.00627159
5 -0.0017799 0.00613963
6 -0.00173113 0.00604971
7 -0.0015652 0.0061442
8 -0.00105238 0.00588813
9 -0.000726363 0.00547904
10 -0.000461522 0.00538585
11 -0.000464921 0.00538204
12 -0.000360976 0.00547939
13 -0.000246036 0.00540792
14 -0.000377406 0.00555135
15 -0.000506198 0.00578527
16 -0.000747166 0.00601458
17 -0.00105115 0.00598855
18 -0.0012989 0.00593667
19 -0.00153248 0.00597157
20 -0.00176855 0.00620864
21 -0.00209336 0.00683016
22 -0.00243689 0.00824427
23 -0.00265398 0.00955993
24 -0.00212331 0.0100165
25 -0.00221133 0.00967355
26 -0.00177962 0.00889666
27 -0.00152558 0.00826545
28 -0.00136301 0.00790602
29 -0.00118191 0.00752013
30 -0.00108049 0.00698914
31 -0.000863641 0.00653835
32 -0.000651473 0.00631995
33 -0.000428802 0.00604368
34 -0.000316824 0.00576861
35 -0.00047748 0.0056453
36 -0.000865026 0.00578506
37 -0.00122426 0.00612535
38 -0.00133312 0.00653581
39 -0.00143696 0.00670055
40 -0.00150333 0.0069691
41 -0.00150974 0.00742381
42 -0.00130352 0.00801944
43 -0.00154193 0.00849792
44 -0.00179589 0.0083317
45 -0.00186549 0.00777316
46 -0.00226125 0.00746365
47 -0.00263325 0.00750889
