0 -0.00169834 0.00417445
1 -0.00123091 0.00359098
2 -0.00133587 0.00339657
3 -0.00183107 0.00304132
4 -0.0023861 0.00248741
5 -0.00283776 0.0018975
6 -0.00326105 0.00150945
7 -0.00272902 0.00144881
8 -0.001857 0.0015344
9 -0.00140972 0.00153781
10 -0.00131725 0.00156971
11 -0.00137881 0.00167394
12 -0.0015298 0.00192663
13 -0.00102285 0.00198659
14 -0.000206975 0.00198922
15 0.00030126 0.00226042
16 0.000422234 0.00243655
17 0.000393263 0.00258243
18 0.000191843 0.00284707
19 -3.36757e-05 0.00304985
20 -0.000202577 0.00307714
21 -0.000260239 0.00314822
22 -0.000337105 0.00321352
23 -0.000380041 0.0030963
24 -0.000173738 0.00302697
25 -0.000205903 0.00283561
26 -0.000195371 0.00280539
27 -0.000455082 0.00282767
28 -0.000805651 0.00296987
29 -0.00121194 0.00324241
30 -0.00139983 0.00354946
31 -0.0013335 0.00374977
32 -0.00120668 0.00394071
33 -0.00081724 0.00378689
34 -0.000289759 0.00375346
35 -5.7493e-05 0.00375876
36 3.25874e-05 0.00353121
37 7.97229e-05 0.00354046
38 -4.56577e-06 0.00357919
39 -0.000304691 0.00341906
40 -0.000314547 0.00327398
41 -0.000228736 0.00320452
42 6.62912e-05 0.00320326
43 0.00028437 0.00320834
44 0.00011115 0.00313064
45 -0.000266849 0.00348918
46 -0.000502587 0.00392866
47 -0.000797361 0.00413169
