0 0.000733525 0.00302056
1 0.000920534 0.00289162
2 0.00091267 0.00252518
3 0.000954634 0.0022243
4 0.000887905 0.00220326
5 0.000988514 0.00225299
6 0.0011494 0.00211615
7 0.00132238 0.00208719
8 0.00138408 0.00218823
9 0.00125535 0.00217503
10 0.00112795 0.00209351
11 0.000986437 0.00202989
12 0.000589751 0.00199932
13 0.000450639 0.00198806
14 0.000507017 0.00206711
15 0.00038211 0.00211704
16 0.000150096 0.00215302
17 1.17146e-05 0.00211325
18 -0.000158785 0.00208514
19 -0.00028043 0.0021065
20 -0.000335555 0.00188799
21 -0.000407462 0.00189751
22 -0.000525514 0.0020151
23 -0.000638948 0.00215646
24 -0.000770935 0.00230368
25 -0.000889569 0.00246767
26 -0.000931647 0.00253517
27 -0.000872086 0.00267915
28 -0.00083354 0.00285449
29 -0.000769784 0.003054
30 -0.000694261 0.00309655
31 -0.000627259 0.00302864
32 -0.000514626 0.0029181
33 -0.000570313 0.00290946
34 -0.000565879 0.00289739
35 -0.000542711 0.00288436
36 -0.000531188 0.00294615
37 -0.000505937 0.00308165
38 -0.000565051 0.00315597
39 -0.00044566 0.00327166
40 -0.000161081 0.0034563
41 5.64847e-05 0.00342626
42 0.000154702 0.00324895
43 0.000331928 0.00299034
44 0.000549633 0.00283218
45 0.000459386 0.00274032
46 0.00026338 0.00280579
47 0.00025863 0.00287911
