0 -0.000738237 0.00356475
1 -0.000852841 0.00392949
2 -0.000379364 0.00456547
3 -4.56529e-05 0.00483839
4 2.74193e-05 0.00497318
5 0.000437446 0.00531232
6 0.000872751 0.00550115
7 0.00084414 0.00511143
8 0.000488977 0.00483043
9 5.4711e-05 0.00465227
10 -0.000336922 0.00468595
11 -0.000481491 0.00451146
12 -0.000446615 0.00439111
13 -0.00057692 0.00456279
14 -0.000603391 0.00439239
15 -0.000476822 0.00419821
16 -0.000600415 0.00420729
17 -0.000762675 0.00409203
18 -0.00106158 0.00412827
19 -0.00139805 0.00440929
20 -0.00128791 0.00444529
21 -0.000782161 0.00427757
22 -0.000560595 0.0041603
23 -0.000427324 0.00402218
24 -0.000652029 0.00357783
25 -0.000830125 0.00324671
26 -0.00105792 0.00294324
27 -0.00104247 0.00261482
28 -0.00115203 0.002476
29 -0.000951156 0.0024147
30 -0.000687226 0.00243107
31 -0.000404972 0.00226079
32 -0.000285755 0.00225024
33 5.12433e-05 0.00251997
34 0.000316722 0.00269469
35 0.000259545 0.00283936
36 0.000219477 0.00294836
37 0.000407288 0.00268872
38 0.000543989 0.00262885
39 0.000462196 0.00273431
40 0.000263713 0.00292439
41 -0.000143729 0.00332779
42 -0.000769214 0.00392983
43 -0.00125521 0.00445523
44 -0.0014475 0.00478103
45 -0.00114636 0.00471305
46 -0.000828661 0.0043737
47 -0.000687112 0.00364455
