0 -0.00275456 0.0170146
1 -0.00419508 0.0187577
2 -0.00461941 0.0191004
3 -0.00510263 0.0176097
4 -0.00524687 0.0159491
5 -0.00495914 0.0145989
6 -0.004295 0.0139931
7 -0.00385005 0.0136595
8 -0.00355782 0.0130166
9 -0.00326428 0.0117842
10 -0.00290631 0.0103082
11 -0.00251306 0.00928352
12 -0.00219224 0.00884921
13 -0.00207612 0.00847957
14 -0.00221124 0.00875357
15 -0.00236227 0.0096798
16 -0.00238736 0.0106476
17 -0.00221371 0.0113731
18 -0.00223047 0.0116621
19 -0.0020577 0.011556
20 -0.00176692 0.0116763
21 -0.0013127 0.0119202
22 -0.000889711 0.0123508
23 -0.000423243 0.0129575
24 2.26253e-05 0.0135121
25 0.000502257 0.0135515
26 0.000851777 0.0134716
27 0.00094294 0.0131961
28 0.000870537 0.0127232
29 0.000824517 0.0126926
30 0.000833062 0.012516
31 0.000764916 0.012462
32 0.000724482 0.0122351
33 0.000525164 0.0116736
34 0.00030424 0.0110798
35 0.000156263 0.0107995
36 8.3229e-05 0.0105558
37 2.40786e-05 0.0104323
38 -0.000198867 0.0103966
39 -0.000460136 0.00987924
40 -0.000603879 0.00947083
41 -0.000698323 0.0095891
42 -0.000752056 0.0100982
43 -0.000715945 0.0104667
44 -0.000808671 0.0111404
45 -0.00114014 0.0125646
46 -0.0019455 0.0140605
47 -0.00252694 0.0158605
