0 -0.00251911 0.0121373
1 -0.00288749 0.0121455
2 -0.00255638 0.0110647
3 -0.00117357 0.0101773
4 -0.000195003 0.0098694
5 0.000100038 0.0094686
6 0.000330127 0.00928771
7 0.000382364 0.00912229
8 0.000478928 0.00884391
9 0.000473296 0.00856441
10 0.000530379 0.00847804
11 0.000656899 0.00834006
12 0.000785203 0.00853872
13 0.000998781 0.00903484
14 0.000938609 0.00911626
15 0.000567202 0.00914253
16 0.000401636 0.0095684
17 0.000152369 0.0102978
18 0.00032086 0.0110842
19 0.000978579 0.0121029
20 0.00170552 0.0141124
21 0.00179129 0.0157866
22 0.00124666 0.016148
23 0.000684707 0.015497
24 0.00107554 0.0148711
25 0.000496548 0.0137609
26 0.000649077 0.0130409
27 0.00104569 0.0125266
28 0.0010211 0.0122313
29 0.000729166 0.0119327
30 0.000173977 0.0119386
31 -0.000472128 0.0116835
32 -0.000935953 0.0106678
33 -0.00102575 0.0100087
34 -0.000822254 0.00973276
35 -0.000694156 0.00952204
36 -0.000653844 0.00896581
37 -0.000809148 0.0082537
38 -0.000773952 0.00789293
39 -0.00035105 0.00805526
40 -0.000235964 0.00883856
41 -0.0007251 0.0091446
42 -0.00148323 0.00959634
43 -0.00185774 0.00961075
44 -0.00232648 0.00972884
45 -0.00274954 0.0101895
46 -0.00272937 0.0112926
47 -0.00287362 0.0117877
