0 -0.000486363 0.00994751
1 -0.00150537 0.0108125
2 -0.0017456 0.0113319
3 -0.00152907 0.0114226
4 -0.000946487 0.01088
5 -0.000331464 0.0103311
6 0.000235354 0.00985933
7 0.000320166 0.00950053
8 4.41137e-06 0.00872538
9 -0.000445187 0.007654
10 -0.000545541 0.00691874
11 -0.000504246 0.00629658
12 -0.000603696 0.00630565
13 -0.000335428 0.00655681
14 -6.23722e-05 0.0067844
15 -0.000153107 0.00714785
16 -0.000226098 0.00796521
17 -0.000308231 0.00874227
18 -0.000680638 0.00914794
19 -0.000873654 0.00966308
20 -0.000767153 0.00998807
21 -0.000724337 0.00987462
22 -0.000678103 0.00949168
23 -0.000460317 0.00906172
24 -0.000265425 0.00861365
25 -9.55711e-05 0.00819081
26 -0.000139632 0.00767927
27 -0.000108117 0.00717071
28 -5.26174e-05 0.00658231
29 -5.82484e-05 0.00584999
30 1.42492e-05 0.00515091
31 3.39011e-05 0.00457723
32 1.58508e-05 0.00434082
33 -3.49691e-05 0.00423585
34 0.00028687 0.00445385
35 0.000533113 0.00469951
36 0.000393482 0.00474937
37 0.000326373 0.00502432
38 2.39343e-05 0.00506671
39 -9.62726e-05 0.00500772
40 0.000114593 0.00495032
41 0.000628259 0.00507551
42 0.00107877 0.00556822
43 0.00169827 0.00598493
44 0.00188666 0.00616928
45 0.00158409 0.0062103
46 0.0010296 0.0065669
47 0.000463631 0.00812755
