0 0.00532389 0.0175736
1 0.00419784 0.0210406
2 0.00344931 0.020971
3 0.00246852 0.0206064
4 0.000992108 0.0202201
5 -2.66572e-05 0.0200567
6 -0.0010861 0.0191225
7 -0.00155222 0.0176565
8 -0.00169603 0.016338
9 -0.00162387 0.0155673
10 -0.00172923 0.0156208
11 -0.00190596 0.0162085
12 -0.00189866 0.0167226
13 -0.00180385 0.0170406
14 -0.00134424 0.0170623
15 -0.0011332 0.0171128
16 -0.00067444 0.016828
17 -0.000148617 0.0166318
18 0.000195737 0.0170964
19 0.000243266 0.017266
20 -0.000202401 0.0169211
21 -0.000596747 0.0166933
22 -0.000346209 0.0170137
23 1.42915e-05 0.0164635
24 0.000504984 0.0152154
25 0.000303545 0.0136657
26 0.000322631 0.0126788
27 0.000407716 0.0116439
28 0.00067015 0.0109268
29 0.000840285 0.0104078
30 0.000705185 0.00976323
31 0.000403419 0.00938058
32 0.000174699 0.00914895
33 -9.31853e-06 0.00900125
34 -0.0002806 0.00862663
35 -0.000390338 0.00813885
36 -0.000616555 0.0078627
37 -0.000849599 0.00747751
38 -0.00122749 0.00736257
39 -0.00156084 0.00711731
40 -0.00177614 0.00713502
41 -0.00148227 0.00734461
42 -0.000910258 0.00785027
43 -0.000162049 0.00834549
44 0.000645935 0.00895029
45 0.00182626 0.0107354
46 0.00287056 0.0129949
47 0.00400064 0.0151092
