0 0.00207747 0.00645468
1 0.00144476 0.00651376
2 0.000497541 0.00659687
3 -0.000334338 0.00605753
4 -0.000805698 0.00549654
5 -0.00115825 0.0049833
6 -0.00163687 0.00419423
7 -0.0020584 0.00335842
8 -0.00215341 0.00272444
9 -0.00190467 0.00247075
10 -0.00168567 0.0023935
11 -0.00138439 0.00245213
12 -0.00114554 0.00271504
13 -0.000973798 0.00311794
14 -0.0006797 0.00330419
15 -0.000429739 0.00323978
16 -0.000108771 0.00325268
17 0.000205743 0.00343178
18 0.000389099 0.00389334
19 0.00042896 0.0041928
20 0.000349346 0.00446643
21 0.00036535 0.00462612
22 0.000447493 0.00500748
23 0.000123834 0.00575928
24 -9.0556e-05 0.00649532
25 -0.000612096 0.00706005
26 -0.000667794 0.00716013
27 -0.000592783 0.00737861
28 -0.000494542 0.00759218
29 -0.000398984 0.00741606
30 -0.000276398 0.00716849
31 5.47084e-05 0.00656393
32 0.000307275 0.0059552
33 0.000507083 0.00561106
34 0.000498504 0.00551276
35 0.000396997 0.00566101
36 0.000195881 0.00588052
37 0.000270424 0.00578788
38 0.000468985 0.00555245
39 0.000746841 0.00557378
40 0.00103793 0.00540971
41 0.00146778 0.00538022
42 0.00186625 0.00540361
43 0.00229436 0.00552723
44 0.00230213 0.00572292
45 0.00239935 0.0064103
46 0.00247276 0.00696937
47 0.00238381 0.00722867
