0 -0.000924419 0.00773713
1 -0.00112407 0.00741664
2 -0.00112339 0.00746424
3 -0.000693725 0.00740238
4 -0.000598725 0.00718982
5 -0.00099532 0.00717531
6 -0.00163811 0.00785228
7 -0.00184708 0.00828524
8 -0.00160374 0.0079691
9 -0.00103879 0.00733307
10 -0.000536492 0.00681344
11 -0.000203747 0.00636549
12 -0.000319874 0.00598219
13 -0.000544342 0.00590717
14 -0.000834763 0.00604616
15 -0.000968567 0.00634063
16 -0.000779119 0.00657295
17 -0.000313208 0.0068711
18 0.000164538 0.00737526
19 0.000414872 0.00846136
20 0.000625521 0.00975392
21 0.000614002 0.010356
22 0.00041035 0.0106663
23 0.000176342 0.010266
24 6.28387e-05 0.00954345
25 0.000115437 0.00791744
26 0.000173848 0.0065157
27 0.000181288 0.00575662
28 7.38836e-05 0.00514127
29 -0.000307903 0.00476115
30 -0.000385094 0.00461518
31 1.27573e-06 0.00449743
32 0.000267643 0.00441591
33 0.000414691 0.00438721
34 0.000462324 0.00438967
35 0.000536732 0.00448803
36 0.000590005 0.0046277
37 0.000521182 0.00468489
38 0.000282675 0.00459893
39 -0.00024499 0.00453852
40 -0.000789202 0.00464782
41 -0.0011567 0.00492574
42 -0.00126417 0.00537529
43 -0.00155467 0.00567113
44 -0.00178132 0.00603898
45 -0.00146537 0.0067888
46 -0.00149597 0.00759466
47 -0.00142003 0.00812738
