0 0.00351843 0.0176098
1 0.00170399 0.0161571
2 1.44933e-05 0.0144152
3 -0.00050491 0.0134842
4 -0.000776284 0.0135267
5 -0.000780747 0.0134487
6 -0.000370972 0.013744
7 5.70795e-05 0.0141535
8 0.000200358 0.0146285
9 0.000483691 0.0152163
10 0.000753436 0.0151812
11 0.000702941 0.0141639
12 0.00051916 0.0132576
13 0.000231385 0.0123615
14 -0.000286596 0.0117297
15 -0.000719647 0.0111175
16 -0.00100462 0.0113557
17 -0.00102143 0.0120195
18 -0.000700644 0.0131703
19 -0.000379238 0.0145403
20 0.000127944 0.0166475
21 0.000802726 0.0187721
22 0.00135769 0.0190462
23 0.00204219 0.019331
24 0.00203929 0.0187712
25 0.00168289 0.017758
26 0.00151268 0.0161112
27 0.00176699 0.0147198
28 0.00203428 0.0142712
29 0.0022422 0.0136468
30 0.00258825 0.0133201
31 0.00242253 0.0125191
32 0.00212031 0.0116718
33 0.00209769 0.0115354
34 0.00216914 0.0115754
35 0.00222476 0.011385
36 0.00234591 0.0116425
37 0.00196294 0.0118282
38 0.00123259 0.0118308
39 0.000327067 0.0115783
40 -0.000503529 0.0122086
41 -0.00119515 0.0137316
42 -0.00162204 0.0155521
43 -0.0013386 0.0156246
44 -0.00101417 0.0152135
45 -0.000687865 0.0147917
46 0.00031054 0.0152532
47 0.00243947 0.0168865
