0 0.00234033 0.0184207
1 0.00275964 0.018229
2 0.00230464 0.0179719
3 0.00199243 0.0183176
4 0.00179043 0.0176086
5 0.00190854 0.0168096
6 0.00195965 0.0160594
7 0.00175505 0.0152283
8 0.00111498 0.0141333
9 0.000606569 0.0136998
10 7.56547e-05 0.013764
11 -0.00048856 0.0130979
12 -0.000822051 0.0122977
13 -0.00103956 0.0116751
14 -0.00118653 0.0112377
15 -0.0012035 0.0110853
16 -0.00113856 0.0108188
17 -0.00107967 0.0108537
18 -0.00104145 0.0110284
19 -0.0011209 0.0117108
20 -0.000952966 0.013021
21 -0.000490671 0.013582
22 5.30811e-05 0.0138464
23 0.000375953 0.0142681
24 0.000619079 0.0143378
25 0.000553291 0.0138289
26 0.000630298 0.0131961
27 0.000762428 0.012084
28 0.000887057 0.011225
29 0.000810679 0.0108786
30 0.000557585 0.0109726
31 0.000184252 0.0114693
32 2.15218e-06 0.0120918
33 0.000233462 0.0123057
34 0.000471085 0.012726
35 0.00074847 0.0132965
36 0.00117698 0.0136938
37 0.00194503 0.0139525
38 0.00255611 0.0140458
39 0.00312198 0.0142929
40 0.00350811 0.0143402
41 0.00405584 0.0148844
42 0.00381859 0.0154186
43 0.00289976 0.0161635
44 0.00231317 0.0170077
45 0.00190533 0.0175448
46 0.00195896 0.0178376
47 0.0019242 0.0180866
