0 0.00232723 0.00457018
1 0.00226895 0.00496713
2 0.0026847 0.00494023
3 0.00286045 0.00482687
4 0.00269609 0.00429702
5 0.00262352 0.00376487
6 0.00240828 0.00364261
7 0.00192735 0.00387637
8 0.0014485 0.00433334
9 0.000955859 0.00474267
10 0.000530522 0.00470654
11 0.000233823 0.00456087
12 0.000107905 0.00447249
13 7.83823e-05 0.00466317
14 0.000199149 0.00502001
15 0.000310862 0.0051068
16 0.000195506 0.0050234
17 -6.57252e-06 0.00500856
18 -0.00016272 0.00505697
19 -0.000405863 0.00487481
20 -0.000611298 0.00480949
21 -0.000602789 0.00495533
22 -0.000576158 0.00510973
23 -0.000593058 0.00524595
24 -0.000469841 0.0051803
25 -0.000392816 0.00536361
26 -0.000301191 0.00552466
27 -0.000142967 0.00561264
28 -0.000134057 0.00568662
29 -9.6621e-05 0.00579639
30 -1.75565e-05 0.00581547
31 0.000209283 0.00570223
32 0.000411148 0.00549629
33 0.000563652 0.00526371
34 0.000712454 0.00514767
35 0.000817217 0.0049137
36 0.000802077 0.0046174
37 0.000787559 0.00447678
38 0.000717788 0.00459347
39 0.000642602 0.00462201
40 0.000639437 0.00452305
41 0.000450476 0.00455531
42 0.000533237 0.00476234
43 0.000793173 0.00507999
44 0.00095972 0.0052851
45 0.00122904 0.00555458
46 0.0015666 0.0054825
47 0.00197724 0.00507365
