0 0.000373748 0.0109508
1 0.00104778 0.0119231
2 0.00129072 0.0116694
3 0.00131195 0.0113649
4 0.00126176 0.0110526
5 0.00119688 0.010535
6 0.00131488 0.00993597
7 0.00174962 0.0095745
8 0.0019898 0.0094517
9 0.00188753 0.00909758
10 0.00153103 0.00868368
11 0.00113051 0.00871885
12 0.000989033 0.00900399
13 0.00124564 0.00933814
14 0.00154112 0.00966418
15 0.00184223 0.0101114
16 0.00193533 0.0104024
17 0.00194516 0.0105985
18 0.00207339 0.0111997
19 0.00194502 0.0115802
20 0.00160487 0.0117132
21 0.00133783 0.0115529
22 0.00144832 0.0111981
23 0.00183549 0.0111753
24 0.00228403 0.0107131
25 0.00195129 0.0102815
26 0.0016681 0.00986282
27 0.00117956 0.00913574
28 0.000733536 0.00838291
29 0.000230743 0.00813659
30 -1.34929e-05 0.00795552
31 9.32454e-07 0.00771241
32 0.000224966 0.00733043
33 0.00050208 0.0071671
34 0.00060764 0.00743747
35 0.000458057 0.00773193
36 0.000343741 0.00823317
37 0.000381306 0.00875272
38 0.000429164 0.00936299
39 0.000262184 0.00971798
40 -0.000128634 0.00992433
41 -0.000646331 0.0099971
42 -0.000959268 0.00979433
43 -0.00104278 0.00950784
44 -0.000975591 0.00963911
45 -0.000902714 0.00945941
46 -0.000761471 0.00951042
47 -0.000918366 0.00980583
