0 0.00145938 0.0179272
1 0.00116111 0.0160014
2 0.000560006 0.0139539
3 0.000260879 0.0122956
4 0.00010505 0.011256
5 0.000130256 0.010568
6 -0.000267701 0.00965169
7 -0.000840555 0.00925801
8 -0.000942138 0.00914289
9 -0.000691519 0.00883374
10 -0.000927976 0.00848695
11 -0.00101522 0.00820266
12 -0.00123092 0.00814553
13 -0.00146405 0.00814301
14 -0.00151425 0.00827138
15 -0.00146034 0.00869502
16 -0.00132709 0.00956476
17 -0.000913028 0.0107829
18 -0.000637469 0.0121792
19 -0.000566347 0.0139564
20 -9.06914e-05 0.015321
21 0.000221992 0.0160575
22 0.00068376 0.0166806
23 0.00105139 0.0168596
24 0.000683932 0.0166964
25 0.00116855 0.0165751
26 0.00110151 0.0162744
27 0.000751298 0.01521
28 0.00045509 0.0146161
29 0.000149801 0.014406
30 2.63883e-05 0.0145646
31 0.000232898 0.0141549
32 0.000604361 0.0139236
33 0.000831886 0.0138374
34 0.000701105 0.0141711
35 0.000456694 0.0142036
36 0.000427648 0.0136472
37 0.000743281 0.0132097
38 0.000998072 0.013373
39 0.00101331 0.0139254
40 0.00115891 0.0152591
41 0.00170888 0.0171623
42 0.00193388 0.018314
43 0.00195298 0.0182005
44 0.00217713 0.0179269
45 0.0026346 0.018292
46 0.00258944 0.0193527
47 0.00152507 0.0191999
