0 -0.00218808 0.00648792
1 -0.00184586 0.00587981
2 -0.00110009 0.00549864
3 -0.000632055 0.00535006
4 -0.0003691 0.00555482
5 -0.000220154 0.00592789
6 2.25506e-06 0.00641351
7 0.000234239 0.00625554
8 0.000155379 0.00587325
9 0.000244705 0.00533252
10 0.000434672 0.00464194
11 0.000337023 0.00412121
12 0.000172239 0.00402018
13 -0.00019621 0.00386585
14 -0.000390252 0.00389987
15 -0.00051426 0.0040558
16 -0.000651089 0.00422213
17 -0.000643973 0.00460803
18 -0.000660328 0.00529486
19 -0.000743715 0.00598351
20 -0.00100162 0.00648218
21 -0.00123535 0.00701628
22 -0.0012965 0.00742491
23 -0.00131304 0.00750828
24 -0.00144654 0.00747021
25 -0.000928239 0.00772948
26 -0.00092817 0.00772827
27 -0.000699176 0.00704224
28 -7.99404e-05 0.00624268
29 0.000336896 0.00559136
30 0.000508675 0.00526631
31 0.000597711 0.0050422
32 0.000817182 0.00477192
33 0.00123975 0.00504296
34 0.00139603 0.0053876
35 0.00143882 0.00532691
36 0.00131939 0.00529435
37 0.00123636 0.00552078
38 0.00102383 0.00611736
39 0.000661811 0.00633288
40 0.000202817 0.00629209
41 -0.000111334 0.0068406
42 -0.0003872 0.00715365
43 -0.000533261 0.00676892
44 -0.000731142 0.00640367
45 -0.0010865 0.00603176
46 -0.00172922 0.00604713
47 -0.0024572 0.00629021
