0 0.0033767 0.0116471
1 0.00371178 0.0117375
2 0.00321543 0.0120803
3 0.00202684 0.0117516
4 0.00127902 0.0110451
5 0.000795154 0.0105648
6 0.000335398 0.01064
7 0.00015578 0.0108251
8 0.000392166 0.0107931
9 0.000779269 0.0109909
10 0.00113542 0.0108556
11 0.00126997 0.0105211
12 0.00104878 0.0103341
13 0.00080722 0.0103019
14 0.000882982 0.0101903
15 0.00071075 0.0103263
16 0.000260279 0.00997701
17 0.000209199 0.0094535
18 0.000141676 0.00929358
19 9.44078e-05 0.00945105
20 4.138e-06 0.0098422
21 -5.76966e-05 0.010013
22 -0.000213673 0.0102515
23 -0.000307306 0.00994466
24 -0.000307966 0.0100898
25 -0.000418007 0.00998399
26 -0.000327852 0.00991181
27 -5.44958e-05 0.00971831
28 0.00039187 0.00945089
29 0.000896202 0.00907736
30 0.00121968 0.00884431
31 0.001175 0.00862642
32 0.00128031 0.00830271
33 0.00159373 0.00799831
34 0.00176124 0.00781636
35 0.00172277 0.00749663
36 0.00185667 0.00739252
37 0.00198212 0.00714154
38 0.00198645 0.00700701
39 0.00188428 0.00712955
40 0.00142954 0.00768714
41 0.000937575 0.00803159
42 0.000744685 0.00834832
43 0.000848913 0.00890715
44 0.000944325 0.0101643
45 0.00118525 0.0113925
46 0.00201808 0.0116311
47 0.00267077 0.0118452
