0 -0.0011901 0.0129433
1 -0.000468348 0.0122406
2 0.000158267 0.0107946
3 4.18407e-05 0.00975307
4 -0.000224955 0.00886851
5 -0.000570657 0.00819298
6 -0.000496007 0.00761975
7 4.42265e-05 0.00733573
8 0.000642713 0.00713512
9 0.00106361 0.00689076
10 0.00138623 0.00689613
11 0.00155454 0.00702683
12 0.00161089 0.00730181
13 0.0017124 0.00734979
14 0.00167544 0.00771263
15 0.00168902 0.00868542
16 0.00177735 0.00952233
17 0.00180568 0.00976035
18 0.00165833 0.00996258
19 0.00145721 0.010315
20 0.00130622 0.0107354
21 0.00104007 0.0118229
22 0.000469664 0.01251
23 -1.55164e-05 0.0129819
24 -0.000883819 0.0136507
25 -0.000644261 0.0139494
26 -0.000511727 0.0143711
27 -2.49627e-05 0.0139797
28 0.000610713 0.0136468
29 0.000933341 0.0133106
30 0.00110904 0.0136044
31 0.00121385 0.0141779
32 0.000989273 0.0147625
33 0.000687121 0.0149103
34 0.000462609 0.0148863
35 0.000543342 0.0142701
36 0.000703426 0.0137776
37 0.00126502 0.0134799
38 0.00200979 0.0131619
39 0.00276816 0.0126479
40 0.00310439 0.0121502
41 0.00334139 0.0124204
42 0.00325199 0.0127874
43 0.00280442 0.0126086
44 0.0021869 0.012437
45 0.00165369 0.0126867
46 0.00105408 0.0128598
47 0.000171656 0.0127296
