0 0.00147638 0.0067764
1 0.00108194 0.00680369
2 0.000815127 0.0066302
3 0.000394888 0.0059785
4 -0.000129913 0.00534641
5 -0.000587534 0.00485236
6 -0.000746795 0.00467442
7 -0.000629019 0.00433757
8 -0.000343954 0.00384812
9 -5.00214e-05 0.00371404
10 6.14946e-05 0.00338962
11 0.000198205 0.0029361
12 0.00027115 0.00244263
13 0.000111686 0.00217529
14 -8.15857e-05 0.0022703
15 -0.000485083 0.00248063
16 -0.000837272 0.00259061
17 -0.000998402 0.00272965
18 -0.00118139 0.00297922
19 -0.00140783 0.00331248
20 -0.00184831 0.00416942
21 -0.00198081 0.00491736
22 -0.00168596 0.00516646
23 -0.0012499 0.00505579
24 -0.000751407 0.00510103
25 -0.000637354 0.0050853
26 -0.000515343 0.00514463
27 -0.000383221 0.00534252
28 6.68512e-05 0.0053256
29 0.000358926 0.00501799
30 0.000463714 0.00494951
31 0.000634949 0.00495165
32 0.000685038 0.00496249
33 0.000714532 0.00516718
34 0.000853187 0.00562547
35 0.0011416 0.00593358
36 0.00131604 0.00632543
37 0.00145571 0.00663416
38 0.00141322 0.00640297
39 0.00133801 0.00624642
40 0.0010537 0.00618034
41 0.00109942 0.00628163
42 0.00106671 0.00675686
43 0.000819362 0.00741213
44 0.00066639 0.00756139
45 0.000693815 0.00729367
46 0.000896682 0.00679928
47 0.00104606 0.00663546
