0 0.00180808 0.00388559
1 0.0022995 0.00343268
2 0.00179946 0.00292029
3 0.00147589 0.00289079
4 0.00132829 0.00303365
5 0.00137223 0.00316761
6 0.00129798 0.00331998
7 0.00155051 0.00352725
8 0.0014643 0.00372091
9 0.00120438 0.00404849
10 0.000689769 0.0045487
11 -1.4774e-05 0.00487351
12 -0.000341997 0.00532347
13 -0.000469197 0.00585785
14 -0.000421462 0.00631645
15 -0.000604364 0.00631963
16 -0.00095919 0.00601541
17 -0.00124635 0.00573357
18 -0.00115974 0.00529698
19 -0.000879013 0.00517105
20 -0.000387245 0.00519223
21 0.000182098 0.0057323
22 0.000468213 0.00661647
23 0.000373561 0.00696153
24 0.000167638 0.00713523
25 1.14748e-05 0.00715424
26 -0.000242449 0.00666143
27 -0.000214766 0.00572242
28 9.39746e-05 0.00500582
29 0.000336482 0.00459122
30 0.000352334 0.00417101
31 2.39973e-05 0.00372015
32 -0.000508884 0.00371544
33 -0.000915308 0.00392945
34 -0.00127913 0.00429149
35 -0.00162252 0.00453694
36 -0.00160821 0.00437342
37 -0.00134182 0.00411862
38 -0.000994522 0.0040535
39 -0.00094386 0.00397308
40 -0.000783072 0.00383385
41 -0.000289662 0.00384992
42 3.74506e-05 0.00391262
43 0.000418818 0.00396973
44 0.00100128 0.00388537
45 0.00143163 0.00359197
46 0.00159793 0.00323329
47 0.00159396 0.00345154
