0 -0.000501697 0.00479648
1 0.000569458 0.00446743
2 0.000971221 0.00436843
3 0.00125198 0.00404246
4 0.00157449 0.00389907
5 0.00165255 0.00389726
6 0.000960523 0.00427872
7 0.000593512 0.00463831
8 0.000770237 0.00483796
9 0.000797799 0.00520199
10 0.000628347 0.00566532
11 7.10462e-05 0.00564656
12 -0.000570554 0.00572166
13 -0.000666039 0.00591438
14 -0.000600898 0.00660723
15 -0.000949433 0.0076079
16 -0.00134899 0.00793909
17 -0.00113231 0.00796572
18 -0.00123026 0.00805599
19 -0.00179675 0.00774716
20 -0.00228782 0.00743413
21 -0.00249065 0.00763286
22 -0.00245705 0.00813572
23 -0.00240838 0.00845576
24 -0.00247647 0.00791163
25 -0.00216379 0.00744358
26 -0.00221595 0.00666744
27 -0.00233771 0.005854
28 -0.00220956 0.00495815
29 -0.00197194 0.00415957
30 -0.0019442 0.00391582
31 -0.0019641 0.00374647
32 -0.00154851 0.00341899
33 -0.00109593 0.0029213
34 -0.000566815 0.00263129
35 1.30044e-05 0.00239087
36 0.000596807 0.00223823
37 0.000747789 0.00246799
38 0.000538583 0.00290064
39 0.000300165 0.00307684
40 0.000231158 0.0032339
41 0.000267295 0.00355826
42 0.000416119 0.00385255
43 0.000569003 0.00422039
44 0.000794153 0.00492504
45 0.000762965 0.00557247
46 0.000418666 0.0056614
47 2.91758e-05 0.00548823
