0 -0.00270254 0.0157696
1 -0.00230879 0.0151636
2 -0.00168279 0.0147411
3 -0.000714377 0.0141764
4 0.000690915 0.0131538
5 0.00238431 0.0127948
6 0.00336131 0.012687
7 0.00385218 0.011934
8 0.00406068 0.0112163
9 0.00407372 0.010958
10 0.00420724 0.0108137
11 0.00426779 0.0109631
12 0.00419103 0.0108792
13 0.00400079 0.0103709
14 0.00408505 0.0102801
15 0.00365613 0.0105086
16 0.00307881 0.0104445
17 0.002815 0.0105262
18 0.00261341 0.0103188
19 0.00252822 0.0104436
20 0.00252224 0.0109297
21 0.0027252 0.0121195
22 0.00263065 0.013288
23 0.00231213 0.0141812
24 0.00176494 0.0146617
25 0.00213629 0.0151577
26 0.00199973 0.0149965
27 0.00159814 0.0144274
28 0.00132326 0.0135247
29 0.000894264 0.0129993
30 0.000312958 0.0129822
31 -0.000348465 0.0126529
32 -0.000853109 0.0126559
33 -0.00101125 0.012711
34 -0.000954767 0.012729
35 -0.000812255 0.01242
36 -0.000785419 0.0124972
37 -0.000433326 0.0130191
38 -9.08228e-05 0.0137209
39 -0.000405149 0.0142936
40 -0.00113108 0.014948
41 -0.00199885 0.0159032
42 -0.00297284 0.0166929
43 -0.00329589 0.0164468
44 -0.00306803 0.0162468
45 -0.0026078 0.0167094
46 -0.00219952 0.0167115
47 -0.00245867 0.0163255
