0 -0.00148492 0.0105275
1 -0.000903547 0.00986347
2 -0.000323286 0.00863424
3 -0.000387269 0.00770181
4 -0.000583888 0.00692173
5 -0.000913628 0.00638056
6 -0.000892129 0.00594085
7 -0.000384167 0.00578979
8 0.000149583 0.00570514
9 0.000549867 0.00557599
10 0.000828919 0.00564389
11 0.00100715 0.00579875
12 0.00111755 0.00604839
13 0.00128389 0.00606376
14 0.00128334 0.00630415
15 0.00124274 0.00703669
16 0.00128979 0.00757833
17 0.0012884 0.00758815
18 0.00105336 0.00768763
19 0.000786776 0.00809745
20 0.000578993 0.00860828
21 0.000180049 0.00967963
22 -0.000398068 0.0103883
23 -0.000802638 0.0109452
24 -0.00155862 0.01163
25 -0.0011803 0.0119845
26 -0.000859203 0.0123846
27 -0.000151271 0.0120158
28 0.000655461 0.0117653
29 0.00116441 0.0115201
30 0.00144551 0.0118316
31 0.00168232 0.0124069
32 0.00162351 0.0129811
33 0.00139895 0.0131416
34 0.00120968 0.0131736
35 0.00130486 0.0125957
36 0.00146285 0.0121149
37 0.00196496 0.0117845
38 0.00260169 0.011331
39 0.00324092 0.0105922
40 0.00350066 0.00994979
41 0.00372987 0.0102165
42 0.00357876 0.0106787
43 0.00297104 0.0105932
44 0.00220237 0.0103882
45 0.00162557 0.0105283
46 0.000950915 0.010586
47 -3.82753e-05 0.010381
