0 -0.000327267 0.0132118
1 -0.000406245 0.0116673
2 -0.000168142 0.00924653
3 -0.000137021 0.00743974
4 -0.000410889 0.00651026
5 -0.000675251 0.00596878
6 -0.000986285 0.00545912
7 -0.000896929 0.00530154
8 -0.000506355 0.00537392
9 0.000158089 0.00562957
10 0.000806985 0.00575363
11 0.000617922 0.00557516
12 0.000112121 0.00556871
13 -0.000172008 0.0052376
14 -0.000310909 0.00488825
15 -0.000383894 0.00466821
16 -0.000312133 0.00469935
17 -0.000128058 0.00476083
18 0.000189451 0.00461674
19 0.000444064 0.00497394
20 0.000436931 0.00541218
21 0.000252851 0.00614606
22 0.000253892 0.0073874
23 0.000103225 0.00807955
24 -0.000134429 0.00826197
25 -0.000928431 0.00844479
26 -0.0011925 0.00810298
27 -0.00116783 0.00774462
28 -0.000867521 0.00746772
29 -0.000736691 0.00744838
30 -0.000740071 0.00780045
31 -0.000748617 0.00823295
32 -0.000845513 0.00831743
33 -0.00125935 0.00807378
34 -0.00190339 0.00769686
35 -0.00242891 0.00759904
36 -0.00275383 0.00750515
37 -0.00244493 0.0070519
38 -0.00215862 0.00681148
39 -0.00154457 0.00669095
40 -0.000851437 0.00651621
41 -0.00029353 0.00677313
42 3.5612e-05 0.00747583
43 0.000244927 0.00833369
44 0.000260459 0.00855042
45 -3.56186e-05 0.00897457
46 -0.000193904 0.0101408
47 -0.000376202 0.0120409
