0 -0.000983291 0.00367955
1 -0.00078765 0.00338153
2 -0.0006188 0.00276106
3 -0.00058051 0.00219966
4 -0.000549054 0.00185894
5 -0.000738347 0.00174698
6 -0.000709152 0.00156825
7 -0.000445627 0.00159158
8 -0.000251164 0.00168121
9 -3.38521e-05 0.00169918
10 0.000115977 0.00170049
11 0.000135662 0.001785
12 9.57031e-05 0.00194945
13 8.30116e-05 0.00192139
14 4.67702e-05 0.00184581
15 -0.000114046 0.00185125
16 -0.000139895 0.00158216
17 -0.000246689 0.00117819
18 -0.000610266 0.00106459
19 -0.00100462 0.00146059
20 -0.00123853 0.00206535
21 -0.00170383 0.00272524
22 -0.00208268 0.00305871
23 -0.00218163 0.00354017
24 -0.00235964 0.00399479
25 -0.00176145 0.00426525
26 -0.00134349 0.00439176
27 -0.000713391 0.00398504
28 3.60864e-05 0.00377893
29 0.000782569 0.00362162
30 0.0011843 0.00367762
31 0.00169221 0.00397119
32 0.00200637 0.00414483
33 0.00204264 0.00410025
34 0.00196106 0.00409732
35 0.00191463 0.00380326
36 0.00196516 0.00351573
37 0.0022032 0.00327241
38 0.00224994 0.00288503
39 0.00238575 0.00228802
40 0.00229259 0.00198505
41 0.00229153 0.00225098
42 0.00209258 0.0027658
43 0.00141697 0.00288908
44 0.00076683 0.00293984
45 0.000660641 0.00327466
46 0.000379101 0.00344529
47 -0.000182951 0.00344303
