0 0.00131025 0.00464485
1 0.000486781 0.00530945
2 0.000392017 0.00552858
3 7.8265e-05 0.00562552
4 -0.00026063 0.00558357
5 -0.000666327 0.00553361
6 -0.000867397 0.0056844
7 -0.000972754 0.00568065
8 -0.000844131 0.00534246
9 -0.000639475 0.00499039
10 -0.000634261 0.00468284
11 -0.000836726 0.00449183
12 -0.000782875 0.00444194
13 -0.000399705 0.00469234
14 -0.000260969 0.00509221
15 -0.000107517 0.00553451
16 1.39088e-06 0.00618383
17 0.000208059 0.0069226
18 0.000327289 0.00740704
19 0.000366633 0.00745994
20 0.000482438 0.00729579
21 0.000795694 0.0070764
22 0.00105863 0.00709378
23 0.00109679 0.00714855
24 0.00108594 0.00674292
25 0.000645833 0.00618058
26 0.000488479 0.00590732
27 0.000405287 0.00584875
28 0.000441097 0.00573234
29 0.000645187 0.00539255
30 0.000825223 0.005071
31 0.000890912 0.00493966
32 0.000829212 0.00500905
33 0.000767835 0.00499526
34 0.000761412 0.00482041
35 0.000692156 0.00464124
36 0.000787888 0.00462303
37 0.000756459 0.00444174
38 0.000555911 0.00416758
39 0.00044844 0.00389671
40 0.000349584 0.00387056
41 0.000336965 0.00390155
42 0.000383414 0.00374478
43 0.000488381 0.00369067
44 0.000659254 0.00374855
45 0.000891771 0.00394688
46 0.00101403 0.00384061
47 0.00103659 0.00383231
