0 0.0026746 0.005248
1 0.00248668 0.00585191
2 0.00229114 0.00587864
3 0.00236703 0.00582688
4 0.00220156 0.0055404
5 0.00187337 0.00490134
6 0.00160358 0.00452944
7 0.000959306 0.00437879
8 0.000483616 0.00411858
9 0.000465475 0.00388746
10 0.000362824 0.0036948
11 0.00039892 0.00390067
12 0.000761231 0.0040902
13 0.00105048 0.00405775
14 0.00134914 0.00368109
15 0.00158605 0.00329868
16 0.00170875 0.00314359
17 0.00173137 0.00313892
18 0.00180114 0.00330855
19 0.00219442 0.00367947
20 0.00262298 0.00378972
21 0.00292818 0.00357687
22 0.00290705 0.0033171
23 0.00264715 0.00292707
24 0.00229639 0.00267508
25 0.00206858 0.00274182
26 0.0018196 0.00286674
27 0.00139428 0.00263209
28 0.00106565 0.00238414
29 0.000957578 0.00230841
30 0.000855951 0.00222153
31 0.000737468 0.00217731
32 0.000693787 0.00247061
33 0.000401683 0.00274364
34 0.000241591 0.00273482
35 0.000191367 0.00269837
36 0.000147708 0.00255657
37 0.000194414 0.00260837
38 0.000517687 0.00281444
39 0.000981604 0.00296076
40 0.00132077 0.00304782
41 0.00155944 0.0033338
42 0.00166686 0.00373904
43 0.00170816 0.00414576
44 0.00172466 0.00455483
45 0.00177026 0.00482723
46 0.00196038 0.00502576
47 0.0021238 0.00519574
