0 0.00198015 0.00414948
1 0.00190357 0.0046104
2 0.00124348 0.00449953
3 0.000523508 0.00373659
4 -0.000169599 0.00323026
5 -0.000474426 0.00288574
6 -0.000454232 0.0025594
7 -0.000532926 0.00217833
8 -0.000878234 0.0015417
9 -0.00114918 0.00146735
10 -0.0013774 0.00152281
11 -0.00158031 0.00129276
12 -0.00181787 0.000996679
13 -0.00201475 0.000808766
14 -0.00228688 0.00102584
15 -0.00221488 0.00111845
16 -0.00190984 0.00101329
17 -0.00145537 0.00103988
18 -0.00093273 0.00128025
19 -0.000545879 0.0016398
20 -0.000226026 0.00188507
21 -6.21919e-05 0.0022163
22 -0.000415034 0.00236993
23 -0.000981852 0.0024984
24 -0.00154132 0.00289915
25 -0.00250121 0.0029167
26 -0.00265096 0.00294619
27 -0.00266999 0.00315502
28 -0.00259305 0.00358778
29 -0.00227813 0.00414472
30 -0.00188111 0.00436837
31 -0.0015136 0.00433027
32 -0.000912648 0.00405756
33 -0.000516198 0.00385145
34 -0.000135431 0.00378913
35 3.61929e-05 0.00380745
36 4.68e-05 0.00376098
37 0.000322606 0.0034723
38 0.00102703 0.00307842
39 0.00175778 0.00300747
40 0.00220408 0.00298069
41 0.0026051 0.0032373
42 0.00285104 0.00338397
43 0.00303957 0.00350071
44 0.00307658 0.00386537
45 0.00321768 0.00415532
46 0.00318679 0.00416175
47 0.0028081 0.00398241
