0 -0.000950547 0.0125998
1 -0.00101879 0.0119993
2 -0.00151636 0.0114389
3 -0.00200352 0.0113298
4 -0.00198415 0.0121199
5 -0.00118735 0.0127288
6 -0.000286474 0.0129795
7 0.00029999 0.012449
8 0.000454812 0.0115236
9 0.000359649 0.0110698
10 0.00032376 0.0109784
11 8.48288e-05 0.0110664
12 -0.000204484 0.0109333
13 -0.000557943 0.0105291
14 -0.00106808 0.0104746
15 -0.00132351 0.0104957
16 -0.00136875 0.0110121
17 -0.00130132 0.0116529
18 -0.00128994 0.0120153
19 -0.00118705 0.0120939
20 -0.00110417 0.0123934
21 -0.000960478 0.0125065
22 -0.000747076 0.0126305
23 -0.000627391 0.0129397
24 -0.000381406 0.0125258
25 -0.000643099 0.0115056
26 -0.000781335 0.0107475
27 -0.000868828 0.0102471
28 -0.000984041 0.00981655
29 -0.000905785 0.00941156
30 -0.000846485 0.00867168
31 -0.000809565 0.00776542
32 -0.000577005 0.00696539
33 -0.000484981 0.00615637
34 -0.00021116 0.00556781
35 8.87734e-05 0.00503189
36 0.000350789 0.0046727
37 0.000571895 0.00474141
38 0.000524099 0.00515743
39 0.00037357 0.00563504
40 0.0003632 0.00635647
41 0.000323481 0.00711671
42 0.000342841 0.00796849
43 0.000356976 0.0090618
44 0.00028231 0.0101122
45 6.04993e-05 0.0106435
46 -0.000139491 0.0115266
47 -0.000419058 0.0125818
