0 -0.00142452 0.00833196
1 -0.00247034 0.00904094
2 -0.00277115 0.00912608
3 -0.00281076 0.00834665
4 -0.00297235 0.00724038
5 -0.00297275 0.00612771
6 -0.00265654 0.0056258
7 -0.00272064 0.00529606
8 -0.00252214 0.00498633
9 -0.00213927 0.00475032
10 -0.00174955 0.00424339
11 -0.00125897 0.00378859
12 -0.000913812 0.00360355
13 -0.000723471 0.00334818
14 -0.000787285 0.00336031
15 -0.000893601 0.00352397
16 -0.00110208 0.00370301
17 -0.00126782 0.00377804
18 -0.00142569 0.00403595
19 -0.00130182 0.00416842
20 -0.000890403 0.00447167
21 -0.000613053 0.00483464
22 -0.000393974 0.00540504
23 -0.000316528 0.00596217
24 -0.000399385 0.00640419
25 -0.000286785 0.00647187
26 -2.03195e-05 0.00620228
27 0.000449005 0.00595252
28 0.00100876 0.00575594
29 0.00138429 0.00592507
30 0.00154315 0.00598327
31 0.00139038 0.0062526
32 0.00131573 0.0063919
33 0.00128091 0.0060194
34 0.00103423 0.00537352
35 0.000860739 0.00457635
36 0.000763791 0.00381764
37 0.000648286 0.0035284
38 0.000626844 0.00360636
39 0.000583535 0.00328901
40 0.000506308 0.00301614
41 0.000510693 0.00300897
42 0.000507834 0.00338094
43 0.000683853 0.00384278
44 0.000616574 0.00457229
45 0.000163228 0.00560498
46 -0.000563293 0.00650157
47 -0.00101148 0.00752198
