0 -0.000417698 0.0109024
1 -0.000371469 0.00956092
2 -0.000599675 0.00880206
3 -0.000661683 0.00819565
4 -0.000699096 0.00775277
5 -0.000613247 0.00767201
6 -0.000201862 0.00759247
7 -3.69836e-05 0.00761158
8 6.62739e-05 0.00755238
9 -0.000173264 0.0074373
10 -0.000705931 0.00753622
11 -0.000770239 0.00785716
12 -0.000638688 0.00863545
13 -0.000196319 0.00871141
14 0.000143925 0.00852216
15 0.000281877 0.00850767
16 0.000288879 0.00851073
17 0.000374643 0.00859915
18 0.000315147 0.0087849
19 0.000237981 0.00892516
20 0.000186222 0.00918449
21 6.93294e-05 0.00945147
22 -0.000282221 0.00994201
23 -0.000637369 0.0103532
24 -0.000950124 0.010421
25 -0.000359466 0.0105839
26 -5.35683e-05 0.0105942
27 0.000283403 0.0105372
28 0.000852582 0.0103681
29 0.00117768 0.0103605
30 0.00108561 0.0100915
31 0.00107285 0.00984238
32 0.00109336 0.00941556
33 0.000988418 0.00915036
34 0.000848852 0.00915855
35 0.000729682 0.00981501
36 0.000882084 0.01063
37 0.000846175 0.0110872
38 0.000798179 0.0115885
39 0.000486359 0.0121713
40 3.48735e-05 0.0123566
41 -9.4765e-05 0.011227
42 -1.68821e-05 0.0099868
43 -0.000102945 0.00933709
44 -0.000745709 0.00888942
45 -0.000998035 0.00918637
46 -0.000847381 0.00988244
47 -0.000500643 0.0103709
