0 0.00299223 0.00891111
1 0.00296802 0.00829995
2 0.00265213 0.00717542
3 0.00226895 0.00637847
4 0.0021895 0.00620103
5 0.00223586 0.00624854
6 0.0022651 0.00644215
7 0.00190037 0.00649954
8 0.00124463 0.00625457
9 0.000463012 0.00591111
10 0.00012921 0.00553134
11 7.38951e-05 0.00518991
12 -0.000122589 0.00519363
13 -0.000233633 0.00542103
14 -0.000389873 0.00556613
15 -0.000443736 0.00562294
16 -0.000409046 0.00563568
17 -0.000463871 0.00567756
18 -0.000309973 0.0057907
19 -0.000310969 0.00574164
20 -6.25891e-05 0.00574196
21 0.000162287 0.00565154
22 0.000285147 0.00579789
23 0.000360033 0.00566675
24 0.000457719 0.00552672
25 0.000610588 0.00565303
26 0.000660206 0.00565176
27 0.000701925 0.00553758
28 0.000812545 0.00528325
29 0.000977398 0.00484201
30 0.00112105 0.00454052
31 0.00116988 0.00421778
32 0.00137751 0.00432637
33 0.00187057 0.00475741
34 0.00195749 0.0049562
35 0.00184592 0.0049288
36 0.00177297 0.00511803
37 0.00180868 0.00548123
38 0.00184596 0.00583
39 0.00198607 0.00630259
40 0.00219679 0.00717822
41 0.00233906 0.00827634
42 0.00222854 0.00923943
43 0.00213145 0.0100505
44 0.00191521 0.0103223
45 0.00167439 0.0104287
46 0.00189827 0.00946772
47 0.00214009 0.00853567
