0 -0.00210629 0.00594041
1 -0.00178336 0.00570039
2 -0.00162198 0.00532187
3 -0.00109701 0.0053186
4 -4.22194e-05 0.00534533
5 0.0012315 0.00548473
6 0.00128751 0.00521141
7 0.000622347 0.00504167
8 4.30434e-05 0.00494921
9 -0.000125258 0.00535295
10 0.000285855 0.00561977
11 0.000310851 0.00558685
12 9.14299e-05 0.00589065
13 -1.84042e-05 0.00588894
14 -6.73181e-05 0.00607402
15 -2.45699e-05 0.00652115
16 -0.000215807 0.00694389
17 -0.000313886 0.00757076
18 -0.000501297 0.00854336
19 -0.000445412 0.00949191
20 -0.000415558 0.0102128
21 -0.000281271 0.0107864
22 -1.50193e-05 0.0113198
23 0.000313323 0.0119334
24 0.00068585 0.0119558
25 0.00129184 0.0109082
26 0.00170249 0.00934569
27 0.00161577 0.00862182
28 0.00127577 0.0083446
29 0.000849466 0.00799171
30 8.6886e-05 0.00816058
31 -0.000485859 0.00833994
32 -0.000590015 0.00835657
33 -0.000331926 0.00811482
34 -6.85464e-05 0.00748437
35 -0.000567672 0.0064417
36 -0.000935477 0.00558453
37 -0.00087724 0.00532841
38 -0.000763682 0.00525659
39 -0.00134578 0.00557001
40 -0.00166536 0.0056421
41 -0.00184062 0.00555605
42 -0.00188128 0.00560692
43 -0.00186685 0.0061713
44 -0.00143455 0.0073021
45 -0.000880817 0.00853855
46 -0.00126795 0.00788
47 -0.00194219 0.00690433
