0 0.000513193 0.00309294
1 0.000177153 0.00357428
2 -0.000101203 0.00365985
3 -0.000267932 0.00333594
4 -0.000267603 0.00306896
5 -0.000276324 0.00308712
6 -0.000138191 0.00326715
7 3.45117e-06 0.00304256
8 0.0003365 0.00258853
9 0.000796027 0.00236488
10 0.00122821 0.00223031
11 0.00144183 0.00187208
12 0.00134453 0.00161718
13 0.00138267 0.00140551
14 0.00150794 0.00134522
15 0.00163241 0.00143677
16 0.00181611 0.00190304
17 0.00202632 0.00257991
18 0.00226433 0.0029832
19 0.00231442 0.00295209
20 0.00221863 0.00290074
21 0.00197975 0.00286075
22 0.00167968 0.00267813
23 0.00120202 0.00244737
24 0.000863763 0.00230807
25 0.000495903 0.00214102
26 0.00028129 0.00201657
27 6.96301e-05 0.00184406
28 -0.000137301 0.00171947
29 -0.000188597 0.00157239
30 -0.000158077 0.00154815
31 1.37659e-05 0.00175836
32 0.000323686 0.00199874
33 0.000546108 0.0021991
34 0.000753901 0.00221824
35 0.000924709 0.0024617
36 0.000994693 0.00260307
37 0.00113598 0.00258139
38 0.000963173 0.00250689
39 0.000546485 0.00225171
40 0.000415049 0.00204566
41 0.000266898 0.00195828
42 9.131e-05 0.00183892
43 0.000222208 0.00155955
44 0.000517408 0.00137724
45 0.000820175 0.00128353
46 0.000911021 0.00151123
47 0.000837148 0.00184745
