0 0.00122634 0.0045459
1 0.000583856 0.00393891
2 0.000125748 0.0038343
3 -0.000137748 0.00356936
4 -0.00014328 0.00338652
5 -8.02665e-05 0.00328108
6 -8.60928e-05 0.00300253
7 6.84065e-05 0.00279566
8 0.000143415 0.00251205
9 -2.60784e-05 0.00219543
10 -0.000138075 0.00185721
11 -0.000278526 0.00169321
12 -0.000470302 0.00160298
13 -0.000631627 0.00155547
14 -0.000636853 0.00164172
15 -0.000636127 0.00179612
16 -0.00059303 0.00177748
17 -0.000462469 0.00191745
18 -0.000457051 0.00219223
19 -0.000486229 0.00256538
20 -0.000398943 0.00288111
21 -0.000229466 0.00321454
22 -0.000225796 0.00343157
23 -0.000314089 0.00369838
24 -0.000569273 0.00393498
25 -0.000924682 0.00419502
26 -0.00145217 0.00405219
27 -0.00151027 0.00390995
28 -0.00144949 0.00364757
29 -0.00123212 0.00328393
30 -0.000747715 0.00299778
31 -0.000633222 0.00277022
32 -0.000678902 0.00280895
33 -0.000805914 0.00266786
34 -0.000961994 0.00263696
35 -0.00115637 0.00286903
36 -0.00136903 0.00334619
37 -0.00141925 0.00356719
38 -0.00126868 0.00406011
39 -0.000944567 0.0046648
40 -0.000720451 0.00511565
41 -0.00074923 0.00565946
42 -0.000780613 0.00642756
43 -0.000631134 0.00682841
44 -0.000273116 0.00662635
45 0.000127333 0.00629187
46 0.000613745 0.00601223
47 0.000961616 0.00556462
