0 0.00203062 0.00892427
1 0.00101001 0.00858151
2 0.000759368 0.0082932
3 0.000479856 0.00801694
4 0.000168359 0.00766257
5 -0.000275122 0.00762691
6 -0.000901223 0.00765012
7 -0.00126545 0.00731371
8 -0.00115548 0.00693288
9 -0.00103102 0.00670404
10 -0.000881769 0.00704902
11 -0.00064069 0.00752445
12 -0.000335562 0.00750358
13 -0.000236097 0.00740195
14 -2.15572e-05 0.00711944
15 -1.63693e-05 0.00682596
16 -0.000102602 0.00663529
17 -0.000192208 0.00633154
18 -0.000198583 0.00618915
19 -7.80152e-05 0.00638982
20 -0.000134052 0.0068379
21 -0.000231959 0.00764428
22 -0.000243255 0.00855799
23 -0.000280926 0.00961311
24 0.000200831 0.010331
25 -8.78299e-05 0.0107297
26 3.02459e-05 0.0107815
27 0.000144688 0.010742
28 0.000163795 0.0102839
29 0.000373226 0.0097793
30 0.00064666 0.00981498
31 0.0011312 0.0103056
32 0.00149546 0.0106685
33 0.00155083 0.0110133
34 0.00133857 0.0112521
35 0.000992871 0.01159
36 0.000537846 0.0120289
37 0.000305004 0.0125979
38 0.000268945 0.0129868
39 0.000352963 0.0130502
40 0.000314473 0.0129095
41 0.000161025 0.0124197
42 0.000265734 0.0119466
43 0.00037746 0.0110655
44 0.000750529 0.0106088
45 0.00130266 0.0103739
46 0.00156883 0.010208
47 0.00168874 0.0095332
