0 -0.000239686 0.00491978
1 -0.000536145 0.00489407
2 -0.00043754 0.00457302
3 -0.000523619 0.0041273
4 -0.000656304 0.00367682
5 -0.000821444 0.00327402
6 -0.00103158 0.00302666
7 -0.000872368 0.00285935
8 -0.000478589 0.00246663
9 -0.000424637 0.0022061
10 -0.000352128 0.00200965
11 -0.000479701 0.00178822
12 -0.000435707 0.00161373
13 -0.000328942 0.0014937
14 -0.000418773 0.00172663
15 -0.000648607 0.00199339
16 -0.000949418 0.00223742
17 -0.00116524 0.00233448
18 -0.0012742 0.00231854
19 -0.00144154 0.00237598
20 -0.00155729 0.0027402
21 -0.00167346 0.00346937
22 -0.00161832 0.0047283
23 -0.00172155 0.00598475
24 -0.00164281 0.00652923
25 -0.00190048 0.00635569
26 -0.00170796 0.0056736
27 -0.00149406 0.00502827
28 -0.00125446 0.00464579
29 -0.000934013 0.004247
30 -0.000608242 0.00375065
31 -0.000229578 0.00328829
32 0.000123073 0.00298337
33 0.000527009 0.0026793
34 0.000847028 0.00237692
35 0.000829299 0.002176
36 0.000610175 0.00223382
37 0.000491302 0.00256693
38 0.000543218 0.00299705
39 0.000469337 0.00338829
40 0.000293675 0.00388812
41 0.000244838 0.00453439
42 0.000519278 0.00518711
43 0.000496544 0.00558306
44 0.000343669 0.00554808
45 0.000269002 0.00535459
46 -0.000236082 0.00519971
47 -0.000606114 0.00504416
