0 0.00145813 0.0161528
1 2.18735e-05 0.016011
2 -3.71539e-05 0.0146819
3 -3.6655e-05 0.01415
4 -2.67948e-05 0.0135741
5 -0.00027007 0.013354
6 -6.76031e-05 0.0129924
7 7.29793e-05 0.0123627
8 0.00010924 0.0121151
9 6.82038e-05 0.0119072
10 0.000339045 0.0113813
11 0.000552103 0.0107583
12 0.000635604 0.0102551
13 0.000716355 0.00977552
14 0.000948393 0.0095594
15 0.00115986 0.00947571
16 0.00107346 0.0095648
17 0.00106009 0.00966914
18 0.000934481 0.00975594
19 0.000769976 0.0101281
20 0.000669789 0.0108773
21 0.000338911 0.0118091
22 4.98297e-05 0.0125802
23 -0.000244094 0.0129156
24 -0.000198132 0.0125719
25 -0.000375444 0.0124231
26 -0.000309672 0.0119837
27 -0.000167993 0.0111171
28 5.79141e-05 0.0103084
29 0.000506321 0.00966597
30 0.000800265 0.00919606
31 0.00106155 0.00880122
32 0.000797669 0.00858972
33 0.000129111 0.00864351
34 -0.000718762 0.00901211
35 -0.00130066 0.009417
36 -0.00121495 0.00972962
37 -0.000762518 0.0100637
38 -0.000517746 0.0107006
39 -0.000398953 0.0112227
40 7.79856e-05 0.0115921
41 0.000772323 0.0119294
42 0.00138814 0.012731
43 0.00162791 0.0137449
44 0.00188862 0.0147675
45 0.00192353 0.0157461
46 0.00119852 0.015864
47 0.000953003 0.0159538
