0 -0.00345314 0.0109654
1 -0.00378221 0.0101901
2 -0.0030377 0.0101413
3 -0.00208685 0.0102939
4 -0.00129287 0.00996803
5 -0.000603908 0.00945401
6 -6.70246e-05 0.00921368
7 0.000127065 0.00920401
8 8.00006e-05 0.00951444
9 -0.000386237 0.00940895
10 -0.000304081 0.00898194
11 -0.000380521 0.00853786
12 -0.000697177 0.00819261
13 -0.00126649 0.00775184
14 -0.00183636 0.0073636
15 -0.0018491 0.00698873
16 -0.00169037 0.00666971
17 -0.00185129 0.00673228
18 -0.00217292 0.00685809
19 -0.00239862 0.00761814
20 -0.00242104 0.00869894
21 -0.00230767 0.0102559
22 -0.00188187 0.0123613
23 -0.000771755 0.0138686
24 -0.000740455 0.0145023
25 -0.000588008 0.0136693
26 -0.000456887 0.0125431
27 -0.000385038 0.0116656
28 0.000118575 0.0111811
29 0.000699774 0.0109731
30 0.00127467 0.0105975
31 0.00196057 0.00972592
32 0.00230301 0.00851021
33 0.00207874 0.00795168
34 0.00177723 0.00763797
35 0.00133017 0.00716023
36 0.00114846 0.00727707
37 0.00112473 0.00731314
38 0.00126404 0.00742368
39 0.00148842 0.00770742
40 0.00137189 0.00819742
41 0.00149202 0.00869746
42 0.0012816 0.0089021
43 0.00063983 0.00891079
44 -0.000161272 0.00911299
45 -0.000536819 0.00965733
46 -0.00113662 0.0106664
47 -0.00168411 0.0115677
