0 -0.000891172 0.00666335
1 -0.00175608 0.0072524
2 -0.00202384 0.00709413
3 -0.00177422 0.0068233
4 -0.00147431 0.00651063
5 -0.00121866 0.00644652
6 -0.000992531 0.00595776
7 -0.000685466 0.0054163
8 -0.000185764 0.00483951
9 0.000152915 0.00462087
10 0.000241521 0.00499489
11 9.51389e-05 0.00549233
12 0.000103655 0.00592193
13 -8.41991e-05 0.00587008
14 -0.000444207 0.00562227
15 -0.000568027 0.00527966
16 -0.000617577 0.00507219
17 -0.000609015 0.00511389
18 -0.000563496 0.00547212
19 -0.000514372 0.00591458
20 -0.000469602 0.00599234
21 -0.000307182 0.00599156
22 -0.00012928 0.00570484
23 -6.25993e-05 0.00550905
24 9.55348e-05 0.00526514
25 0.000252381 0.00519946
26 0.000400458 0.00523088
27 0.000311755 0.00553323
28 0.00025906 0.00556784
29 0.00016617 0.00551334
30 0.000161081 0.00528369
31 0.000226649 0.00515401
32 0.000128125 0.00510969
33 5.76293e-05 0.00528516
34 0.000188949 0.00532338
35 0.000316003 0.00521831
36 0.000302843 0.00520367
37 0.00024188 0.00515668
38 0.000195712 0.00503212
39 0.000167571 0.00476442
40 6.23869e-05 0.00468585
41 3.13105e-05 0.00464515
42 8.39743e-05 0.00476808
43 5.86405e-05 0.00505571
44 0.000131304 0.00537017
45 0.000193032 0.00585879
46 -8.739e-05 0.00603237
47 -0.00055705 0.00614221
