0 -8.79717e-05 0.00368526
1 0.000185675 0.00304434
2 0.000264234 0.00282707
3 0.000226071 0.00240727
4 0.000310626 0.0022262
5 0.000264088 0.00218671
6 -0.000127964 0.00259137
7 -0.000192505 0.00275876
8 -0.00042999 0.00279982
9 -0.000688143 0.00289581
10 -0.000537596 0.00312292
11 -0.000506482 0.00336379
12 -0.000592383 0.00347774
13 -0.00057451 0.00370479
14 -0.000536794 0.00352409
15 -0.000146349 0.00329738
16 0.000300009 0.00299726
17 0.000450984 0.00301275
18 0.000283265 0.00359362
19 -0.000303853 0.00449522
20 -0.000955363 0.00531121
21 -0.000547427 0.00609706
22 0.000332278 0.00667488
23 0.000968828 0.00690813
24 0.00117943 0.00692903
25 0.00143676 0.00658064
26 0.00119687 0.00662271
27 0.00103125 0.00667734
28 0.000762504 0.00618015
29 0.000697016 0.00586449
30 0.00105375 0.00589928
31 0.000897538 0.00562044
32 0.000578195 0.00559858
33 0.000302376 0.00578011
34 -0.000145612 0.0054471
35 -0.000319484 0.00500099
36 -0.000520051 0.00451025
37 -0.00103318 0.00392057
38 -0.00122952 0.00356353
39 -0.00123384 0.00333439
40 -0.00157083 0.00338956
41 -0.00122855 0.00360302
42 -0.000952347 0.00395177
43 -0.000911226 0.00447709
44 -0.000857037 0.00497496
45 -0.000686496 0.00522441
46 -0.000205211 0.00536873
47 0.000224093 0.00509959
