0 0.00125432 0.00434684
1 0.000899409 0.00357616
2 0.000661531 0.00334968
3 0.000414502 0.00307259
4 0.000325581 0.00290839
5 0.000344295 0.00310878
6 0.000144199 0.00353344
7 0.000287318 0.00406167
8 0.000686357 0.00413814
9 0.000941199 0.00410223
10 0.00079625 0.00390115
11 0.000553825 0.00372459
12 0.000339539 0.00358077
13 0.000131868 0.00351496
14 0.000325051 0.00364623
15 0.000491954 0.00359888
16 0.000624442 0.00348033
17 0.000833264 0.00343782
18 0.00110962 0.00357968
19 0.00124968 0.00396208
20 0.00114494 0.00449938
21 0.000977081 0.00503668
22 0.000788585 0.0054931
23 0.000689159 0.00589505
24 0.00118719 0.00592112
25 0.00109841 0.00586403
26 0.00111983 0.00564931
27 0.00121111 0.00549983
28 0.00124789 0.00533557
29 0.00126058 0.00527102
30 0.00150123 0.00546501
31 0.00165794 0.00558092
32 0.00129564 0.00536641
33 0.000893873 0.00580589
34 0.000504999 0.00633157
35 0.000137214 0.00653833
36 -2.12634e-05 0.00658299
37 -0.000121643 0.00627298
38 -0.000188439 0.00611769
39 -0.000101327 0.00612126
40 -2.85184e-05 0.00620274
41 9.32698e-05 0.00614783
42 0.00027004 0.00541249
43 0.000390327 0.00494124
44 0.000493057 0.00483042
45 0.00074537 0.00497104
46 0.000769446 0.0053472
47 0.000785328 0.00512398
