0 0.000695304 0.00504683
1 0.000942495 0.0049771
2 0.000831493 0.00466572
3 0.000434459 0.0043387
4 -8.21511e-05 0.00411753
5 -0.000456789 0.00369675
6 -0.000236769 0.00331947
7 0.000136501 0.00294043
8 0.000431426 0.00256844
9 0.000303746 0.00236753
10 0.000192283 0.0023309
11 0.000425452 0.00225913
12 0.000625097 0.00237094
13 0.00053658 0.00239254
14 0.000292144 0.00256062
15 0.000298801 0.00302833
16 0.000312817 0.00339693
17 0.000388198 0.00370676
18 0.000245892 0.0037235
19 -8.0082e-05 0.00372244
20 -0.00038389 0.0038802
21 -0.000562024 0.00387885
22 -0.000712547 0.00378693
23 -0.000658054 0.00371344
24 -0.000324508 0.00365624
25 -0.000599623 0.00364109
26 -0.000456717 0.00359275
27 -0.000473366 0.00363478
28 -0.000678266 0.00375582
29 -0.000994073 0.00388294
30 -0.00127423 0.00392676
31 -0.00152876 0.00410623
32 -0.00163002 0.00440525
33 -0.00169088 0.00484993
34 -0.00173738 0.00519636
35 -0.00162832 0.00536622
36 -0.00167101 0.00539724
37 -0.00166868 0.00522893
38 -0.00155963 0.00505124
39 -0.0015212 0.00493379
40 -0.0016187 0.00480114
41 -0.00148884 0.00485869
42 -0.00132567 0.00493851
43 -0.000953851 0.00498181
44 -0.000696508 0.00519899
45 -0.000446948 0.00524493
46 -0.000323884 0.00521779
47 -4.26724e-05 0.00532863
