0 -0.00094599 0.00639137
1 -0.000891157 0.00552038
2 -0.000756367 0.00476705
3 -0.000370115 0.0039961
4 -3.86926e-05 0.0035224
5 8.22187e-05 0.00295312
6 -5.41107e-05 0.00249346
7 -0.000374233 0.00222709
8 -0.000553435 0.00208935
9 -0.000573384 0.00186761
10 -0.000752686 0.00185038
11 -0.00076559 0.00181529
12 -0.000702588 0.00181476
13 -0.000550436 0.00178704
14 -0.000476388 0.00173418
15 -0.000466749 0.00166992
16 -0.000396141 0.00159945
17 -0.000477863 0.00143715
18 -0.000535084 0.00142064
19 -0.000576101 0.00169738
20 -0.000344428 0.00191515
21 0.000141921 0.00226046
22 0.000432661 0.00303618
23 0.000511537 0.00386684
24 0.000726997 0.00431231
25 0.000471806 0.00469953
26 0.000482453 0.00498505
27 0.000583951 0.00521351
28 0.000600214 0.00512357
29 0.000696919 0.00486145
30 0.000807507 0.00470937
31 0.000731255 0.00487771
32 0.000601235 0.00530518
33 0.00058632 0.0057624
34 0.000559134 0.00593792
35 0.000354655 0.00580986
36 0.000125587 0.00540273
37 0.000121193 0.00515424
38 9.80257e-05 0.00502256
39 -0.000166112 0.00506376
40 -0.000429793 0.00536245
41 -0.000556576 0.00548538
42 -0.000456581 0.00533517
43 -0.000292968 0.00525218
44 -0.000340251 0.00540032
45 -0.000582227 0.00573114
46 -0.000744178 0.00621276
47 -0.000817837 0.00646806
