0 0.00267497 0.0119366
1 0.00238147 0.012338
2 0.00167242 0.0122333
3 0.000951687 0.0128468
4 0.000337283 0.012931
5 -5.38705e-06 0.0124256
6 0.000353664 0.0118818
7 0.000502413 0.0108702
8 0.000842869 0.0106708
9 0.00111473 0.010479
10 0.00175939 0.0100356
11 0.00208578 0.00977921
12 0.00114769 0.00971819
13 2.86039e-05 0.00940814
14 -0.000510333 0.00935538
15 -0.00122467 0.00944023
16 -0.00183535 0.00958888
17 -0.00220544 0.00974588
18 -0.00247189 0.0098649
19 -0.00267282 0.0105439
20 -0.00272942 0.0111633
21 -0.00223856 0.0113445
22 -0.00122887 0.0119351
23 -0.000283555 0.0122387
24 0.000755222 0.0117182
25 0.00079397 0.0110143
26 0.000739116 0.0100391
27 0.000570788 0.00896911
28 0.000858873 0.00800547
29 0.000777099 0.007317
30 0.000786869 0.00691627
31 0.000621398 0.0065949
32 0.00030852 0.00652012
33 9.05013e-05 0.00652895
34 8.01216e-05 0.00664933
35 0.000189542 0.00645704
36 0.000347674 0.00616812
37 0.000598756 0.00593983
38 0.000958419 0.00619352
39 0.00132087 0.00658009
40 0.0013023 0.00697107
41 0.00110926 0.00743492
42 0.000855597 0.00827501
43 0.00073201 0.00875184
44 0.000976809 0.00861258
45 0.00122383 0.00881687
46 0.00178892 0.00913952
47 0.00269809 0.0102298
