0 -0.00133673 0.0076819
1 0.000984437 0.00713158
2 0.00207965 0.00626763
3 0.00230899 0.00643751
4 0.00175804 0.00648953
5 0.00135642 0.00699131
6 0.000858718 0.0073826
7 0.00027007 0.00722993
8 0.000221426 0.00639048
9 0.000338473 0.0056258
10 2.71025e-05 0.00509011
11 -9.41634e-05 0.00488836
12 -4.74095e-05 0.00505818
13 -0.000347259 0.00535935
14 -0.000587252 0.00555286
15 -0.000663009 0.0059653
16 -0.000778944 0.00686053
17 -0.000869795 0.00791298
18 -0.000980411 0.00865128
19 -0.000957017 0.00959338
20 -0.000989728 0.0105138
21 -0.00108095 0.0108012
22 -0.00111266 0.0106555
23 -0.00066727 0.010961
24 -0.000339794 0.0108958
25 0.000136646 0.0103185
26 0.000743347 0.0095009
27 0.00128953 0.00856819
28 0.00151199 0.00790229
29 0.00159601 0.00755326
30 0.00145523 0.00716657
31 0.00114614 0.00692342
32 0.000999672 0.00688052
33 0.00095576 0.00697428
34 0.000812236 0.00724933
35 0.000864071 0.00734139
36 0.000822759 0.00726077
37 0.000673731 0.00730257
38 0.00052919 0.00741954
39 0.000174655 0.00785869
40 -7.03152e-05 0.00813779
41 -0.000326403 0.00829155
42 -0.000655555 0.00836589
43 -0.000938119 0.00808465
44 -0.00114235 0.00783847
45 -0.00164075 0.00806177
46 -0.00177885 0.00826335
47 -0.00194722 0.00789509
