0 -0.000189115 0.0094893
1 -0.000687162 0.0120719
2 -0.00194331 0.0130317
3 -0.00265018 0.0130523
4 -0.00332219 0.0137932
5 -0.00347657 0.0145058
6 -0.00340643 0.0146622
7 -0.00379718 0.0149565
8 -0.00382264 0.0151099
9 -0.00340798 0.0152665
10 -0.00258171 0.0153279
11 -0.00147013 0.0152923
12 -0.000943326 0.0144293
13 -0.000519741 0.0136834
14 0.000215068 0.0137807
15 0.00101496 0.014394
16 0.00129997 0.0152191
17 0.00114363 0.016595
18 0.000903327 0.0187802
19 0.000383245 0.0200154
20 -0.000284163 0.019662
21 -0.000641809 0.0191893
22 -0.000521733 0.0188206
23 -0.000346628 0.0179951
24 -0.000657709 0.0163595
25 -0.000953817 0.014257
26 -0.000817005 0.0124195
27 -0.00064663 0.0105349
28 -0.00102343 0.00901188
29 -0.00171152 0.00769755
30 -0.00192668 0.00684505
31 -0.00168901 0.00639326
32 -0.00118409 0.00599369
33 -0.000798588 0.00582236
34 -0.000454779 0.0058795
35 -0.000348786 0.00579009
36 -0.000329296 0.00579011
37 -0.000132631 0.00575789
38 -1.52308e-05 0.00589247
39 -9.6614e-05 0.00597964
40 -0.000143969 0.00585286
41 -0.000338482 0.00574732
42 -0.000739169 0.00567818
43 -0.000813841 0.00603068
44 -0.000986873 0.00642854
45 -0.0012781 0.0070849
46 -0.00132362 0.00797374
47 -0.00132755 0.00887885
