0 0.00027267 0.00975616
1 -0.000624172 0.00897948
2 -0.000509402 0.00796666
3 -0.000418782 0.00754009
4 -0.000679094 0.00750083
5 -0.000860496 0.00758992
6 -0.000998931 0.0080337
7 -0.00104913 0.00841684
8 -0.000942141 0.00843331
9 -0.000378295 0.00810025
10 0.000358954 0.00812237
11 0.000418504 0.00843016
12 4.18334e-05 0.00830933
13 -0.000437923 0.00814383
14 -0.000864816 0.00818286
15 -0.00108609 0.00852626
16 -0.00111362 0.00934056
17 -0.000883565 0.0101346
18 -0.000659434 0.0108781
19 -0.000578701 0.0113897
20 -0.000604709 0.0112299
21 -0.00086528 0.011243
22 -0.00117852 0.0119234
23 -0.00138185 0.0126366
24 -0.00106221 0.0121316
25 -0.000893116 0.0106983
26 -0.000579978 0.00927333
27 -0.000459924 0.00778831
28 -0.000510338 0.00656032
29 -0.000712376 0.00563517
30 -0.000702411 0.00483741
31 -0.000612669 0.0045021
32 -0.000418728 0.00453964
33 -0.000292018 0.00472064
34 -0.000374064 0.00499689
35 -0.000673078 0.00548703
36 -0.00119895 0.00605825
37 -0.00154239 0.00669596
38 -0.00204877 0.00707386
39 -0.00273335 0.00708666
40 -0.00285645 0.00691208
41 -0.00269679 0.00666532
42 -0.00261132 0.00639239
43 -0.00226879 0.00617761
44 -0.00163684 0.00588931
45 -0.00122327 0.00633999
46 -0.000838844 0.00727589
47 -0.000659877 0.00877815
