0 -0.00248027 0.013431
1 -0.00244964 0.0133601
2 -0.00259222 0.0126278
3 -0.00230671 0.0121788
4 -0.00182598 0.0116627
5 -0.00145639 0.011154
6 -0.00109009 0.0108673
7 -0.000934964 0.0109476
8 -0.00105724 0.0109216
9 -0.00104878 0.0106063
10 -0.00091383 0.0101409
11 -0.000634592 0.00995172
12 -0.000162697 0.0100302
13 0.000412429 0.0098652
14 0.00103637 0.00969532
15 0.00154983 0.0098716
16 0.00187965 0.0107716
17 0.00182923 0.0121537
18 0.00158123 0.0134375
19 0.00146024 0.0146939
20 0.00120069 0.015664
21 0.000963883 0.0161193
22 0.000638238 0.016655
23 0.000527464 0.016636
24 0.00110093 0.0163299
25 0.000803429 0.01553
26 0.00104562 0.0146168
27 0.00146391 0.0141564
28 0.00142838 0.0132875
29 0.00124205 0.0122445
30 0.00100624 0.0115941
31 0.000826719 0.0115263
32 0.000811251 0.0115297
33 0.000747699 0.0114473
34 0.000615175 0.0111776
35 0.000523474 0.0105591
36 0.000351501 0.0100265
37 0.000237989 0.00983867
38 0.000142505 0.00964577
39 -1.58444e-05 0.00959958
40 -0.000130412 0.00986532
41 -5.67721e-05 0.0100388
42 -0.000114303 0.00997778
43 -0.000263919 0.0102723
44 -0.000618104 0.010225
45 -0.0013384 0.0111683
46 -0.00184721 0.0125521
47 -0.00209145 0.0134612
