0 0.000498678 0.00568776
1 8.4212e-05 0.00537198
2 -0.000628648 0.00479512
3 -0.000607861 0.00390586
4 -0.000487626 0.00356967
5 -0.000173463 0.00340405
6 0.000135644 0.0031001
7 0.000416117 0.00254993
8 0.000778935 0.00227662
9 0.000957623 0.00229704
10 0.000983289 0.0022368
11 0.0011611 0.0021563
12 0.00147699 0.00200602
13 0.00167002 0.00185793
14 0.00173653 0.00181625
15 0.00163431 0.00201273
16 0.00168117 0.0025189
17 0.00192721 0.00300773
18 0.00248717 0.00338095
19 0.00281926 0.00381733
20 0.00275582 0.00383681
21 0.00234481 0.00324536
22 0.0021266 0.00321084
23 0.00251623 0.00348042
24 0.00309003 0.00341853
25 0.00382323 0.00377755
26 0.00416191 0.00362952
27 0.0039586 0.00343784
28 0.00353059 0.00326687
29 0.00299304 0.00307873
30 0.00266118 0.00285667
31 0.00239358 0.00276831
32 0.0023301 0.00269531
33 0.00219436 0.00276524
34 0.00208947 0.00284074
35 0.00152375 0.00297478
36 0.000744759 0.00328809
37 0.000114313 0.00348679
38 6.63365e-05 0.00372682
39 0.000391472 0.00412277
40 0.000582641 0.00437128
41 0.000866611 0.00444123
42 0.0010142 0.004396
43 0.00110104 0.00455763
44 0.000870796 0.00500446
45 0.000811647 0.00564587
46 0.00116919 0.00606225
47 0.00110081 0.00594433
