0 -0.00241491 0.00706813
1 -0.00203735 0.0065025
2 -0.00121783 0.0061526
3 -0.000673013 0.00601724
4 -0.000353987 0.00618796
5 -0.000180293 0.00654976
6 3.19429e-05 0.00708783
7 0.000266908 0.00697435
8 0.000190258 0.00661676
9 0.00027312 0.00605776
10 0.000460196 0.00530179
11 0.000383635 0.00472623
12 0.000276733 0.00462011
13 -6.1724e-05 0.0044877
14 -0.000264303 0.00456421
15 -0.00042903 0.00478428
16 -0.000638677 0.00500012
17 -0.000711006 0.00543266
18 -0.000780991 0.00622773
19 -0.000893567 0.00704376
20 -0.00113731 0.00767933
21 -0.00134079 0.00834696
22 -0.00137054 0.00885667
23 -0.00138591 0.008953
24 -0.00158428 0.00888082
25 -0.0010251 0.0091188
26 -0.00100469 0.00908204
27 -0.000728141 0.00827716
28 -9.6124e-05 0.00736641
29 0.000326622 0.00664544
30 0.000495044 0.00629217
31 0.00055964 0.00601931
32 0.000753188 0.00570671
33 0.00116167 0.00597405
34 0.00128207 0.00634774
35 0.00131376 0.00624807
36 0.0011586 0.00614794
37 0.00103298 0.0063623
38 0.0008189 0.00696955
39 0.000490002 0.0071595
40 7.58896e-05 0.00708365
41 -0.00024119 0.00757864
42 -0.000541692 0.007793
43 -0.000716851 0.00727926
44 -0.000944984 0.00686224
45 -0.00137102 0.00650067
46 -0.00209013 0.00657204
47 -0.00279355 0.00685632
