0 0.00129567 0.00758917
1 0.00145666 0.00675183
2 0.000928639 0.00656503
3 0.000181202 0.0070868
4 -0.000184771 0.00761349
5 -0.000338266 0.00769776
6 -0.0004156 0.00778635
7 -0.000360272 0.0075192
8 -0.000375955 0.00743471
9 -0.000498993 0.0075209
10 -0.000711786 0.00744884
11 -0.000822457 0.00712469
12 -0.000834371 0.00698705
13 -0.00118931 0.00720252
14 -0.00142378 0.0074416
15 -0.00148217 0.0076499
16 -0.00125424 0.00777644
17 -0.00105742 0.00804289
18 -0.000768175 0.00813935
19 -0.000545 0.008681
20 -0.00033265 0.00915936
21 -0.000196216 0.00944082
22 -0.000210824 0.00993114
23 -0.000326795 0.010155
24 -0.000550752 0.0101279
25 6.57014e-05 0.0100954
26 0.000220937 0.00968209
27 -8.51939e-05 0.00879468
28 -0.000316771 0.00814914
29 -0.000285569 0.00751403
30 -0.000358101 0.00690035
31 -0.000480522 0.00646785
32 -0.000362802 0.00636583
33 0.000184961 0.00614866
34 0.000886003 0.00622903
35 0.00142088 0.00627613
36 0.00165428 0.00623705
37 0.00183926 0.00649088
38 0.00216596 0.00676414
39 0.00233821 0.00701386
40 0.00202186 0.00683229
41 0.00134277 0.00662806
42 0.00091625 0.00672707
43 0.000789503 0.00695896
44 0.00108827 0.00729752
45 0.00114553 0.00727537
46 0.00113554 0.00738995
47 0.00117481 0.00764377
