0 -0.00291133 0.0102661
1 -0.0018086 0.0108184
2 -0.00128278 0.011365
3 -0.00104421 0.0110872
4 -0.000755018 0.0110444
5 -0.000201183 0.010715
6 0.000608185 0.0113331
7 0.000934597 0.0108855
8 8.46256e-05 0.00899994
9 -0.000288084 0.0077959
10 -0.000368828 0.00727376
11 -0.000480153 0.00730326
12 -0.000700815 0.00757622
13 -0.000546683 0.00801289
14 -0.000549987 0.00825438
15 -0.000455527 0.00825757
16 -0.000248169 0.00810931
17 -0.000157145 0.00831969
18 -0.000287034 0.00834916
19 -0.000738742 0.00857236
20 -0.00098472 0.00873198
21 -0.00129025 0.00897808
22 -0.00180029 0.0097988
23 -0.00232742 0.0103256
24 -0.00270078 0.00988414
25 -0.0023652 0.00902259
26 -0.00220416 0.00840173
27 -0.00244956 0.00812187
28 -0.0026503 0.00783937
29 -0.00248483 0.00726039
30 -0.00220792 0.00676121
31 -0.00231603 0.00641181
32 -0.00255851 0.0062535
33 -0.0025036 0.00604047
34 -0.00233376 0.00625966
35 -0.0026123 0.00674499
36 -0.00291309 0.00728195
37 -0.00294482 0.00766616
38 -0.00253297 0.00728881
39 -0.00232986 0.00681562
40 -0.00224619 0.00661334
41 -0.00231929 0.00656176
42 -0.00235809 0.0062264
43 -0.00266306 0.00594778
44 -0.00310571 0.00631509
45 -0.00313718 0.0071343
46 -0.00310517 0.00813494
47 -0.00315239 0.00902969
