0 -0.00119663 0.0163965
1 -0.00140817 0.016511
2 -0.000901489 0.0151877
3 -0.000274987 0.0137561
4 -1.27501e-05 0.0126314
5 6.54723e-06 0.011954
6 0.00011023 0.0117026
7 0.00024768 0.0120206
8 0.000640913 0.012927
9 0.000958865 0.0132281
10 0.00109327 0.012574
11 0.0010185 0.0124377
12 0.000844551 0.0124307
13 0.00118511 0.0128454
14 0.00171457 0.0139878
15 0.00232615 0.0153547
16 0.00272834 0.0162127
17 0.00266116 0.0164702
18 0.00251521 0.0163611
19 0.00229572 0.0157847
20 0.00188582 0.0152365
21 0.00139921 0.0147141
22 0.000945878 0.0143701
23 0.000666432 0.0145411
24 0.000375269 0.0151402
25 0.000691445 0.0155618
26 0.000735169 0.0152245
27 0.00061421 0.014976
28 0.000529402 0.0150819
29 0.000313156 0.0147931
30 0.000119351 0.0135012
31 -1.05782e-05 0.0129911
32 3.18006e-05 0.0126592
33 0.00014753 0.0119245
34 0.00032384 0.0112139
35 0.000348278 0.0110199
36 0.000358687 0.0110188
37 0.000347762 0.0106342
38 0.000391712 0.0103616
39 7.44713e-05 0.0103225
40 -0.00037892 0.0105127
41 -0.000848715 0.010893
42 -0.00116136 0.0110702
43 -0.00177319 0.0116537
44 -0.00172995 0.0126772
45 -0.00116763 0.0136639
46 -0.001071 0.0150357
47 -0.00119441 0.0160861
