0 0.000105687 0.0045788
1 8.57733e-05 0.00459574
2 0.000118988 0.00482362
3 1.57257e-05 0.00417355
4 0.000230215 0.0036001
5 0.000548402 0.00328543
6 0.000441855 0.00302905
7 0.000187317 0.00307289
8 -0.000152762 0.0032021
9 -0.000469369 0.003231
10 -0.000705306 0.00341289
11 -0.000733931 0.00362243
12 -0.000677797 0.00380469
13 -0.000662222 0.00400063
14 -0.000605076 0.00416683
15 -0.00044291 0.00423172
16 -0.000181447 0.00439746
17 -6.06941e-06 0.00472943
18 1.94348e-06 0.00528468
19 0.000179495 0.00572662
20 0.000657632 0.00599423
21 0.00115503 0.00631354
22 0.00151331 0.00682083
23 0.00171501 0.0068997
24 0.00249282 0.0066729
25 0.00229599 0.00678968
26 0.00208138 0.00668581
27 0.00182367 0.00637837
28 0.00203311 0.00586281
29 0.00220998 0.00559713
30 0.00221808 0.00585163
31 0.00188553 0.00606907
32 0.00130799 0.00623577
33 0.000904234 0.00640204
34 0.000969617 0.00621264
35 0.00130645 0.00613279
36 0.00144968 0.00611373
37 0.00101405 0.00596632
38 0.000391523 0.0062051
39 -0.000202574 0.00634111
40 -0.000598998 0.00607602
41 -0.000564023 0.00599692
42 -0.000494427 0.00597984
43 -0.000671539 0.00617511
44 -0.000871594 0.00614636
45 -0.000759511 0.00592181
46 -0.000490624 0.00545036
47 -0.000242159 0.00480851
