0 0.00167696 0.00665147
1 0.00212168 0.00626483
2 0.0019268 0.0057232
3 0.00183488 0.00564881
4 0.00189025 0.00582083
5 0.00204896 0.00604874
6 0.00197477 0.00638838
7 0.00225511 0.00697622
8 0.00216428 0.00739994
9 0.00191218 0.00786184
10 0.00138952 0.00830451
11 0.000713955 0.00828779
12 0.000412222 0.0084203
13 0.000288047 0.00885798
14 0.000307331 0.00931305
15 0.000136247 0.00938783
16 -5.62945e-05 0.00915652
17 -0.000122431 0.00899403
18 6.43745e-05 0.00882481
19 0.00028225 0.00905521
20 0.000507678 0.00922231
21 0.000789532 0.00953301
22 0.000894133 0.0104165
23 0.00063862 0.0106919
24 0.00027972 0.0107436
25 -0.000169985 0.0105976
26 -0.000205236 0.00993299
27 -3.1926e-05 0.00892828
28 0.000330881 0.0081444
29 0.000640554 0.00768905
30 0.000614996 0.00706971
31 0.000221811 0.00641999
32 -0.000333781 0.00642601
33 -0.000780642 0.00665631
34 -0.00113259 0.00702918
35 -0.00143748 0.00714963
36 -0.0014474 0.00683639
37 -0.00130541 0.00657737
38 -0.00123453 0.0065863
39 -0.00136415 0.00664285
40 -0.00131117 0.00643342
41 -0.000976855 0.00632607
42 -0.000763023 0.00627789
43 -0.000385325 0.00632696
44 0.000293795 0.00637844
45 0.00100224 0.00613288
46 0.00140145 0.00582893
47 0.00160356 0.0061659
