0 -3.3479e-05 0.00578489
1 -0.00045714 0.0053185
2 -0.00072876 0.00449106
3 -0.000933941 0.00410746
4 -0.00117268 0.00378468
5 -0.00113212 0.00373919
6 -0.000863353 0.00375788
7 -0.000452473 0.00377423
8 -0.000171873 0.0038385
9 -0.00015127 0.00396342
10 -2.29261e-05 0.00404875
11 0.000124819 0.00411109
12 0.00020755 0.00450165
13 0.000299674 0.00466315
14 0.000377976 0.00467426
15 0.000445046 0.00472395
16 0.000495122 0.00471467
17 0.000507415 0.00469064
18 0.00049688 0.00472969
19 0.000557506 0.00493494
20 0.000615576 0.00512008
21 0.000527057 0.00549245
22 0.000413983 0.00570164
23 0.00025518 0.00579369
24 0.0001089 0.00598869
25 3.41183e-05 0.00592647
26 -2.66218e-05 0.0057077
27 -2.7719e-05 0.00559602
28 4.77316e-05 0.00556197
29 0.000184761 0.00558902
30 0.000220117 0.0056769
31 0.000182569 0.00574385
32 0.000121696 0.00595722
33 0.000197246 0.00634922
34 0.000150494 0.00661228
35 -1.0119e-05 0.00696537
36 -0.00030137 0.00759271
37 -0.000486319 0.00780439
38 -0.000473857 0.0077426
39 -0.000279527 0.00722911
40 2.28771e-06 0.00667133
41 7.20246e-05 0.00623024
42 0.000265732 0.00580305
43 0.000542349 0.00562119
44 0.000791642 0.00553219
45 0.000948367 0.00538769
46 0.000655703 0.00565888
47 0.00045062 0.00588953
