0 0.00216041 0.0178291
1 0.000223269 0.0174097
2 -2.32434e-05 0.015861
3 0.000165997 0.0146831
4 0.000480583 0.0134879
5 0.000239109 0.0124637
6 -0.000300807 0.0116685
7 -0.000679853 0.0110959
8 -0.00071984 0.0105571
9 -0.000933305 0.00994872
10 -0.000977431 0.00933763
11 -0.00107614 0.00918436
12 -0.00141288 0.00944331
13 -0.00172574 0.0103547
14 -0.00182901 0.0114879
15 -0.00162482 0.0114435
16 -0.00161595 0.0107352
17 -0.00174268 0.0100411
18 -0.0019202 0.00975146
19 -0.00223553 0.00992992
20 -0.00241181 0.00989015
21 -0.00214425 0.00981244
22 -0.00176095 0.0100668
23 -0.00143268 0.0104183
24 -0.000951656 0.0114278
25 -0.000642783 0.0127088
26 -0.000207585 0.013821
27 6.27088e-05 0.0139939
28 0.000551924 0.013155
29 0.0012759 0.0128146
30 0.0017948 0.0128718
31 0.00189268 0.0124712
32 0.00206141 0.0119055
33 0.00220686 0.0115328
34 0.00228322 0.011516
35 0.00274998 0.0115558
36 0.0032048 0.0110405
37 0.00359681 0.0107623
38 0.00356403 0.0106982
39 0.00339885 0.0106287
40 0.00336915 0.010802
41 0.00322369 0.0109117
42 0.00315241 0.0109504
43 0.00299578 0.0116293
44 0.00284211 0.0122536
45 0.00263304 0.0132416
46 0.00252613 0.0152248
47 0.00214403 0.0171398
