0 0.00167776 0.0123193
1 -0.00041537 0.0124956
2 -0.00157221 0.0120094
3 -0.00218832 0.0114836
4 -0.00256235 0.0105805
5 -0.0025494 0.00986318
6 -0.00243384 0.00926588
7 -0.00231206 0.009042
8 -0.0019775 0.00885416
9 -0.00165346 0.00870384
10 -0.00146437 0.00844167
11 -0.00111609 0.00796067
12 -0.000817532 0.00747416
13 -0.000792463 0.00706968
14 -0.000816823 0.00702231
15 -0.000497045 0.00726222
16 -0.000271593 0.00766099
17 0.000184928 0.00827727
18 0.000691503 0.00881318
19 0.00109403 0.00911894
20 0.00141375 0.00963204
21 0.00159554 0.0102789
22 0.00158382 0.0110718
23 0.00150623 0.0118666
24 0.00144514 0.0117503
25 0.00124392 0.0112321
26 0.0011354 0.0104315
27 0.00117181 0.00997742
28 0.00153665 0.00962244
29 0.00218242 0.00930589
30 0.00255767 0.00912585
31 0.00262188 0.00909935
32 0.00259355 0.00932414
33 0.00240988 0.00975325
34 0.00245951 0.0102519
35 0.00257608 0.010546
36 0.00230296 0.0101353
37 0.00182073 0.00973749
38 0.0014678 0.0097164
39 0.00120193 0.00940745
40 0.00117146 0.00879664
41 0.00159 0.00850288
42 0.00203244 0.00922571
43 0.00215357 0.0103858
44 0.00207403 0.0113697
45 0.00227118 0.0120166
46 0.00280003 0.0127471
47 0.00264449 0.0125963
