0 -0.000697333 0.00811238
1 -0.000940895 0.00717515
2 -0.000389824 0.00673408
3 0.000440911 0.00665456
4 0.00112991 0.00676935
5 0.0012426 0.00695099
6 0.00134882 0.00725591
7 0.00123944 0.0073799
8 0.000540736 0.00712535
9 -5.06173e-05 0.00681879
10 -0.000358229 0.00624739
11 -0.000572431 0.00555962
12 -0.000777085 0.00514924
13 -0.00101273 0.00480015
14 -0.00112447 0.00451661
15 -0.00116672 0.00428719
16 -0.00106214 0.004259
17 -0.000945167 0.00418467
18 -0.00077914 0.00442236
19 -0.000712147 0.00498198
20 -0.000514272 0.00560164
21 -0.0002186 0.00604163
22 2.95091e-05 0.00629012
23 0.000271025 0.00673736
24 0.000883639 0.00749221
25 0.000535553 0.00822985
26 0.000124433 0.00893229
27 -0.000195764 0.0094275
28 -6.89845e-06 0.00931165
29 0.000248921 0.00892206
30 0.00030222 0.00859906
31 0.000105607 0.00820946
32 -0.000295982 0.00719424
33 -0.000164085 0.00626412
34 -0.000150436 0.00572405
35 -0.000287025 0.00550891
36 -0.0004893 0.00516611
37 -0.000754649 0.00480183
38 -0.00105065 0.00452996
39 -0.00117248 0.00477667
40 -0.00110363 0.00570041
41 -0.00123237 0.00621925
42 -0.00144574 0.00647086
43 -0.00205072 0.00720915
44 -0.0023934 0.00783991
45 -0.00226668 0.0087846
46 -0.00196126 0.00906906
47 -0.00128504 0.00848753
