0 -0.00335761 0.00761987
1 -0.00335866 0.00704152
2 -0.00319048 0.00648761
3 -0.00252207 0.00594686
4 -0.00160175 0.00554577
5 -0.000816698 0.00517993
6 -3.37755e-05 0.0047025
7 0.000503254 0.00461594
8 0.000474373 0.00505688
9 0.000408628 0.00554237
10 0.000431524 0.00615238
11 0.000506994 0.00665537
12 0.000764207 0.00721266
13 0.00083197 0.00746337
14 0.000514436 0.00764114
15 0.000214834 0.00762801
16 -1.79011e-05 0.00754741
17 -0.000606994 0.00751797
18 -0.00090836 0.00742061
19 -0.00084062 0.00735223
20 -0.000570718 0.00760863
21 -0.000264346 0.00805121
22 0.000337001 0.00850074
23 0.00112767 0.00872709
24 0.000877964 0.00872586
25 0.00105883 0.00826779
26 0.00052765 0.00772971
27 0.000100285 0.00745452
28 -0.000169163 0.00719782
29 -0.000626134 0.00719286
30 -0.00114194 0.00731458
31 -0.00154786 0.00740424
32 -0.00194469 0.00725869
33 -0.00221119 0.00756635
34 -0.00216677 0.00785614
35 -0.0020571 0.00756183
36 -0.00216937 0.00722028
37 -0.00210674 0.00710677
38 -0.00207728 0.00683062
39 -0.00192903 0.00660997
40 -0.00165074 0.00665085
41 -0.00140018 0.00722486
42 -0.00146089 0.00787252
43 -0.00156117 0.00873393
44 -0.00156154 0.00946035
45 -0.00175201 0.00937809
46 -0.00232379 0.00856346
47 -0.00306319 0.00778414
