0 -0.000149979 0.00677662
1 -0.000245814 0.00658252
2 5.85272e-06 0.00615617
3 0.00018982 0.00550093
4 0.00046152 0.00517246
5 0.000929118 0.0051358
6 0.0012923 0.00507629
7 0.00143323 0.00512368
8 0.00130844 0.00503571
9 0.00106563 0.00482615
10 0.000958636 0.00462622
11 0.000948456 0.00451679
12 0.000688332 0.00421747
13 0.000473103 0.00394702
14 0.000339983 0.00383572
15 0.000132314 0.00391059
16 -2.24332e-05 0.00399335
17 3.73503e-05 0.00403371
18 5.30182e-05 0.00416554
19 -1.33794e-05 0.00438803
20 -6.0896e-05 0.00438381
21 -9.57745e-05 0.00436067
22 -0.000253077 0.00435962
23 -0.000401279 0.00458414
24 -0.000532116 0.00493595
25 -0.000577134 0.00511341
26 -0.00052602 0.00512025
27 -0.000477607 0.00498519
28 -0.000534516 0.00499305
29 -0.000575276 0.00513326
30 -0.000576912 0.00509222
31 -0.000655124 0.005032
32 -0.000732863 0.00497471
33 -0.000824701 0.00519203
34 -0.000911747 0.00543593
35 -0.000878928 0.00557711
36 -0.000805088 0.00571924
37 -0.000867375 0.00603174
38 -0.00107012 0.00642092
39 -0.00114878 0.00669832
40 -0.00102179 0.00684962
41 -0.000974897 0.00675653
42 -0.000884397 0.00657417
43 -0.000578575 0.00663385
44 -0.000174925 0.00688413
45 -3.06567e-05 0.00697312
46 -4.46684e-05 0.00675842
47 -0.000269212 0.00670519
