0 0.00222906 0.0113656
1 0.00278671 0.0123423
2 0.00255684 0.0128388
3 0.00223075 0.0120336
4 0.00214803 0.0114494
5 0.0020152 0.0107773
6 0.00214759 0.010712
7 0.00245967 0.0105312
8 0.00248287 0.0100123
9 0.00192011 0.00932119
10 0.0014449 0.00918648
11 0.00119007 0.00923912
12 0.000901984 0.00963887
13 0.000890918 0.00972315
14 0.00102577 0.00987078
15 0.00112751 0.00975253
16 0.00124429 0.0098384
17 0.0012263 0.0104086
18 0.00110909 0.0108869
19 0.000905343 0.0110158
20 0.000608524 0.0109315
21 0.000397739 0.0109297
22 1.47879e-05 0.0106289
23 -0.000381174 0.0103971
24 -0.000931151 0.0101759
25 -0.000848526 0.00999995
26 -0.000926497 0.010122
27 -0.00101102 0.00916332
28 -0.000967071 0.00794495
29 -0.000961271 0.0069463
30 -0.000910536 0.00633179
31 -0.000859263 0.00602221
32 -0.000890975 0.00576275
33 -0.000826581 0.00558223
34 -0.000823194 0.00563555
35 -0.000903136 0.00580834
36 -0.000879137 0.00616346
37 -0.000698545 0.00665521
38 -0.000674986 0.00717169
39 -0.000713149 0.0075025
40 -0.000578316 0.00778535
41 -0.000118546 0.00808128
42 0.000240956 0.00883227
43 0.000287351 0.00951915
44 0.000502138 0.00985483
45 0.000779663 0.0100069
46 0.00103349 0.0100356
47 0.00142175 0.0104716
