0 0.00267121 0.00671986
1 0.000611297 0.006995
2 -0.000142344 0.0071432
3 -0.000231207 0.00725111
4 -3.51026e-05 0.00768617
5 0.000328211 0.0077131
6 0.000414042 0.00753116
7 0.000108614 0.00766951
8 -0.000179959 0.00763499
9 -0.000278406 0.00772931
10 -0.000304122 0.00810026
11 -0.000599349 0.00824192
12 -0.00144449 0.00846325
13 -0.001768 0.00892496
14 -0.00198387 0.00849539
15 -0.00216681 0.00820843
16 -0.00192846 0.00749403
17 -0.00148159 0.00699562
18 -0.00110059 0.00688133
19 -0.000868757 0.00611115
20 -0.000743257 0.00536184
21 -0.000456841 0.00485357
22 -0.000246371 0.00493373
23 0.000186323 0.00505032
24 0.000790852 0.00492195
25 0.00120286 0.00424705
26 0.00119188 0.00395742
27 0.00142917 0.00402434
28 0.00163414 0.0043622
29 0.00176554 0.00442282
30 0.00187766 0.00433507
31 0.00218527 0.00399021
32 0.00230634 0.00375027
33 0.00220993 0.00346968
34 0.00202163 0.00343636
35 0.00194523 0.00337503
36 0.00177169 0.00314556
37 0.00200156 0.00312385
38 0.00262206 0.00309019
39 0.003288 0.00319497
40 0.00369056 0.00325272
41 0.00418647 0.00386645
42 0.00442224 0.00455013
43 0.00402306 0.00485538
44 0.00393155 0.00506655
45 0.00421604 0.00558959
46 0.00418199 0.00617496
47 0.00396279 0.00699107
