0 0.000546648 0.00284113
1 0.000404357 0.00272457
2 0.000292042 0.00278161
3 0.000331815 0.00287144
4 0.000264984 0.00256182
5 0.000175422 0.00248267
6 0.000130852 0.00264243
7 0.000222658 0.00276767
8 0.000198301 0.00280754
9 0.000411551 0.00304692
10 0.000706936 0.00356483
11 0.000912267 0.00397002
12 0.000978036 0.00441676
13 0.000695723 0.00467897
14 0.000278517 0.00446307
15 -1.54547e-05 0.00446665
16 -0.000346624 0.00433333
17 -0.000497248 0.00388925
18 -0.000763077 0.00348933
19 -0.00115716 0.00313212
20 -0.00156217 0.0027892
21 -0.00199923 0.00263424
22 -0.00226203 0.00262096
23 -0.00217005 0.00275143
24 -0.00199548 0.00310747
25 -0.00189134 0.00286681
26 -0.00161435 0.00304466
27 -0.00108461 0.00324456
28 -0.000850896 0.00339381
29 -0.000604265 0.00333629
30 -0.000222861 0.00326389
31 0.000123685 0.0030919
32 0.000537017 0.00294615
33 0.00119299 0.00304659
34 0.00161621 0.00292561
35 0.00190978 0.00291457
36 0.00201902 0.00268427
37 0.00129313 0.00210426
38 0.000676311 0.00163767
39 0.000693968 0.00136093
40 0.000744074 0.0015269
41 0.000574594 0.00199185
42 0.00033563 0.00241252
43 0.000304989 0.00308014
44 5.96138e-05 0.00368436
45 -0.000189209 0.00408142
46 4.21102e-05 0.00415402
47 0.000109705 0.00376373
