0 0.000340457 0.00304174
1 -0.000388657 0.00315658
2 -4.64541e-05 0.00256796
3 0.000338674 0.00190648
4 0.000534248 0.0016824
5 0.000654358 0.00184254
6 0.000640568 0.00185549
7 0.000406117 0.00192512
8 0.000165506 0.00193431
9 -0.000101541 0.00183168
10 3.65204e-07 0.00176975
11 0.000149104 0.00177811
12 0.000169775 0.00158874
13 5.24968e-05 0.00173075
14 -0.00034711 0.00196925
15 -0.000842866 0.00197336
16 -0.00130556 0.00216265
17 -0.00153905 0.00226664
18 -0.00176469 0.00245098
19 -0.0020403 0.00262068
20 -0.00191338 0.00273547
21 -0.00147404 0.00314754
22 -0.000819827 0.00360531
23 -0.000309207 0.0037481
24 0.000704899 0.00446733
25 0.00108602 0.00447501
26 0.000990073 0.00410886
27 0.000587337 0.00359494
28 0.000964808 0.00326671
29 0.00171086 0.00338696
30 0.00240385 0.00346551
31 0.00259767 0.00300072
32 0.00287391 0.00265571
33 0.00293259 0.00258737
34 0.0022929 0.00255658
35 0.00180105 0.00249476
36 0.00127461 0.00230599
37 0.000789672 0.00243697
38 0.000287726 0.00252158
39 0.000176939 0.00238137
40 0.000483987 0.00206921
41 0.000745977 0.00181699
42 0.000881602 0.00168983
43 0.000845255 0.00175105
44 0.000849784 0.00188792
45 0.000609651 0.00192383
46 0.000379916 0.00226946
47 0.000148464 0.00273369
