0 0.00357171 0.00561558
1 0.00285297 0.0058537
2 0.00230779 0.00572604
3 0.00159002 0.00601857
4 0.000941831 0.00623734
5 0.000268294 0.00642681
6 -0.000300597 0.00638259
7 -0.00080882 0.00593647
8 -0.00110317 0.00568537
9 -0.00115753 0.00538131
10 -0.000874394 0.0050242
11 -6.20546e-05 0.00489075
12 0.000657624 0.00510217
13 0.000858438 0.00557155
14 0.000599612 0.00592201
15 4.49903e-05 0.00659647
16 -0.000808408 0.00752781
17 -0.00122633 0.00804104
18 -0.000949931 0.0083721
19 -0.000940657 0.0089372
20 -0.00103414 0.00888632
21 -0.00111052 0.00876128
22 -0.00154784 0.00881736
23 -0.0020299 0.0086579
24 -0.0020881 0.0088523
25 -0.00173929 0.00859363
26 -0.00094216 0.00767572
27 -8.68238e-05 0.00606709
28 0.000336534 0.00458397
29 0.000352179 0.00361105
30 6.06585e-05 0.00305236
31 -0.000655553 0.00288159
32 -0.00137818 0.0031965
33 -0.00147174 0.00358199
34 -0.00148931 0.00404044
35 -0.00134254 0.00457293
36 -0.0012269 0.00490248
37 -0.00121757 0.00503662
38 -0.000915277 0.004893
39 -0.000203543 0.00446879
40 0.00021468 0.00416453
41 0.000382268 0.00422959
42 0.000798097 0.00445881
43 0.00124401 0.00476312
44 0.00151227 0.00496859
45 0.00207192 0.00486949
46 0.0029835 0.00489431
47 0.00382277 0.00513949
