0 0.00166733 0.00709473
1 0.00257702 0.00618428
2 0.00282635 0.00496524
3 0.00216776 0.00364084
4 0.00127563 0.00292866
5 0.00032333 0.00271513
6 -0.000397661 0.00285101
7 -0.00110741 0.00296668
8 -0.00154284 0.00306954
9 -0.00167439 0.00362113
10 -0.00186007 0.00392522
11 -0.00194517 0.00380962
12 -0.0020171 0.00367443
13 -0.00203752 0.00355664
14 -0.00213622 0.00360413
15 -0.00198276 0.0036953
16 -0.00190626 0.0038445
17 -0.00170149 0.00437075
18 -0.00140626 0.00515704
19 -0.000793445 0.00628217
20 -0.000385917 0.00740532
21 -6.16248e-05 0.00830138
22 0.000266324 0.0087624
23 0.000554674 0.00879588
24 0.00120874 0.00927254
25 0.00123038 0.00927587
26 0.00120795 0.00961167
27 0.0011965 0.00992053
28 0.0015471 0.0102446
29 0.00220409 0.00993666
30 0.00239325 0.00926067
31 0.00208406 0.00844673
32 0.00179718 0.00817432
33 0.00132539 0.00798069
34 0.00108488 0.00813148
35 0.000666694 0.00814295
36 -4.89828e-05 0.00748607
37 -0.000508957 0.00710385
38 -0.000994262 0.00698363
39 -0.00102086 0.00708693
40 -0.000958981 0.00673679
41 -0.00075614 0.00680494
42 -0.000379677 0.00725352
43 5.38195e-05 0.00744671
44 0.00088856 0.00793985
45 0.00160349 0.00829047
46 0.00187899 0.00808574
47 0.00148429 0.00792913
