0 0.00131655 0.00848195
1 0.00132579 0.00864971
2 0.000768364 0.00848871
3 0.000368368 0.00841644
4 -5.16621e-05 0.00848085
5 -0.00054066 0.00826243
6 -0.000902766 0.00800612
7 -0.000921577 0.00756345
8 -0.00102273 0.00720381
9 -0.00131719 0.00711337
10 -0.00135411 0.00741898
11 -0.00122412 0.00760225
12 -0.000987773 0.00771189
13 -0.000784964 0.00763427
14 -0.000542156 0.00746009
15 -0.000295788 0.00769745
16 -2.05495e-05 0.00833705
17 0.000264869 0.00910319
18 0.000417048 0.00948963
19 0.000567265 0.00994027
20 0.000711783 0.0101779
21 0.000627105 0.0100179
22 0.000626216 0.00984156
23 0.000771616 0.0101216
24 0.000641821 0.0105878
25 0.000689809 0.0105422
26 0.000769162 0.0103726
27 0.000729765 0.0102376
28 0.00065355 0.00971678
29 0.000458382 0.00921895
30 0.000322044 0.00855426
31 0.000175046 0.00807074
32 -4.59327e-05 0.00734187
33 -0.000223112 0.00653617
34 -0.000267747 0.00579943
35 -0.000237175 0.00518899
36 -8.55985e-05 0.00472241
37 8.24507e-05 0.00440357
38 9.04319e-05 0.00416994
39 0.000353995 0.00413534
40 0.000620845 0.00434796
41 0.000617325 0.00475874
42 0.000449623 0.00512365
43 0.000450593 0.00557674
44 0.000580983 0.00613946
45 0.000750801 0.00649396
46 0.00112159 0.0069906
47 0.00134707 0.00753491
