0 -0.00245443 0.0142298
1 -0.00238004 0.0138681
2 -0.00237644 0.0122976
3 -0.00233641 0.0111466
4 -0.00206284 0.0103569
5 -0.00180249 0.00953707
6 -0.00128224 0.00864603
7 -0.000809101 0.00834044
8 -0.000299612 0.0081937
9 0.000227861 0.00793347
10 0.000520204 0.00771533
11 0.000853508 0.00810938
12 0.00100486 0.00886656
13 0.00102127 0.0098886
14 0.000895891 0.010308
15 0.000694543 0.0104861
16 0.000676204 0.0101323
17 0.000801682 0.0100442
18 0.000697441 0.0100046
19 0.000382287 0.0102847
20 6.33445e-05 0.0104704
21 -0.000311038 0.0113439
22 -0.000579287 0.0128872
23 -0.00121405 0.0140994
24 -0.00173584 0.0143207
25 -0.00249709 0.0141428
26 -0.00288639 0.0139267
27 -0.00278793 0.0132597
28 -0.00265775 0.0128815
29 -0.00265122 0.0123164
30 -0.00232964 0.01172
31 -0.00217694 0.01112
32 -0.00218851 0.0102314
33 -0.00240785 0.00950076
34 -0.00296591 0.00903563
35 -0.00272722 0.00824912
36 -0.00235672 0.00785788
37 -0.00196834 0.00749356
38 -0.00203416 0.00777207
39 -0.00252822 0.0082482
40 -0.00236676 0.00870208
41 -0.0020478 0.0094579
42 -0.00236599 0.0103829
43 -0.0028052 0.0116452
44 -0.00291112 0.0131246
45 -0.00293217 0.0144046
46 -0.0027067 0.0145856
47 -0.00294106 0.0151573
