0 0.000531818 0.00343141
1 0.000853125 0.00383585
2 0.000719028 0.00381504
3 0.000556038 0.00378055
4 0.000656981 0.00373557
5 0.000673394 0.00358746
6 0.000517928 0.00332746
7 0.000300216 0.00329894
8 5.54025e-05 0.00345524
9 -0.000106795 0.00368593
10 -0.000209297 0.00364632
11 -3.24907e-05 0.00353745
12 0.000196873 0.00350157
13 0.00044507 0.00361406
14 0.00069609 0.00375095
15 0.000724216 0.00390623
16 0.000641803 0.00400388
17 0.000523372 0.00407057
18 0.000388964 0.00416679
19 0.000201351 0.00418925
20 -6.36368e-05 0.00411576
21 -0.000453677 0.00420335
22 -0.000615129 0.00432051
23 -0.000477233 0.00436073
24 -0.000390681 0.00417501
25 -0.000391819 0.00414266
26 -0.000324784 0.00420999
27 -0.000234846 0.00432331
28 -0.000129873 0.0041819
29 -0.00012601 0.00384402
30 -0.000191411 0.00337714
31 -0.000180841 0.00301513
32 0.000110635 0.00270858
33 0.00039518 0.00243203
34 0.000495769 0.00219446
35 0.000555693 0.00214163
36 0.000536919 0.00220315
37 0.000472407 0.00220544
38 0.00041523 0.00211888
39 0.000336855 0.0020716
40 0.000273522 0.00204593
41 0.000242814 0.00214191
42 0.000401335 0.00227673
43 0.000368387 0.00259187
44 0.000148732 0.00300877
45 -3.94493e-05 0.00315557
46 0.000140367 0.00313952
47 0.000408718 0.00314633
