0 0.00348523 0.00808669
1 0.00311555 0.00785314
2 0.00239545 0.00741077
3 0.00209068 0.00680362
4 0.0019214 0.00624278
5 0.00172332 0.00566111
6 0.00140828 0.00508947
7 0.00124473 0.00461421
8 0.0012647 0.00448388
9 0.00132401 0.00431598
10 0.00125414 0.00435102
11 0.000876168 0.00452665
12 0.000265457 0.00470676
13 -0.000429645 0.00514906
14 -0.000814981 0.00572122
15 -0.000782971 0.00642404
16 -0.000571429 0.00710421
17 -0.000162759 0.00767529
18 0.000151043 0.00806356
19 0.000335466 0.00835691
20 0.0001513 0.00864475
21 -0.000191792 0.00877604
22 -0.000517359 0.00919958
23 -0.00090709 0.00971688
24 -0.00134768 0.00992372
25 -0.00147859 0.00962491
26 -0.00166674 0.00920357
27 -0.00156053 0.00926278
28 -0.00159573 0.00931842
29 -0.00155104 0.00899024
30 -0.00130427 0.00886643
31 -0.00118635 0.00866867
32 -0.000887754 0.00824208
33 -0.000508738 0.00807171
34 -0.000170943 0.00794528
35 0.000178466 0.00791255
36 0.000371936 0.00803972
37 0.000637147 0.0082773
38 0.000629219 0.00863599
39 0.000665673 0.0092178
40 0.000775536 0.00930752
41 0.000923086 0.00898326
42 0.000581657 0.00848786
43 0.000411645 0.00817419
44 0.000378996 0.00790793
45 0.000599753 0.00791451
46 0.000990997 0.00838593
47 0.00207616 0.00855641
