0 -0.000897297 0.00316634
1 -0.000352072 0.00386211
2 -0.000239784 0.0041101
3 -0.000401527 0.0041076
4 -0.000426779 0.00407268
5 -0.000113267 0.00398336
6 7.60989e-05 0.00381597
7 1.21162e-05 0.00355039
8 -2.9321e-05 0.00355477
9 -5.17514e-05 0.00355959
10 -1.82201e-05 0.00347187
11 3.4068e-05 0.00359821
12 4.88293e-05 0.00374382
13 -8.91367e-05 0.00389424
14 -3.91961e-05 0.00419454
15 -0.000112529 0.00415344
16 -0.000164259 0.00405795
17 -8.94346e-05 0.00409581
18 -0.000122902 0.00446443
19 -3.22955e-05 0.00453674
20 -0.000105176 0.00454419
21 -8.32471e-05 0.00459481
22 0.000167905 0.00475908
23 0.000476258 0.00498409
24 0.000482441 0.00542474
25 0.000412944 0.00492363
26 0.000369005 0.00446471
27 0.000293208 0.00402436
28 0.000247367 0.00364555
29 0.000243132 0.00336554
30 3.96844e-05 0.00325535
31 -9.89438e-05 0.00323966
32 -6.91032e-05 0.00335819
33 7.65683e-05 0.00351216
34 0.000176266 0.00349647
35 0.000480539 0.00346137
36 0.000669852 0.00333956
37 0.000793673 0.00309607
38 0.000833137 0.00293867
39 0.000521219 0.002646
40 -7.29483e-05 0.00229765
41 -0.000558486 0.00186674
42 -0.00088444 0.00157959
43 -0.00124455 0.00151726
44 -0.00145738 0.00157052
45 -0.00156324 0.00186036
46 -0.00149292 0.00228923
47 -0.0013615 0.00277379
