0 -0.000970766 0.0105224
1 -0.0014981 0.0106909
2 -0.00215827 0.0105673
3 -0.00280839 0.0111947
4 -0.00298688 0.0117209
5 -0.00264982 0.011454
6 -0.00205209 0.011078
7 -0.00126953 0.0111743
8 -0.000448096 0.0114121
9 0.000411747 0.0116534
10 0.00086672 0.0113656
11 0.00103322 0.0106889
12 0.000912359 0.01014
13 0.000976332 0.00969175
14 0.00086742 0.00925537
15 0.000563847 0.00905043
16 0.00036199 0.00905287
17 0.000296482 0.00871282
18 0.00033285 0.00900193
19 0.000381739 0.00973801
20 0.000487926 0.0106138
21 0.000383328 0.0111865
22 0.000377543 0.0118344
23 0.000427794 0.0123538
24 0.000438823 0.0120699
25 0.000384042 0.0115805
26 0.000288378 0.0109971
27 0.000203902 0.0102713
28 -9.32111e-06 0.00953431
29 -0.000329482 0.00894671
30 -0.000489763 0.00880474
31 -0.000627129 0.00892678
32 -0.000756641 0.00917492
33 -0.0007434 0.0093067
34 -0.000461721 0.00922043
35 -0.000275244 0.00892179
36 -0.000345853 0.00875184
37 -0.000345799 0.00875484
38 -0.000267058 0.00869594
39 0.000245181 0.00863839
40 0.000827347 0.00861712
41 0.0015985 0.00860957
42 0.00200622 0.0087692
43 0.00203994 0.00935952
44 0.00158631 0.0098089
45 0.00115766 0.00991001
46 0.000604508 0.0100595
47 -0.000401096 0.0105604
