0 -0.00107819 0.009914
1 -0.000811789 0.00875211
2 -0.000402882 0.00726302
3 -0.000463495 0.00614918
4 -0.000688053 0.00526361
5 -0.00063873 0.00449451
6 -0.000765025 0.0039447
7 -0.00108253 0.00330935
8 -0.0012597 0.00291831
9 -0.00113123 0.00282605
10 -0.000767365 0.00288964
11 -0.000721672 0.0034428
12 -0.00101669 0.00368683
13 -0.00104391 0.00343086
14 -0.000794777 0.0031206
15 -0.000441896 0.003228
16 6.12414e-06 0.00346597
17 0.000546528 0.0036906
18 0.00084186 0.00417939
19 0.000926629 0.00467167
20 0.000774165 0.00488768
21 0.000761936 0.0050647
22 0.000763982 0.0049188
23 0.000695135 0.00476688
24 0.000282904 0.00450802
25 0.00021029 0.0046671
26 3.09719e-05 0.00461448
27 3.66182e-05 0.00428293
28 5.36773e-05 0.00389621
29 0.000161436 0.00342284
30 0.000194896 0.0031915
31 0.000191011 0.00294371
32 0.000186444 0.00299158
33 0.000197591 0.00296876
34 0.000131935 0.00288157
35 4.93832e-05 0.00291838
36 -0.00020795 0.0029891
37 -0.000711397 0.00309039
38 -0.000913413 0.00366618
39 -0.000588443 0.00428885
40 -0.000162501 0.00499464
41 0.000176573 0.00545019
42 0.000403094 0.00545628
43 0.000292517 0.00511908
44 -0.000420011 0.00527558
45 -0.00115325 0.00628168
46 -0.00190314 0.00769405
47 -0.00198545 0.00910832
