0 0.00396483 0.0224871
1 0.00504526 0.0232326
2 0.00464808 0.0228506
3 0.00377922 0.0224974
4 0.00281419 0.0219277
5 0.0016627 0.0209664
6 0.000937626 0.0206073
7 0.000731838 0.0202823
8 0.000588992 0.0202064
9 0.000831655 0.0194564
10 0.00135592 0.0194659
11 0.00193124 0.0193249
12 0.00221417 0.0186729
13 0.00247132 0.0183343
14 0.00245349 0.0179371
15 0.00264315 0.0181375
16 0.00290373 0.01913
17 0.00301118 0.0198504
18 0.00330156 0.0213473
19 0.00348817 0.0230413
20 0.00360017 0.0242204
21 0.00375004 0.0243517
22 0.00378058 0.0251257
23 0.00378385 0.0259347
24 0.00283436 0.024742
25 0.0025319 0.0218738
26 0.00231195 0.0196109
27 0.00222903 0.018003
28 0.00184928 0.0164684
29 0.00115129 0.0148764
30 0.000358152 0.0139896
31 0.000120775 0.0127977
32 0.000392258 0.0113011
33 0.000630523 0.0102695
34 0.000876791 0.0100826
35 0.00100947 0.0102089
36 0.000963027 0.0104024
37 0.000834885 0.010614
38 0.00111691 0.0108127
39 0.00175663 0.0110089
40 0.00256387 0.0114456
41 0.00313868 0.0119985
42 0.00365562 0.0122057
43 0.0040149 0.0126398
44 0.00409146 0.0139826
45 0.00436326 0.0158606
46 0.00421177 0.0181495
47 0.00416955 0.02058
