0 -0.00184603 0.0114007
1 -0.00239854 0.0111434
2 -0.00233016 0.0108375
3 -0.00226183 0.0102923
4 -0.00202696 0.0092679
5 -0.00157309 0.00859152
6 -0.00109608 0.00845024
7 -0.000901785 0.00814967
8 -0.000855492 0.00773421
9 -0.000665129 0.00737506
10 -0.00033134 0.00728876
11 -0.000273502 0.00724064
12 -0.000407837 0.0073329
13 -0.000487547 0.00762761
14 -0.000715809 0.00808657
15 -0.000996725 0.0082713
16 -0.00128026 0.00828939
17 -0.00157778 0.00850366
18 -0.001756 0.00902393
19 -0.00175221 0.00947829
20 -0.00167969 0.00973482
21 -0.001557 0.0100882
22 -0.00147107 0.00980138
23 -0.00130449 0.00930438
24 -0.000894469 0.0089468
25 -0.000826252 0.00886698
26 -0.000719254 0.00864883
27 -0.000640455 0.00818303
28 -0.000502103 0.00749636
29 -0.000209621 0.00663376
30 3.15885e-05 0.00622296
31 0.000145038 0.00620453
32 0.00019867 0.00645397
33 0.000272904 0.00652118
34 0.00032365 0.0064349
35 0.000285789 0.00640036
36 0.000360822 0.00638383
37 0.00079784 0.00640141
38 0.00117841 0.00665014
39 0.00102313 0.00705179
40 0.000605928 0.00770156
41 0.000283034 0.00805003
42 8.79464e-06 0.00845429
43 -0.000188183 0.00897855
44 -0.000400145 0.00918266
45 -0.000637728 0.009708
46 -0.000936503 0.0105121
47 -0.0015047 0.0112638
