0 0.0016299 0.0022632
1 0.000623186 0.00237869
2 0.000291687 0.00239252
3 0.000360466 0.00260315
4 0.000325364 0.00264578
5 0.000328722 0.00255396
6 0.000365048 0.00238862
7 0.000280861 0.00241695
8 7.38598e-05 0.00270661
9 -0.000194286 0.00313039
10 -0.000397837 0.00338538
11 -0.000599274 0.00352241
12 -0.000465718 0.00353553
13 -0.000115148 0.00317597
14 7.93061e-05 0.00280544
15 7.52414e-05 0.00258912
16 -1.88131e-05 0.00242815
17 -0.000260231 0.00241318
18 -0.000404216 0.00242285
19 -0.000333471 0.00253958
20 -0.00018585 0.00248355
21 -0.000201581 0.0025324
22 -0.000526391 0.00294967
23 -0.000705532 0.00348902
24 -0.000701636 0.00381858
25 -0.00101149 0.00432374
26 -0.000788336 0.00444074
27 -0.000557006 0.00426049
28 -0.000571861 0.00389994
29 -0.000642708 0.00346007
30 -0.000567994 0.00327043
31 -0.000272726 0.00309178
32 -9.20647e-05 0.00280001
33 2.68935e-05 0.00247846
34 0.000250339 0.00212393
35 4.38695e-05 0.0020112
36 -0.000299996 0.00223615
37 -0.000455107 0.00254754
38 -0.000556542 0.00269803
39 -0.000624117 0.00265573
40 -0.000438368 0.00250103
41 -5.46592e-05 0.00251903
42 0.000371478 0.0024742
43 0.00104712 0.0021629
44 0.00175438 0.00215888
45 0.00222675 0.00226587
46 0.00230247 0.00235216
47 0.0020809 0.00242555
