0 0.000486864 0.00231796
1 0.000710186 0.00238372
2 0.000666692 0.00225628
3 0.000298481 0.00215764
4 -0.000202238 0.00221935
5 -0.000471358 0.0020765
6 -0.00022773 0.00181961
7 0.000206095 0.00152236
8 0.000567041 0.00124715
9 0.000568849 0.00113942
10 0.00049135 0.00113149
11 0.000670394 0.0011515
12 0.00084354 0.00135359
13 0.000731304 0.00139808
14 0.000498785 0.00150564
15 0.000521885 0.00188251
16 0.00058519 0.00217532
17 0.000695797 0.00235738
18 0.000554978 0.0023843
19 0.000233301 0.0024027
20 -5.10508e-05 0.00247362
21 -0.000285012 0.00236678
22 -0.000446268 0.00221605
23 -0.000391645 0.00206615
24 -9.39649e-05 0.0019832
25 -0.000203052 0.00186721
26 -1.43703e-05 0.00176478
27 2.30284e-05 0.00168973
28 -7.6314e-05 0.00160583
29 -0.00024428 0.0016379
30 -0.000432898 0.00169288
31 -0.000681287 0.00187221
32 -0.000829756 0.00206592
33 -0.000898171 0.0023504
34 -0.00101102 0.00254758
35 -0.00102677 0.002614
36 -0.00119593 0.00272141
37 -0.001245 0.00266093
38 -0.00114986 0.00256465
39 -0.00109279 0.00246775
40 -0.00117363 0.00230443
41 -0.00118606 0.00230697
42 -0.00121189 0.00243214
43 -0.00109996 0.00263244
44 -0.000927192 0.00289362
45 -0.000654031 0.00290472
46 -0.000576341 0.00270512
47 -0.00023512 0.00262603
