0 0.00166389 0.00452471
1 0.00117109 0.00514518
2 0.000835141 0.0054671
3 0.000195133 0.00560904
4 -0.000458207 0.00492817
5 -0.000669709 0.00425294
6 -0.00066216 0.00373755
7 -0.000518151 0.00346512
8 -0.000395837 0.00338992
9 -0.000565399 0.00321455
10 -0.00046871 0.00308431
11 -0.000227871 0.00322193
12 -5.84237e-05 0.00322585
13 5.45721e-05 0.00306877
14 9.72892e-05 0.00314303
15 0.000252894 0.00333336
16 0.000435299 0.00367511
17 0.000774705 0.00379522
18 0.000912796 0.00391414
19 0.000783704 0.00399213
20 0.000781389 0.00411531
21 0.000996312 0.00453261
22 0.000996595 0.00494514
23 0.000946582 0.0051644
24 0.000756806 0.00506769
25 0.000126027 0.0050179
26 -0.000119426 0.00501404
27 -8.03338e-05 0.00480372
28 5.98589e-05 0.00476205
29 0.000203436 0.00432168
30 2.79241e-05 0.00396472
31 0.00012841 0.00372191
32 0.000285144 0.00343524
33 0.000489053 0.00330486
34 0.000907287 0.00318572
35 0.00134081 0.00312063
36 0.00173141 0.00314852
37 0.00199819 0.00323729
38 0.0020553 0.00332709
39 0.00187355 0.00357114
40 0.00158599 0.0037439
41 0.0014718 0.00399973
42 0.00137587 0.00402224
43 0.00135219 0.00376178
44 0.00134897 0.00349905
45 0.00130292 0.00343348
46 0.00109876 0.00383388
47 0.00130316 0.00448601
