0 -0.00103812 0.0199525
1 -0.000782717 0.016977
2 2.48543e-05 0.0149763
3 0.00070121 0.0133568
4 0.0010849 0.0115746
5 0.00130164 0.0103323
6 0.000883392 0.00968638
7 0.000214836 0.00934139
8 -0.000375453 0.00989235
9 -0.00116721 0.0106301
10 -0.0014399 0.0115377
11 -0.00130297 0.0122929
12 -0.00104584 0.0133817
13 -0.000622189 0.0139649
14 -8.98815e-05 0.0149691
15 0.000380129 0.0149621
16 0.000790143 0.0151322
17 0.00105333 0.0156766
18 0.00141555 0.0157988
19 0.00157438 0.0159384
20 0.00150551 0.0159522
21 0.00152073 0.0162282
22 0.0017021 0.0168647
23 0.00180417 0.0181888
24 0.00166968 0.0192424
25 0.000175625 0.0193589
26 -0.000716 0.0187297
27 -0.0014377 0.0179575
28 -0.0018327 0.0171648
29 -0.001833 0.0163791
30 -0.00145772 0.015491
31 -0.000759134 0.0152724
32 5.88844e-05 0.0154856
33 0.000616672 0.0163
34 0.000695993 0.0169348
35 0.00097075 0.0178423
36 0.00143388 0.0184876
37 0.00145253 0.0187715
38 0.00140608 0.0187026
39 0.00113415 0.0184459
40 0.00131391 0.0188222
41 0.00178675 0.0189655
42 0.0015563 0.0176505
43 0.000846263 0.0164815
44 0.000375528 0.0164725
45 -0.000265186 0.0170808
46 -0.00130877 0.0184967
47 -0.0011812 0.02047
