0 -0.00295917 0.00786461
1 -0.00345056 0.00814616
2 -0.00320671 0.00747779
3 -0.00267195 0.00663921
4 -0.00236112 0.0062813
5 -0.00192838 0.00565134
6 -0.00122768 0.0047251
7 -0.000243838 0.0039909
8 0.000372929 0.00365764
9 0.000417823 0.00356378
10 0.000104035 0.0037107
11 -0.000234652 0.00391573
12 -0.000678208 0.00413993
13 -0.000902269 0.00407518
14 -0.000845296 0.00418409
15 -0.000524628 0.00438476
16 -5.88181e-05 0.00478194
17 0.000215796 0.00512507
18 0.000245389 0.00512624
19 0.000287363 0.00509319
20 0.000322977 0.00510648
21 0.000196396 0.00552562
22 -8.04959e-06 0.00618451
23 1.18512e-05 0.00605646
24 0.000376321 0.0059015
25 0.000536467 0.00594099
26 0.000844726 0.00598012
27 0.00114435 0.00583872
28 0.00135486 0.0056911
29 0.001253 0.00511888
30 0.000898835 0.00471534
31 0.000573434 0.00463674
32 0.000455508 0.00465976
33 0.000520385 0.00471404
34 0.000577044 0.00495208
35 0.000454117 0.00514961
36 2.81305e-05 0.0051624
37 -0.000415878 0.00512917
38 -0.000728567 0.00496553
39 -0.000863567 0.00473269
40 -0.000577597 0.0044004
41 -0.000600228 0.00415519
42 -0.00102712 0.00445488
43 -0.00133955 0.00501807
44 -0.00148825 0.00591484
45 -0.00155785 0.00674348
46 -0.00183717 0.00743753
47 -0.00238375 0.00779486
