0 -0.000634244 0.00743971
1 -0.000910703 0.0070951
2 -0.000937749 0.0071708
3 -0.000543646 0.00714651
4 -0.000441926 0.00698751
5 -0.000827833 0.00700514
6 -0.00144477 0.00768776
7 -0.00161331 0.00812264
8 -0.00141798 0.00778733
9 -0.000969575 0.00712397
10 -0.000563039 0.00658733
11 -0.000308617 0.00614746
12 -0.000481273 0.00578484
13 -0.000725932 0.00571397
14 -0.0010107 0.00584184
15 -0.00116045 0.00611262
16 -0.000987596 0.00634612
17 -0.000512408 0.006625
18 -2.96584e-06 0.00709304
19 0.000262131 0.0081213
20 0.000487632 0.00935767
21 0.00050192 0.00991951
22 0.000322437 0.010227
23 0.000166721 0.00985153
24 0.000118843 0.00916967
25 0.000181997 0.00760099
26 0.000246418 0.0062783
27 0.000255188 0.00554117
28 0.000114718 0.00492333
29 -0.000290295 0.00455746
30 -0.000380983 0.004424
31 -5.39464e-06 0.00433743
32 0.000264744 0.00429323
33 0.000419123 0.00429002
34 0.000467552 0.00430203
35 0.000548585 0.00439387
36 0.000619225 0.00452339
37 0.000593237 0.00457963
38 0.000399162 0.00449503
39 -0.000107138 0.00441609
40 -0.000650276 0.00446954
41 -0.00102394 0.00470167
42 -0.00117698 0.00512947
43 -0.0015259 0.00538702
44 -0.00170625 0.00570706
45 -0.00124327 0.00647855
46 -0.00118285 0.00731247
47 -0.00106963 0.00787711
