0 -0.00248352 0.00615648
1 -0.00259312 0.00533201
2 -0.00198699 0.00469419
3 -0.00110257 0.00439442
4 -0.000209359 0.00456304
5 0.000249003 0.00484444
6 0.000689768 0.00527452
7 0.000745706 0.00547926
8 8.06549e-05 0.00535086
9 -0.000489285 0.00517785
10 -0.000905412 0.00466878
11 -0.00119967 0.00406118
12 -0.00138678 0.00363109
13 -0.00147234 0.00327775
14 -0.00155433 0.00293978
15 -0.00160162 0.00270493
16 -0.00155656 0.00270056
17 -0.00148267 0.00266281
18 -0.00132438 0.00286496
19 -0.00132013 0.00330796
20 -0.00107433 0.00370346
21 -0.00066557 0.00404086
22 -0.000381601 0.00430748
23 -8.71041e-05 0.00469701
24 0.000448449 0.00550351
25 0.000212222 0.00614093
26 -6.28142e-05 0.00671884
27 -0.000217401 0.00708183
28 -1.46782e-06 0.00702661
29 0.000242398 0.0067884
30 0.000398136 0.00653276
31 0.000139456 0.00610453
32 -0.000392783 0.00521767
33 -0.000390232 0.00442468
34 -0.000510139 0.00396945
35 -0.000870516 0.00373838
36 -0.00130541 0.00343129
37 -0.00186974 0.00308401
38 -0.00248234 0.0029725
39 -0.0027792 0.00337128
40 -0.00289772 0.00436909
41 -0.00317031 0.0047955
42 -0.00330756 0.00491513
43 -0.00382362 0.0055713
44 -0.00408717 0.00611547
45 -0.00400844 0.00694994
46 -0.00377725 0.00720609
47 -0.00297284 0.00654866
