0 0.00122035 0.0108678
1 0.0016806 0.00940243
2 0.00156633 0.00829201
3 0.000997101 0.007411
4 0.00021851 0.00695002
5 -0.000608865 0.00664242
6 -0.000996413 0.00646887
7 -0.000915915 0.00663498
8 -0.00061738 0.00716151
9 -0.000380496 0.00794446
10 -8.37452e-05 0.00824299
11 0.000425456 0.00828021
12 0.000621565 0.00787905
13 0.000532953 0.00748114
14 0.000433641 0.00710933
15 0.000344691 0.00715617
16 0.000229957 0.00739251
17 8.08737e-05 0.00790687
18 -9.73729e-05 0.0086424
19 -0.00033217 0.00967736
20 -0.000410346 0.0108525
21 -0.000679759 0.0122247
22 -0.000894008 0.0135002
23 -0.00088244 0.0141741
24 -0.000944357 0.0146168
25 -0.000603405 0.0147705
26 -0.000632802 0.0145715
27 -0.000767514 0.0138996
28 -0.00076683 0.0133431
29 -0.000811408 0.0129788
30 -0.000957443 0.012481
31 -0.000871175 0.0121761
32 -0.000843581 0.0120531
33 -0.000767408 0.0117303
34 -0.000539536 0.0112348
35 -6.72835e-05 0.0107563
36 0.000265572 0.0102224
37 0.000309947 0.00981515
38 0.000402675 0.00957553
39 0.000710057 0.00964545
40 0.000868817 0.0099606
41 0.00116052 0.010319
42 0.00139404 0.0107103
43 0.00135071 0.0109722
44 0.000949121 0.0112642
45 0.000542931 0.0116252
46 0.000766326 0.0116965
47 0.000864245 0.0114909
