0 -0.00166867 0.0196437
1 -0.00170458 0.0191388
2 -0.000569953 0.0183629
3 0.000665378 0.0178378
4 0.00131775 0.0169487
5 0.00195518 0.0158386
6 0.00240448 0.0149469
7 0.00234782 0.0144102
8 0.00229442 0.0145491
9 0.00186415 0.0147127
10 0.00179801 0.0143946
11 0.001365 0.0138779
12 0.000782721 0.0135914
13 8.33965e-05 0.012994
14 -0.000686516 0.0124657
15 -0.000857065 0.0117966
16 -0.000682873 0.0111353
17 -0.000804273 0.0111101
18 -0.0010543 0.0114362
19 -0.00111941 0.0124943
20 -0.000842646 0.0139111
21 -0.000518049 0.0156544
22 2.96326e-05 0.0179062
23 0.000922038 0.0198291
24 0.000358057 0.0209384
25 8.92147e-05 0.0199692
26 -0.000220583 0.0182225
27 -0.000377506 0.0165644
28 -3.55897e-05 0.0153941
29 0.000465615 0.0147606
30 0.00113877 0.0142112
31 0.00192193 0.0132242
32 0.00252658 0.0120175
33 0.00270686 0.0114044
34 0.00264381 0.0110202
35 0.00246581 0.01069
36 0.00243006 0.0111688
37 0.00226817 0.0114735
38 0.00201339 0.0116507
39 0.00209312 0.0118586
40 0.00201138 0.0120491
41 0.00224154 0.0123391
42 0.00210495 0.012893
43 0.00155068 0.0136211
44 0.000949595 0.0148586
45 0.000676242 0.0167029
46 3.19147e-05 0.0183634
47 -0.000214708 0.0196412
