0 0.00228931 0.010759
1 0.00170846 0.010092
2 0.00134685 0.0089318
3 0.00117987 0.0074905
4 0.000619864 0.00653938
5 6.82882e-05 0.00584991
6 -0.000397499 0.00572452
7 -0.00078051 0.00587139
8 -0.000756059 0.00582874
9 -0.000771809 0.0056451
10 -0.000770031 0.00529044
11 -0.000738161 0.00513437
12 -0.000852833 0.00515766
13 -0.00106385 0.00538046
14 -0.0012904 0.00581848
15 -0.00150477 0.00610085
16 -0.00163916 0.0061307
17 -0.00147536 0.00610727
18 -0.00120391 0.00611292
19 -0.000927976 0.00612374
20 -0.000685684 0.00631999
21 -0.000720423 0.00684301
22 -0.000885334 0.00779313
23 -0.000881709 0.00883907
24 -0.00117095 0.0103707
25 -0.00110024 0.0122202
26 -0.000761572 0.0126313
27 -7.48862e-05 0.0117648
28 0.000560364 0.0114261
29 0.000947111 0.0112589
30 0.00103779 0.011351
31 0.00107443 0.0111338
32 0.00109514 0.0111417
33 0.00107812 0.0109044
34 0.00100503 0.0101345
35 0.00118615 0.0096589
36 0.00143686 0.00966247
37 0.00169203 0.00962152
38 0.0020101 0.00965724
39 0.00237072 0.0100321
40 0.00296781 0.0105855
41 0.00314093 0.0105007
42 0.00275127 0.0101139
43 0.00262778 0.00987414
44 0.00263012 0.0106013
45 0.00257912 0.0118519
46 0.00240938 0.0127589
47 0.00224392 0.012201
