0 -6.42999e-05 0.0105036
1 -0.000108058 0.009167
2 -0.000389182 0.00839876
3 -0.000485265 0.00780037
4 -0.000559066 0.00734183
5 -0.000476444 0.00720451
6 -9.06418e-05 0.00709343
7 4.47069e-05 0.00710733
8 0.000140948 0.00709976
9 -9.86182e-05 0.00707032
10 -0.000598256 0.00721514
11 -0.000650945 0.00753457
12 -0.00052601 0.00826196
13 -6.82696e-05 0.00829488
14 0.000241786 0.00804809
15 0.000338013 0.00797596
16 0.00027084 0.00790761
17 0.000263966 0.00794785
18 0.000142724 0.00811098
19 3.51039e-05 0.00823019
20 -2.35777e-05 0.00845856
21 -0.00018709 0.00871006
22 -0.000610791 0.00913654
23 -0.00100461 0.00949498
24 -0.00128669 0.00953218
25 -0.000656769 0.00973195
26 -0.000272482 0.0097784
27 0.000174895 0.00975478
28 0.000866648 0.00956757
29 0.00128138 0.0095307
30 0.00123684 0.00926845
31 0.00125534 0.00903184
32 0.0012647 0.00862937
33 0.00120759 0.00839311
34 0.00116813 0.00840188
35 0.00110115 0.00904279
36 0.00128641 0.00985363
37 0.00123025 0.0103155
38 0.00108246 0.0108256
39 0.000657222 0.0114129
40 0.000174382 0.0116401
41 4.69228e-05 0.0105999
42 9.11926e-05 0.00943162
43 -4.70503e-05 0.00882499
44 -0.00071168 0.00844355
45 -0.000913199 0.0087197
46 -0.000674066 0.00937116
47 -0.000240403 0.00985538
