0 -0.000726546 0.0068842
1 -0.000716912 0.00745695
2 -0.00164515 0.00684761
3 -0.00229577 0.00644275
4 -0.00269808 0.00642542
5 -0.0029423 0.00661596
6 -0.00279525 0.00674645
7 -0.00257345 0.00700676
8 -0.00237684 0.00671325
9 -0.00207804 0.00624443
10 -0.00199854 0.00591104
11 -0.00195935 0.00585273
12 -0.00180307 0.00584791
13 -0.00158827 0.00571125
14 -0.00140001 0.00531543
15 -0.00122531 0.00499562
16 -0.00119963 0.00497915
17 -0.00113637 0.00495764
18 -0.00103648 0.00501256
19 -0.00101354 0.0050723
20 -0.00116002 0.00515696
21 -0.00137921 0.0053553
22 -0.00147578 0.00568826
23 -0.00134588 0.00560631
24 -0.000980545 0.00537046
25 -0.000901565 0.00547838
26 -0.000884009 0.00536717
27 -0.000919173 0.00519916
28 -0.000868232 0.00517456
29 -0.000627752 0.00528285
30 -0.000423744 0.00533953
31 -0.000348988 0.00530339
32 -0.000138224 0.005445
33 8.8922e-05 0.00540239
34 0.000138157 0.00519627
35 3.42709e-05 0.00504761
36 7.1326e-05 0.00484509
37 0.00016458 0.00447376
38 -5.98316e-06 0.00396666
39 -0.000386937 0.00363963
40 -0.000669619 0.00352754
41 -0.000749381 0.00370602
42 -0.000807953 0.00365982
43 -0.000823297 0.00359505
44 -0.000773811 0.00365944
45 -0.000831593 0.00416501
46 -0.000807168 0.00494813
47 -0.000561939 0.00568324
