0 -0.00122794 0.0211089
1 -0.00112784 0.0208908
2 0.000112295 0.0199417
3 0.00133675 0.019378
4 0.0020379 0.0185782
5 0.00294217 0.0174438
6 0.00355747 0.0163724
7 0.00347425 0.0157144
8 0.00340194 0.0157146
9 0.00296516 0.0159075
10 0.00273724 0.0155285
11 0.00199251 0.0149142
12 0.00120394 0.0145366
13 0.000590222 0.0138979
14 -4.86001e-05 0.0133867
15 -0.000286872 0.0126649
16 -0.000195178 0.0119491
17 -0.000322871 0.0119699
18 -0.000520349 0.0123761
19 -0.000584736 0.0134319
20 -0.000315378 0.0149232
21 -1.09647e-05 0.0165653
22 0.000378452 0.018629
23 0.00100917 0.0205708
24 0.00031877 0.0218112
25 0.000116522 0.0208194
26 -0.000170982 0.0189236
27 -0.000433493 0.0171392
28 -0.000316958 0.0158608
29 9.16011e-05 0.0151569
30 0.000686941 0.0146262
31 0.00143934 0.0137054
32 0.00208615 0.0126483
33 0.00234416 0.0120725
34 0.00239293 0.0117152
35 0.00233275 0.0114802
36 0.00231939 0.0121384
37 0.00205845 0.0126043
38 0.00156886 0.0128486
39 0.00149945 0.0130124
40 0.00131773 0.0130034
41 0.00153207 0.0130813
42 0.00156087 0.0135451
43 0.00111611 0.0143449
44 0.000674896 0.0158368
45 0.00050042 0.0179757
46 -5.28108e-05 0.019634
47 -0.000123822 0.0208643
