0 0.000630531 0.00739469
1 0.000147942 0.00704922
2 -0.000501781 0.00664058
3 -0.000994232 0.00643684
4 -0.00078467 0.00688129
5 -0.000189406 0.00738595
6 0.000379592 0.00767935
7 0.000775632 0.0074962
8 0.00091967 0.00696327
9 0.000838707 0.00678388
10 0.000685977 0.00689694
11 0.000198854 0.00721389
12 -0.000218955 0.00732856
13 -0.000543772 0.00690532
14 -0.00102784 0.0064428
15 -0.00135023 0.00609177
16 -0.00145126 0.00625711
17 -0.0013367 0.00683576
18 -0.00119777 0.00735453
19 -0.00100318 0.00741343
20 -0.000905654 0.00741989
21 -0.000788276 0.00728392
22 -0.00055618 0.00729619
23 -0.000364224 0.00755349
24 -7.1558e-05 0.00729694
25 -0.000167191 0.00632062
26 -0.000401817 0.00596193
27 -0.000581231 0.0057939
28 -0.000671845 0.00574849
29 -0.000577161 0.00579456
30 -0.000649988 0.0054423
31 -0.000894725 0.00484601
32 -0.000954755 0.00409922
33 -0.00114118 0.00330372
34 -0.000903655 0.00258691
35 -0.000609007 0.00199784
36 -0.000268285 0.00163581
37 0.000160476 0.00156652
38 0.000346344 0.00172333
39 0.000473114 0.00200019
40 0.000711195 0.00245143
41 0.000848733 0.00279503
42 0.00109971 0.0032463
43 0.00139431 0.00382813
44 0.00158198 0.00439576
45 0.00144076 0.00476578
46 0.00117613 0.00549049
47 0.00100153 0.00668139
