0 -0.00202258 0.00713294
1 -0.0023461 0.00687741
2 -0.0021023 0.00650351
3 -0.0018928 0.0061106
4 -0.00175885 0.00587244
5 -0.00162377 0.00568373
6 -0.0016134 0.00557221
7 -0.00143293 0.00564765
8 -0.000908144 0.00538446
9 -0.000614645 0.00500038
10 -0.000370185 0.00487939
11 -0.00039916 0.0048148
12 -0.000314562 0.00483699
13 -0.000214489 0.00472752
14 -0.000359323 0.0048703
15 -0.000539128 0.00510646
16 -0.000822107 0.00534873
17 -0.00114226 0.0053491
18 -0.00138734 0.00530575
19 -0.00162942 0.00535406
20 -0.00187659 0.00564671
21 -0.00220518 0.00632301
22 -0.00252431 0.00777017
23 -0.00274455 0.0091312
24 -0.00228522 0.00963391
25 -0.00237687 0.00931317
26 -0.00194774 0.00852015
27 -0.00165565 0.00784126
28 -0.00142518 0.00744347
29 -0.00116786 0.00702849
30 -0.00100064 0.00647063
31 -0.000739385 0.00597152
32 -0.000495588 0.00569591
33 -0.000246229 0.00538028
34 -9.72895e-05 0.0051044
35 -0.000239479 0.00499459
36 -0.000613705 0.00514855
37 -0.000931308 0.0055198
38 -0.000990938 0.00596038
39 -0.00105713 0.00617952
40 -0.00112419 0.00650242
41 -0.00113328 0.0069943
42 -0.000907627 0.0075954
43 -0.00111723 0.00804526
44 -0.00136667 0.00787548
45 -0.00146031 0.00735992
46 -0.00189986 0.00706865
47 -0.00228442 0.00710447
