0 0.00423616 0.0159865
1 0.00520577 0.0168321
2 0.00492971 0.016561
3 0.0042143 0.0167166
4 0.00305852 0.0166403
5 0.00211489 0.0160205
6 0.00193305 0.0154273
7 0.00224993 0.0146431
8 0.00218237 0.0139185
9 0.0018588 0.0127166
10 0.00193393 0.0119041
11 0.00237911 0.0110765
12 0.00271752 0.0104886
13 0.00305426 0.0103383
14 0.00276253 0.0105221
15 0.00230907 0.010989
16 0.00175673 0.0118169
17 0.00124408 0.0123273
18 0.00117564 0.0133813
19 0.00132272 0.014499
20 0.00176103 0.0152234
21 0.0021653 0.0154768
22 0.00206719 0.0160786
23 0.00176541 0.0164523
24 0.00151053 0.0153469
25 0.00137188 0.0139018
26 0.00162372 0.0125884
27 0.00184169 0.0116913
28 0.00158755 0.0109901
29 0.0011183 0.010352
30 0.000557347 0.0103287
31 0.000579058 0.00971398
32 0.000872645 0.00837716
33 0.000874492 0.00737718
34 0.000529586 0.00677088
35 -0.000132928 0.00657051
36 -0.000340964 0.00643912
37 -8.73737e-05 0.00626658
38 1.95333e-05 0.00627807
39 2.31749e-05 0.00628347
40 0.000246162 0.00633338
41 0.000761433 0.0065531
42 0.00106835 0.00708201
43 0.00142134 0.00793171
44 0.00182666 0.00934476
45 0.00250292 0.0108328
46 0.00293932 0.0124884
47 0.00368303 0.0144868
