0 0.00103002 0.00769331
1 0.000965517 0.00783449
2 0.000822645 0.00814062
3 0.00069409 0.00820342
4 0.00049346 0.00810426
5 0.000231003 0.00786632
6 0.000255872 0.0075907
7 0.00056414 0.00755866
8 0.000686802 0.00756093
9 0.000815147 0.00737467
10 0.000779441 0.00736596
11 0.000572561 0.00774844
12 0.000381692 0.00807999
13 9.08087e-05 0.00767644
14 -4.41333e-05 0.00717698
15 -0.000491451 0.00697857
16 -0.000817161 0.00720364
17 -0.000978743 0.00763856
18 -0.00108566 0.00789055
19 -0.00126829 0.00804852
20 -0.00137344 0.0082085
21 -0.00145534 0.00843245
22 -0.00154935 0.00894299
23 -0.00177658 0.00968489
24 -0.00206805 0.00995757
25 -0.00202079 0.0100885
26 -0.00169237 0.0100356
27 -0.00131998 0.00971322
28 -0.000837946 0.00892094
29 -0.000589292 0.00826601
30 -0.000654157 0.00791787
31 -0.000665897 0.00755257
32 -0.000543863 0.00721765
33 -0.000481384 0.00652051
34 -0.00059885 0.00624676
35 -0.000570179 0.0063055
36 -0.000487494 0.00644033
37 -0.000331746 0.00642684
38 -0.000362975 0.00620354
39 -0.000253807 0.00625998
40 7.12087e-05 0.00656533
41 0.000427572 0.0068157
42 0.000634652 0.00710843
43 0.00065243 0.00743709
44 0.000699649 0.00751209
45 0.000932438 0.00718304
46 0.00115131 0.00695017
47 0.00133691 0.00708315
