0 -0.000922702 0.00934594
1 -4.98243e-05 0.0100053
2 0.00045779 0.0101309
3 0.000768055 0.00992933
4 0.00108426 0.00918157
5 0.00129977 0.00838193
6 0.00155924 0.00803065
7 0.00174488 0.00790068
8 0.00160777 0.00772948
9 0.00106998 0.0077626
10 0.000687425 0.00786649
11 0.00050607 0.00790529
12 0.000215957 0.00816613
13 -0.00015904 0.0085168
14 -0.000369695 0.00858512
15 -0.00061348 0.0087589
16 -0.000673653 0.00896767
17 -0.000478217 0.00885818
18 -0.00030563 0.00837747
19 0.000123961 0.00796804
20 0.000573146 0.00772066
21 0.000907863 0.0073191
22 0.000989686 0.00725468
23 0.00098039 0.0072181
24 0.000585585 0.00683174
25 0.00064912 0.00649885
26 0.000437144 0.00612411
27 6.60523e-05 0.00602047
28 -0.000211935 0.00593051
29 -0.000157881 0.005825
30 -7.06608e-05 0.00583485
31 -2.96252e-05 0.00584427
32 0.000173067 0.00603701
33 0.000148223 0.0064848
34 7.27658e-05 0.00672192
35 -4.06807e-05 0.00663518
36 -0.000214261 0.00668554
37 2.36048e-05 0.00670819
38 0.000388364 0.00670265
39 0.000454966 0.00696955
40 0.000293887 0.00732349
41 0.000101153 0.00745934
42 6.01921e-05 0.00723081
43 5.46648e-05 0.00727091
44 -0.000261057 0.007705
45 -0.000556673 0.00785648
46 -0.000866435 0.00801882
47 -0.00101257 0.00864813
