0 0.000605899 0.00347213
1 0.000859823 0.00348359
2 0.00077771 0.00326204
3 0.000376907 0.00306612
4 -0.000144652 0.00301725
5 -0.000460909 0.00276288
6 -0.0002134 0.00246061
7 0.00021118 0.00213309
8 0.000558794 0.00181836
9 0.000504816 0.00166602
10 0.000412335 0.00164865
11 0.000613629 0.0016224
12 0.000798125 0.00178326
13 0.000702831 0.00181117
14 0.000462549 0.00194575
15 0.000479334 0.0023739
16 0.000522372 0.00270785
17 0.000617789 0.00294593
18 0.000468924 0.0029549
19 0.000135347 0.00294686
20 -0.000156914 0.00304688
21 -0.000351456 0.00297748
22 -0.00050043 0.0028455
23 -0.000444189 0.00273279
24 -0.00013299 0.00266446
25 -0.000324555 0.00259481
26 -0.000159131 0.00252024
27 -0.000142304 0.00251095
28 -0.000289719 0.00253395
29 -0.000532216 0.00262103
30 -0.000767281 0.00267904
31 -0.00103163 0.00286926
32 -0.00116646 0.00311883
33 -0.00123539 0.00348622
34 -0.00132578 0.0037586
35 -0.00129162 0.00386431
36 -0.00141148 0.00393573
37 -0.00144701 0.00382321
38 -0.00135036 0.00368253
39 -0.00130098 0.00356622
40 -0.00139556 0.00341088
41 -0.0013589 0.00343994
42 -0.00131021 0.00354761
43 -0.00106717 0.00368012
44 -0.000838895 0.00392091
45 -0.000554998 0.00393551
46 -0.000452157 0.00380162
47 -0.000129962 0.00378966
