0 0.0021247 0.00484497
1 0.000967839 0.00547929
2 0.000329079 0.00557465
3 0.00010071 0.00573498
4 0.000143161 0.00561931
5 0.00053389 0.00564894
6 0.000759806 0.00544483
7 0.000641162 0.00478882
8 0.000569264 0.00415805
9 0.000544671 0.0039255
10 0.000523728 0.00380483
11 0.000223052 0.00398646
12 -0.000339285 0.00447551
13 -0.000431895 0.00475397
14 -0.000192731 0.00476876
15 -0.000372748 0.00444876
16 -0.000774049 0.00398832
17 -0.000875181 0.00370974
18 -0.00105224 0.00401078
19 -0.00120278 0.00415482
20 -0.00116023 0.00375984
21 -0.00103571 0.00321082
22 -0.000567844 0.0031912
23 4.80198e-05 0.00319318
24 0.000659367 0.00312587
25 0.000717962 0.00269708
26 0.000915912 0.00254778
27 0.000913933 0.00228035
28 0.00110953 0.00200751
29 0.00137284 0.00186123
30 0.00131274 0.00183628
31 0.00124561 0.00176171
32 0.00116044 0.00178061
33 0.00119002 0.00175113
34 0.00100196 0.00158022
35 0.000840466 0.0014914
36 0.000610245 0.00168998
37 0.000396358 0.0018111
38 0.000150022 0.00195966
39 3.44998e-06 0.00201903
40 6.75412e-05 0.00214229
41 0.000297958 0.00239691
42 0.000636003 0.00289937
43 0.00102985 0.00301944
44 0.00125176 0.00341333
45 0.00137288 0.00401744
46 0.00150628 0.0044813
47 0.0016279 0.00461691
