0 -0.000685873 0.00932918
1 -0.00015408 0.00911671
2 -0.00017542 0.00824533
3 -0.00024805 0.00799566
4 -0.000205067 0.0084269
5 -0.000308613 0.0089222
6 -0.000779512 0.00900984
7 -0.00125585 0.00859376
8 -0.0014744 0.0080998
9 -0.00161296 0.00769967
10 -0.00139533 0.00729796
11 -0.00119634 0.00715313
12 -0.00081011 0.00723026
13 -0.00068971 0.00719754
14 -0.000717229 0.00700945
15 -0.000977934 0.00691197
16 -0.00145434 0.00699353
17 -0.00185183 0.00728462
18 -0.00204628 0.00785005
19 -0.0018991 0.00875468
20 -0.00178537 0.00933719
21 -0.00210159 0.00979781
22 -0.00244027 0.00997561
23 -0.00202966 0.00941507
24 -0.00156214 0.00878144
25 -0.000532086 0.0084975
26 4.65314e-05 0.00848036
27 0.000374921 0.00830606
28 0.000610613 0.00827879
29 0.000714258 0.00825614
30 0.00097383 0.00772093
31 0.000965454 0.00700665
32 0.00105916 0.00658975
33 0.00131025 0.00670973
34 0.00147568 0.00687724
35 0.00158497 0.0070151
36 0.00144289 0.00727451
37 0.000984905 0.00700176
38 0.000682715 0.00652397
39 0.000356331 0.00616781
40 0.000193847 0.0060748
41 -4.10242e-06 0.00580219
42 -0.000183031 0.00591511
43 -0.000573146 0.00649465
44 -0.000703218 0.00747602
45 -0.000719403 0.00862463
46 -0.000669687 0.00947937
47 -0.000980722 0.00983213
