0 0.000134996 0.00624715
1 0.000400444 0.00673755
2 0.000177731 0.00663406
3 -0.00027576 0.0061368
4 -0.000602979 0.00588093
5 -0.000555044 0.00610631
6 -0.000667336 0.00588949
7 -0.000818505 0.00574453
8 -0.000605348 0.0054697
9 -0.000217354 0.00536073
10 0.000352585 0.00514808
11 0.000724485 0.00466745
12 0.000915626 0.00425435
13 0.000785076 0.0038656
14 0.000530398 0.00365814
15 0.000211643 0.00366984
16 1.2704e-05 0.00378645
17 0.000163984 0.00376885
18 0.000283835 0.00408424
19 0.000116353 0.00454855
20 2.06527e-05 0.00520357
21 -9.18264e-05 0.00542289
22 -0.000307475 0.00528834
23 -0.000493409 0.00542292
24 -0.000710807 0.00553285
25 -0.000597311 0.00547146
26 -0.000372728 0.00523676
27 -0.000316479 0.00481927
28 -0.00028656 0.0045873
29 -0.000379904 0.0046404
30 -0.000597822 0.00459464
31 -0.000729852 0.00483236
32 -0.00067094 0.00496801
33 -0.000871075 0.00497387
34 -0.00111046 0.00499417
35 -0.00137782 0.0051058
36 -0.00168593 0.00525228
37 -0.00200531 0.00532768
38 -0.00219027 0.00491267
39 -0.00227494 0.00438948
40 -0.0022753 0.00410532
41 -0.00184043 0.00423629
42 -0.00162345 0.00448835
43 -0.00124005 0.00483618
44 -0.00107065 0.00562006
45 -0.00131512 0.00663043
46 -0.00121025 0.00696163
47 -0.00077639 0.00637112
