0 0.000374245 0.00380875
1 0.000657255 0.00356104
2 0.000609585 0.00381806
3 0.000536187 0.0042508
4 0.000692183 0.00456309
5 0.000761802 0.00457667
6 0.000842952 0.00470643
7 0.000952888 0.00463316
8 0.000902865 0.00454597
9 0.00100247 0.00465653
10 0.00116658 0.00468518
11 0.00117586 0.00443189
12 0.00108471 0.00428675
13 0.000790615 0.00440367
14 0.000430062 0.00440723
15 0.000283703 0.00419302
16 0.000142743 0.00410362
17 4.72949e-05 0.00418688
18 -0.000185607 0.00428679
19 -0.000402022 0.00443123
20 -0.000389774 0.00453325
21 -6.89284e-05 0.00459082
22 -4.72474e-05 0.00482016
23 -0.000361025 0.00496116
24 -0.000740293 0.0049684
25 -0.000465438 0.00499471
26 -9.20753e-05 0.00490643
27 -0.000209155 0.00471085
28 -0.000386266 0.00457987
29 -0.00064977 0.00420833
30 -0.000923584 0.00378649
31 -0.0012626 0.00352571
32 -0.00137482 0.00366278
33 -0.0010161 0.00376152
34 -0.000482317 0.00384368
35 -0.000126944 0.00383722
36 -0.000161613 0.00397308
37 -0.000170821 0.00407537
38 1.75158e-05 0.00392626
39 -1.28805e-05 0.00359746
40 -0.000497519 0.00326553
41 -0.000816506 0.00300841
42 -0.000765594 0.0029145
43 -0.000653168 0.00296441
44 -0.000358188 0.00327397
45 -0.000194557 0.0033658
46 -0.000137827 0.00361449
47 -9.18582e-06 0.00387575
