0 0.00256583 0.0247934
1 0.00228769 0.0237276
2 0.00108894 0.022139
3 0.000101664 0.0197111
4 -0.000833754 0.0183127
5 -0.00141494 0.0165017
6 -0.00168268 0.0138366
7 -0.0017552 0.0121939
8 -0.00168208 0.0111002
9 -0.00184071 0.010508
10 -0.00216759 0.0101336
11 -0.00246708 0.0104944
12 -0.00280072 0.0110738
13 -0.003176 0.0119649
14 -0.00318087 0.0128882
15 -0.00286221 0.0135946
16 -0.0026782 0.0137888
17 -0.00291555 0.0140881
18 -0.00347965 0.0148635
19 -0.00403294 0.0157828
20 -0.00447661 0.0171488
21 -0.00475353 0.0184593
22 -0.00509152 0.0191155
23 -0.00513451 0.0195717
24 -0.00411125 0.0193111
25 -0.00394527 0.0188092
26 -0.00335329 0.0182554
27 -0.00300969 0.0173231
28 -0.00278389 0.016656
29 -0.00275935 0.0164187
30 -0.0024092 0.0161966
31 -0.00186728 0.015661
32 -0.000833559 0.0149469
33 0.000161575 0.0140336
34 0.00100746 0.0127211
35 0.00153212 0.0117075
36 0.0018684 0.0108097
37 0.00247664 0.0101467
38 0.00328642 0.010008
39 0.00301099 0.0104346
40 0.00240074 0.0112709
41 0.00205291 0.0123157
42 0.00151819 0.0132089
43 0.00124345 0.013659
44 0.00230316 0.0147433
45 0.00342654 0.0161972
46 0.00419475 0.0186459
47 0.00452459 0.0225012
