0 0.00449281 0.0219317
1 0.00571091 0.0227529
2 0.00536022 0.0223581
3 0.00448139 0.0222258
4 0.00322685 0.0218705
5 0.00197991 0.020986
6 0.00148924 0.020436
7 0.00156657 0.0198484
8 0.00151192 0.0194908
9 0.0015448 0.0185146
10 0.00182345 0.0182344
11 0.00230181 0.017846
12 0.0026314 0.0172304
13 0.00292882 0.0169567
14 0.00266047 0.016686
15 0.00250124 0.0169031
16 0.00235736 0.0176802
17 0.00208269 0.018133
18 0.0021917 0.019382
19 0.00241911 0.0208059
20 0.00272414 0.0218773
21 0.00297556 0.0221203
22 0.00287674 0.0230375
23 0.00277899 0.0238832
24 0.00230263 0.0227496
25 0.00203881 0.0203818
26 0.00208501 0.0183416
27 0.00216499 0.0168621
28 0.00180776 0.0154864
29 0.00111735 0.0140243
30 0.000306771 0.0132844
31 0.000139325 0.0123094
32 0.000452718 0.0108518
33 0.000656684 0.00973482
34 0.000819537 0.00919159
35 0.000642592 0.00910686
36 0.000542706 0.00918777
37 0.000632645 0.00929656
38 0.000841856 0.00951277
39 0.00122516 0.00972158
40 0.00180721 0.0100928
41 0.00239502 0.0106032
42 0.00289144 0.0110736
43 0.00325519 0.0118246
44 0.00348004 0.0133348
45 0.00394058 0.0154239
46 0.00391225 0.0176451
47 0.00421389 0.0200978
