0 0.00040402 0.0120034
1 0.0012444 0.0112728
2 0.00118779 0.0103257
3 0.000634573 0.00970961
4 -0.000176177 0.00913204
5 -0.00100364 0.00850075
6 -0.00136015 0.00843606
7 -0.00146439 0.00875452
8 -0.00110048 0.00886716
9 -0.000959218 0.00862102
10 -0.000975524 0.00817795
11 -0.000886817 0.0080437
12 -0.00090733 0.00819814
13 -0.00145961 0.00832783
14 -0.00183681 0.00814097
15 -0.00169312 0.00803362
16 -0.00132953 0.00825048
17 -0.00143735 0.0086326
18 -0.00176483 0.00924799
19 -0.00201136 0.00986564
20 -0.00229094 0.0108923
21 -0.00231618 0.0120768
22 -0.00202131 0.0126457
23 -0.00173485 0.0130043
24 -0.00155505 0.0133929
25 -0.0013565 0.0127061
26 -0.00113895 0.0116477
27 -0.000889589 0.0112751
28 -0.000742789 0.0111966
29 -0.000791246 0.0107743
30 -0.000756762 0.010362
31 -0.000591667 0.00994088
32 -0.000464146 0.00923638
33 -0.000382825 0.00881565
34 4.92763e-05 0.00864806
35 0.000319917 0.00889452
36 0.000464083 0.00976132
37 0.00060421 0.0107298
38 0.000623993 0.0111255
39 0.000658019 0.0104927
40 0.000639926 0.00980397
41 0.000390907 0.00957631
42 0.000243212 0.00996781
43 0.000315805 0.010631
44 0.00018657 0.0115205
45 -0.000252433 0.0120583
46 -7.16179e-05 0.0124153
47 5.00846e-05 0.0123056
