0 -0.00154509 0.00489514
1 -0.000805051 0.00450184
2 -0.00037067 0.00417371
3 0.000503329 0.00424594
4 0.00104922 0.00407059
5 0.0008884 0.00380987
6 0.000401641 0.00394794
7 -0.000115924 0.00417206
8 -0.000448255 0.0041897
9 -0.000503201 0.00433278
10 -0.000510858 0.0044197
11 -0.000259497 0.00439522
12 -0.000100238 0.0045586
13 0.000154065 0.00479097
14 0.000305522 0.00512962
15 0.000523055 0.00571251
16 0.000655359 0.00618032
17 0.000570555 0.00614726
18 0.000250468 0.00592256
19 -0.000431322 0.00607921
20 -0.00100054 0.00640227
21 -0.0014043 0.00701326
22 -0.00161699 0.00779387
23 -0.00182597 0.0085833
24 -0.00204685 0.0089402
25 -0.00131098 0.00876368
26 -0.00153423 0.00815049
27 -0.00127486 0.00732578
28 -0.000838782 0.00665388
29 -0.000203911 0.0061297
30 0.000200486 0.00616475
31 0.00046583 0.00646155
32 0.000998246 0.0063038
33 0.00119149 0.0056811
34 0.00121585 0.00542361
35 0.000881374 0.00594871
36 0.000298928 0.00666643
37 -0.000161348 0.00714613
38 -0.00059275 0.00719798
39 -0.00116033 0.00716532
40 -0.00121315 0.00696666
41 -0.000942563 0.00705378
42 -0.000933001 0.00735516
43 -0.000945332 0.00709862
44 -0.000855356 0.00634268
45 -0.00107736 0.00516832
46 -0.00140802 0.00465361
47 -0.00147145 0.00485144
