0 -0.00126101 0.00619235
1 -0.00184058 0.00603736
2 -0.00204243 0.00615759
3 -0.0016125 0.00659651
4 -0.000976094 0.00664524
5 -0.000459122 0.00612107
6 -0.000218672 0.00558796
7 -0.000155354 0.00476651
8 0.00013274 0.00412783
9 0.000388448 0.00393366
10 0.000472362 0.00407877
11 0.000564019 0.00398434
12 0.000694099 0.00391951
13 0.000561352 0.0039346
14 0.000439939 0.00396013
15 0.000510059 0.00394825
16 0.000386199 0.00409642
17 1.09718e-05 0.00446398
18 -0.000110625 0.00496512
19 9.19113e-05 0.00532769
20 0.000384746 0.00568216
21 0.000507099 0.00571428
22 0.000716061 0.00578323
23 0.000998623 0.00601335
24 0.000652242 0.0060543
25 0.0011011 0.00594514
26 0.0013877 0.00572218
27 0.00130931 0.00546051
28 0.0011022 0.00525137
29 0.00112739 0.00506913
30 0.00123441 0.00492843
31 0.00106602 0.00478144
32 0.000762055 0.00484357
33 0.000492448 0.00491823
34 0.00018315 0.00501358
35 8.32057e-05 0.00544944
36 -0.000329282 0.00572175
37 -0.000583615 0.00584797
38 -0.00058468 0.00596124
39 -0.000382217 0.00594273
40 -0.000359363 0.00585468
41 -0.000408874 0.00587517
42 -0.00036358 0.00633054
43 -0.000504976 0.00672579
44 -0.000605683 0.00660973
45 -0.00073829 0.00649127
46 -0.000570021 0.00604476
47 -0.000732331 0.00603191
