0 -0.00116963 0.00304288
1 -0.0010805 0.0025939
2 -0.00101386 0.00220919
3 -0.000650948 0.00184659
4 -0.000475418 0.00161251
5 -0.000380678 0.00126337
6 -0.000503267 0.00106645
7 -0.000710035 0.000962059
8 -0.00086147 0.000839461
9 -0.000849933 0.000611502
10 -0.000933623 0.00051689
11 -0.000821195 0.000558777
12 -0.000625006 0.00062816
13 -0.000427902 0.000675053
14 -0.000408304 0.000635228
15 -0.000463239 0.000537588
16 -0.000416477 0.000383854
17 -0.000421063 0.000110392
18 -0.000415827 -9.81995e-07
19 -0.00050042 0.00017641
20 -0.000396231 0.000330949
21 -7.07348e-05 0.00059514
22 0.000140598 0.00122244
23 8.76767e-05 0.00190849
24 0.000155258 0.00232163
25 -6.44885e-05 0.00268295
26 -0.000165839 0.00287768
27 -2.46128e-05 0.00307848
28 7.67655e-05 0.00300616
29 9.91921e-05 0.00267236
30 2.57932e-05 0.00231642
31 -0.000129195 0.00242103
32 -0.000147802 0.00281803
33 4.74925e-05 0.00334352
34 0.000149524 0.00366298
35 -2.81199e-05 0.00359719
36 -0.000167665 0.00317786
37 -0.000103475 0.00273844
38 -5.66257e-05 0.00244787
39 -0.000249134 0.00242188
40 -0.000404907 0.00254557
41 -0.000523734 0.00254592
42 -0.000487191 0.00238187
43 -0.000236787 0.00231072
44 -0.000175498 0.00233552
45 -0.000383328 0.00241861
46 -0.000673385 0.00266104
47 -0.000937689 0.00282416
