0 0.00204433 0.00402295
1 0.00193489 0.00448644
2 0.00180723 0.00439982
3 0.00201381 0.00429599
4 0.00198964 0.00407766
5 0.00170923 0.00358807
6 0.00149904 0.00335559
7 0.000965013 0.0033109
8 0.000532043 0.00312566
9 0.000511824 0.00297382
10 0.000445273 0.00283155
11 0.000490523 0.00303861
12 0.000792146 0.00320656
13 0.000977385 0.00318587
14 0.00115714 0.00280879
15 0.00128711 0.00241339
16 0.00131767 0.00222761
17 0.00131019 0.00223904
18 0.00137591 0.00246061
19 0.00176092 0.00281907
20 0.0022465 0.00292636
21 0.00261862 0.0026847
22 0.00266877 0.00239726
23 0.00251099 0.00201121
24 0.00218134 0.00177295
25 0.00194564 0.00178578
26 0.00166979 0.00184544
27 0.00122732 0.00165805
28 0.000948362 0.00146946
29 0.000856225 0.00142002
30 0.000787897 0.00137258
31 0.000682346 0.00135981
32 0.000613901 0.0016981
33 0.00031664 0.00197999
34 0.000173466 0.00199093
35 0.000157236 0.00200206
36 0.000168799 0.00195975
37 0.000242249 0.00205333
38 0.000557865 0.00221279
39 0.000966024 0.00236068
40 0.00124755 0.00243914
41 0.00142297 0.00267099
42 0.00145305 0.00304846
43 0.00141993 0.00340049
44 0.00134729 0.00373956
45 0.00133104 0.00392589
46 0.00148953 0.00396789
47 0.00157576 0.00404079
