0 0.00240468 0.00930509
1 0.000372233 0.00915094
2 -0.000629147 0.00869362
3 -0.00113477 0.00833816
4 -0.0013323 0.00764479
5 -0.00122342 0.00698385
6 -0.0012279 0.00633451
7 -0.00114781 0.00611225
8 -0.000813352 0.00602493
9 -0.000577729 0.00606851
10 -0.000595534 0.00594915
11 -0.000472995 0.00550837
12 -0.000423844 0.00508924
13 -0.000574612 0.00484672
14 -0.000656711 0.00485614
15 -0.000412899 0.00499716
16 -0.000346824 0.005313
17 -6.74911e-06 0.00580237
18 0.000430452 0.00621425
19 0.000808109 0.00633363
20 0.00111638 0.00664557
21 0.00139571 0.00720727
22 0.00152487 0.00782519
23 0.00155636 0.00849116
24 0.00143886 0.00827832
25 0.00113265 0.00774352
26 0.000909286 0.00700689
27 0.000922628 0.00665981
28 0.00125049 0.00646074
29 0.00192768 0.00618454
30 0.00244585 0.00604351
31 0.00257554 0.00587687
32 0.00254096 0.00597727
33 0.00223356 0.00640221
34 0.00221691 0.00684748
35 0.00241436 0.00695244
36 0.00223018 0.00653897
37 0.00184688 0.00614577
38 0.00160999 0.00600774
39 0.00136247 0.00563719
40 0.00132335 0.00528192
41 0.00185428 0.00524299
42 0.00235262 0.0059648
43 0.00260916 0.00717193
44 0.00274817 0.00822733
45 0.00315961 0.00899122
46 0.00388949 0.00978094
47 0.00369079 0.00971804
