0 0.000241481 0.0100029
1 0.000126176 0.00869878
2 -0.000195854 0.00792827
3 -0.00031534 0.00734505
4 -0.000425088 0.00687654
5 -0.000350719 0.00668198
6 -2.50055e-06 0.00653736
7 9.16941e-05 0.00654225
8 0.000169339 0.00657859
9 -6.85811e-05 0.0066283
10 -0.000525069 0.00681951
11 -0.000565492 0.00714093
12 -0.000443152 0.00781747
13 2.38277e-05 0.00780811
14 0.000302614 0.00750225
15 0.000366804 0.00735758
16 0.000243708 0.00720794
17 0.000162077 0.00718291
18 -5.36042e-06 0.00731479
19 -0.000132284 0.00741034
20 -0.000183407 0.00760225
21 -0.000378247 0.00783931
22 -0.000860951 0.00820991
23 -0.00128956 0.0085272
24 -0.00154665 0.00854148
25 -0.000884795 0.00877219
26 -0.000439689 0.00885759
27 9.9657e-05 0.00887229
28 0.000895694 0.00866823
29 0.00138341 0.00860194
30 0.00137804 0.00835314
31 0.00142416 0.00812971
32 0.00142581 0.00774944
33 0.00141212 0.0075281
34 0.00145686 0.00752226
35 0.00142917 0.00814601
36 0.00163771 0.00895131
37 0.00155582 0.00942719
38 0.00130613 0.00994963
39 0.000770579 0.0105404
40 0.000259999 0.0107993
41 0.000138249 0.00984755
42 0.000159522 0.00875491
43 -2.11581e-05 0.00819336
44 -0.00069391 0.00789475
45 -0.000849741 0.00815956
46 -0.000535389 0.00876774
47 -3.24278e-05 0.00924813
