0 -0.00071425 0.00698395
1 -0.00121047 0.00713167
2 -0.00160901 0.00730245
3 -0.00171415 0.00687864
4 -0.00169063 0.00630875
5 -0.00130756 0.00510647
6 -0.000884425 0.00422106
7 -0.00097327 0.00357221
8 -0.00102968 0.00315939
9 -0.00110985 0.00316854
10 -0.0012662 0.00312493
11 -0.00121977 0.00308525
12 -0.00117411 0.00326856
13 -0.00112484 0.00351526
14 -0.000960114 0.00384168
15 -0.000706985 0.00406489
16 -0.000344435 0.00424218
17 -0.000116905 0.00440132
18 -0.000141013 0.00440806
19 -0.000340716 0.00454568
20 -0.000469636 0.00482248
21 -0.000392027 0.00529776
22 -0.000411287 0.00566999
23 -0.000636047 0.00576157
24 -0.000729854 0.00579392
25 -0.000747159 0.0058635
26 -0.000533728 0.00601465
27 -0.000312852 0.0060198
28 -5.82072e-05 0.00586209
29 0.000197097 0.00575431
30 0.000508904 0.00580825
31 0.000765283 0.00610043
32 0.000778385 0.00623308
33 0.000626462 0.00623581
34 0.000321954 0.00618167
35 -2.91843e-05 0.00614239
36 -7.78565e-05 0.00605935
37 0.000245278 0.00602835
38 0.000444095 0.00603451
39 0.000769198 0.0059122
40 0.000895016 0.00583269
41 0.00104601 0.00610838
42 0.00103742 0.00628363
43 0.00119244 0.00634827
44 0.0012464 0.00617901
45 0.00131554 0.00589448
46 0.000880215 0.00615937
47 0.000115141 0.00672699
