0 -0.000849562 0.00417766
1 -0.000335064 0.00477597
2 0.000123432 0.00491134
3 0.000471092 0.00523086
4 0.000646795 0.0052668
5 0.000761203 0.00538707
6 0.000760658 0.00551538
7 0.00080354 0.00558486
8 0.000921474 0.00554384
9 0.0010368 0.00530164
10 0.00118154 0.0051784
11 0.0012502 0.00495126
12 0.000890426 0.004681
13 0.000407451 0.00448287
14 -7.63288e-05 0.00439394
15 -0.000427619 0.00451259
16 -0.000896311 0.00464995
17 -0.00103549 0.00498179
18 -0.000793682 0.00548811
19 -0.000458267 0.0058569
20 -0.000210651 0.00628669
21 -0.000101119 0.00690545
22 -5.72258e-05 0.00762155
23 -1.34989e-05 0.00855019
24 4.25206e-05 0.00910756
25 0.000155725 0.00894825
26 0.000107657 0.00874863
27 -0.000331658 0.00801774
28 -0.000924084 0.00736746
29 -0.00135538 0.00689514
30 -0.00152953 0.00642289
31 -0.00154958 0.00607309
32 -0.00140938 0.00589086
33 -0.00125579 0.00593975
34 -0.000859378 0.00572244
35 -0.00051699 0.00569588
36 -0.000236996 0.00563857
37 3.45767e-05 0.00540477
38 0.000105373 0.00495454
39 0.000242738 0.00459562
40 0.000313339 0.00454964
41 0.000273486 0.00476596
42 0.000112003 0.00518333
43 -0.000288043 0.00554079
44 -0.000542376 0.00550896
45 -0.000926626 0.00500697
46 -0.00121812 0.0042999
47 -0.00113439 0.00385348
