0 -0.000991365 0.00883126
1 -0.000859991 0.0095178
2 -0.00146068 0.00942052
3 -0.00248555 0.00890662
4 -0.00341957 0.00889267
5 -0.00374973 0.00866512
6 -0.00340036 0.00804698
7 -0.00285478 0.0077019
8 -0.00243842 0.00739277
9 -0.00198004 0.00708722
10 -0.00141416 0.00701545
11 -0.00109319 0.00729168
12 -0.000972387 0.00763456
13 -0.000534931 0.00797466
14 8.13776e-05 0.00832009
15 0.000547871 0.00817244
16 0.000677696 0.00790153
17 0.000634798 0.00794826
18 0.000632422 0.00796597
19 0.00058908 0.0078044
20 0.000532515 0.00740059
21 0.000421698 0.00740244
22 0.000377792 0.00768564
23 0.000382356 0.00836735
24 0.000506567 0.00869176
25 0.000420383 0.0087488
26 0.000188848 0.00881573
27 -2.19324e-06 0.00863439
28 -0.000318353 0.00794579
29 -0.000332748 0.00720028
30 -0.000262751 0.00679128
31 -0.000334048 0.00667115
32 -0.000337321 0.00639192
33 -0.000238059 0.0061746
34 -0.000228849 0.00626254
35 -0.000248192 0.00673485
36 -0.000425199 0.00719699
37 -0.000655636 0.00745969
38 -0.000781153 0.00740717
39 -0.000507246 0.00766799
40 -1.81289e-05 0.00770429
41 0.00023827 0.00746073
42 2.04304e-05 0.00707599
43 -0.000165865 0.00674707
44 -0.000290071 0.00678063
45 1.492e-05 0.00751102
46 0.000119114 0.00832979
47 -0.000457931 0.00837043
