0 -0.00456631 0.010233
1 -0.00469943 0.010603
2 -0.00426488 0.00999228
3 -0.00334317 0.00908883
4 -0.00277424 0.00856439
5 -0.00227356 0.00788855
6 -0.00172015 0.00695233
7 -0.00113223 0.00632422
8 -0.000633975 0.00641109
9 -0.000462218 0.00667849
10 -0.000476084 0.00729782
11 -0.000529113 0.00816096
12 -0.000586923 0.00902638
13 -0.000600689 0.00920792
14 -0.00052089 0.00942191
15 -0.000342934 0.00963347
16 -4.07378e-05 0.0102111
17 -0.000142599 0.0109901
18 -0.000300083 0.0114375
19 -0.000512551 0.011506
20 -0.000554337 0.0114135
21 -0.000525978 0.0115076
22 -0.0003824 0.0116615
23 -0.000213926 0.0107563
24 0.0001894 0.0101838
25 0.000164301 0.0101013
26 0.000482207 0.00993673
27 0.000843705 0.00977144
28 0.00106807 0.00951366
29 0.000955629 0.00869369
30 0.000743477 0.00804165
31 0.000618215 0.00777055
32 0.000581612 0.00791983
33 0.000697537 0.00811834
34 0.000999707 0.00832278
35 0.00107825 0.00846942
36 0.000883856 0.00859285
37 0.000537703 0.00857364
38 7.07594e-07 0.00842365
39 -0.000280277 0.00828192
40 -4.40989e-05 0.00806638
41 -4.73502e-05 0.00778906
42 -0.000537884 0.00776542
43 -0.00119874 0.00774906
44 -0.00187315 0.00827133
45 -0.00253147 0.00870188
46 -0.0030826 0.00912615
47 -0.00383435 0.00958685
