0 0.000271354 0.010542
1 0.000281527 0.00946046
2 0.000263425 0.00795018
3 0.000393891 0.00692898
4 0.000346548 0.00638621
5 0.000534343 0.00624883
6 0.000722074 0.0060876
7 0.000981425 0.00580172
8 0.000980938 0.00551259
9 0.000752197 0.00521969
10 0.000475221 0.00524669
11 0.000187332 0.00542728
12 9.08315e-06 0.00565998
13 1.66767e-05 0.00579165
14 -0.000112462 0.00584387
15 -0.000212092 0.00583779
16 -0.000248363 0.00573845
17 -0.000366317 0.00573362
18 -0.000510983 0.00594984
19 -0.000715595 0.00637115
20 -0.00103422 0.00704842
21 -0.0013489 0.00759357
22 -0.00158652 0.00804713
23 -0.00158691 0.0084374
24 -0.00136681 0.00863916
25 -0.00149861 0.00867526
26 -0.00148009 0.008549
27 -0.001442 0.00832301
28 -0.00146337 0.00824905
29 -0.00150136 0.00804249
30 -0.00156656 0.00783968
31 -0.00151775 0.0081955
32 -0.00144434 0.0081083
33 -0.00141486 0.00762255
34 -0.00141761 0.00698141
35 -0.00149184 0.00654382
36 -0.0018098 0.00629207
37 -0.00160302 0.00608111
38 -0.00117015 0.00618949
39 -0.000739162 0.00654874
40 -0.00048551 0.00728146
41 -0.000216909 0.00774043
42 0.000183953 0.00826489
43 0.000435785 0.00858712
44 0.000552594 0.00913163
45 0.000514944 0.00974358
46 0.000391563 0.0104176
47 0.000333316 0.0108412
