0 -0.000454194 0.0151194
1 -0.000796264 0.0150757
2 -0.00032839 0.0138881
3 0.000133316 0.0125102
4 0.000245917 0.0114295
5 0.000233074 0.0108554
6 0.00036965 0.0106705
7 0.000582385 0.0110343
8 0.000914176 0.0120608
9 0.00108637 0.012462
10 0.0010515 0.0119616
11 0.000922631 0.0118331
12 0.000756588 0.0118013
13 0.00107821 0.0121949
14 0.00163596 0.0131748
15 0.00224748 0.0144091
16 0.00261817 0.0152613
17 0.00235509 0.0155307
18 0.00210151 0.0154327
19 0.00196548 0.0149269
20 0.00167046 0.0144828
21 0.00127249 0.0140239
22 0.000846686 0.0136355
23 0.000457902 0.013693
24 -2.2742e-05 0.0141045
25 2.86386e-05 0.0143797
26 -0.000114747 0.0139263
27 -0.000384208 0.013636
28 -0.00061515 0.0136576
29 -0.000911445 0.0132505
30 -0.00101671 0.0119426
31 -0.00108545 0.0112861
32 -0.00103361 0.0108426
33 -0.000818038 0.0100642
34 -0.000436014 0.00934524
35 -0.000206212 0.0091167
36 -7.97849e-05 0.009104
37 3.58717e-05 0.00879983
38 0.000140024 0.00864468
39 -6.30633e-05 0.00866623
40 -0.000470633 0.00887701
41 -0.000861426 0.00927234
42 -0.00109156 0.00952003
43 -0.0016363 0.0102736
44 -0.00143846 0.0114715
45 -0.000682067 0.0125813
46 -0.000441718 0.0140947
47 -0.000443277 0.0150369
