0 -0.000616323 0.00398411
1 -0.000500253 0.0032362
2 -0.000227197 0.00243418
3 -0.000282096 0.00194962
4 -0.000263347 0.00167558
5 0.000117314 0.00179891
6 0.000427686 0.00203483
7 0.000579987 0.00239745
8 0.000714605 0.00291722
9 0.000983437 0.0034417
10 0.00109903 0.00420184
11 0.000945253 0.00473065
12 0.00054173 0.00472474
13 0.000226396 0.00400689
14 0.000210532 0.00368009
15 0.000327827 0.00356147
16 0.00016597 0.00376117
17 -1.86358e-05 0.00424234
18 -0.000269454 0.00454399
19 -0.000573275 0.00471028
20 -0.000997297 0.0051031
21 -0.00113023 0.00544588
22 -0.00111826 0.00562373
23 -0.00117011 0.00628817
24 -0.000957727 0.00690252
25 -0.00142936 0.00720874
26 -0.00160775 0.00754704
27 -0.00170547 0.00765382
28 -0.00154446 0.00764188
29 -0.00101075 0.00736538
30 -0.000670862 0.00742139
31 -0.000722645 0.00755514
32 -0.000844698 0.00756553
33 -0.00132456 0.00729912
34 -0.00204244 0.00725803
35 -0.0025593 0.00716298
36 -0.00268235 0.00679098
37 -0.00245379 0.00671651
38 -0.00187984 0.00652346
39 -0.00121296 0.00620525
40 -0.0011243 0.00597127
41 -0.0012337 0.00580313
42 -0.00129079 0.00583046
43 -0.00147695 0.00609727
44 -0.00154454 0.00610981
45 -0.0011444 0.00617564
46 -0.000946721 0.00593894
47 -0.00071385 0.00516506
