0 0.000859727 0.0183874
1 0.00212493 0.0175678
2 0.00203122 0.015075
3 0.00209079 0.0133109
4 0.00199661 0.0127224
5 0.00113581 0.0125638
6 0.000754458 0.0124145
7 0.000807128 0.0110071
8 0.000447415 0.0100912
9 0.000308052 0.00999387
10 0.000112989 0.0103781
11 -0.000455497 0.0101181
12 -0.000757533 0.00973551
13 -0.000830386 0.0093077
14 -0.000861443 0.00928525
15 -0.0012564 0.00946223
16 -0.00161853 0.0097233
17 -0.00183394 0.0102108
18 -0.00188484 0.0111594
19 -0.00197494 0.0123769
20 -0.00213514 0.0129335
21 -0.00240365 0.0141847
22 -0.0027563 0.0156808
23 -0.00326902 0.0165132
24 -0.00377098 0.0167595
25 -0.00195907 0.015962
26 -0.00134812 0.0148204
27 -0.00109837 0.0140599
28 -0.000628279 0.0137011
29 6.45288e-05 0.0135549
30 -0.000335688 0.0127215
31 -0.000510931 0.0121531
32 -0.000564039 0.0116315
33 -0.000283859 0.0109124
34 -0.000140565 0.0101264
35 -0.00013925 0.00973551
36 -7.31978e-05 0.00955385
37 1.27271e-05 0.00904363
38 0.000341504 0.00849967
39 0.000810041 0.00839863
40 0.0012265 0.00860104
41 0.00121502 0.00877483
42 0.0014923 0.00920801
43 0.00160367 0.0101876
44 0.00146707 0.011092
45 0.000885132 0.0119632
46 0.000508415 0.0137535
47 0.000491303 0.0162789
