0 -0.00437461 0.0161165
1 -0.00369492 0.0163253
2 -0.0031057 0.0156724
3 -0.00245821 0.0138328
4 -0.00209875 0.0113068
5 -0.00177896 0.00941879
6 -0.00135908 0.00794441
7 -0.00105149 0.00726434
8 -0.00067384 0.00731965
9 -0.000294478 0.00778171
10 0.000281863 0.00746422
11 0.000739018 0.00684842
12 0.000911698 0.00655496
13 0.000774314 0.00661313
14 0.000761789 0.00710134
15 0.000899721 0.00767584
16 0.00102721 0.00786473
17 0.00121601 0.0081495
18 0.00122647 0.00828087
19 0.00134076 0.00861
20 0.00208804 0.00860854
21 0.00263119 0.00912597
22 0.00303789 0.0102009
23 0.00326351 0.0117485
24 0.00302472 0.012705
25 0.00242655 0.0120589
26 0.00153402 0.0112755
27 0.000806566 0.0108827
28 0.000571328 0.0107055
29 0.000692435 0.0104206
30 0.000810878 0.0101923
31 0.000994377 0.0100653
32 0.00101718 0.010004
33 0.000911036 0.00986009
34 0.000741586 0.00976454
35 0.000120757 0.0101836
36 -0.000888893 0.0105913
37 -0.00184232 0.0107095
38 -0.00270667 0.010524
39 -0.00316688 0.0104476
40 -0.00321479 0.0105732
41 -0.00317829 0.0106005
42 -0.00336515 0.0107543
43 -0.00365351 0.0110672
44 -0.00382982 0.0115059
45 -0.00367071 0.0125761
46 -0.00342355 0.0137886
47 -0.00357756 0.0153204
