0 -0.000604192 0.0062054
1 -0.000483344 0.00575875
2 -0.000132948 0.00565146
3 -0.000262389 0.00563667
4 -0.000295121 0.00545681
5 -0.00030485 0.00530579
6 -3.67833e-05 0.00510764
7 0.000299367 0.00539644
8 0.000720787 0.0054909
9 0.000989353 0.00547832
10 0.00117734 0.00518999
11 0.00116066 0.00504637
12 0.00090084 0.00486466
13 0.000731752 0.00467809
14 0.000329598 0.00462717
15 -0.000305148 0.00483498
16 -0.000759192 0.00521515
17 -0.000681544 0.00559793
18 -0.000266035 0.00607346
19 -5.32458e-05 0.00662797
20 1.71252e-05 0.00704462
21 -8.06916e-06 0.00723921
22 2.11442e-05 0.00705776
23 4.36225e-05 0.00687546
24 -0.000177232 0.00650299
25 -0.000195449 0.00603928
26 -0.000461506 0.00559451
27 -0.000707537 0.00538811
28 -0.000865236 0.00541404
29 -0.00089608 0.00554467
30 -0.000871531 0.00578179
31 -0.000668452 0.00586405
32 -0.000489399 0.00569159
33 -0.00032137 0.00561471
34 -0.000192997 0.00575485
35 -0.000235772 0.00569752
36 -0.000235803 0.00537703
37 -8.78665e-05 0.00501047
38 0.000185283 0.0048698
39 0.000352133 0.00509791
40 0.000335107 0.00584561
41 0.000137179 0.00622916
42 -0.000121158 0.00642111
43 -0.000186489 0.0064234
44 -0.000332474 0.00657826
45 -0.00033365 0.00683164
46 -0.000107444 0.006832
47 -0.000174948 0.00662867
