0 -0.00224763 0.00436529
1 -0.00200421 0.00495039
2 -0.00155308 0.00481365
3 -0.0012119 0.00381452
4 -0.00110633 0.00337599
5 -0.000956707 0.00364496
6 -0.00088772 0.00429059
7 -0.000935075 0.00527184
8 -0.000792629 0.00592835
9 -0.000476268 0.00591821
10 -0.000288456 0.00598926
11 -7.91073e-05 0.00597529
12 -0.000184549 0.00592076
13 -0.000214654 0.00575699
14 -0.000313158 0.00568837
15 -0.000421519 0.00570255
16 -0.000604352 0.00557842
17 -0.000724804 0.00533907
18 -0.000801455 0.00495303
19 -0.000765787 0.00487695
20 -0.000734702 0.00483426
21 -0.000692698 0.00487788
22 -0.000706314 0.00511771
23 -0.000833072 0.00518104
24 -0.00084587 0.00497258
25 -0.0006685 0.00433686
26 -0.000683226 0.00422457
27 -0.000744944 0.00436659
28 -0.00071425 0.00443602
29 -0.000549696 0.00439157
30 -0.000386581 0.00435676
31 -0.000436531 0.00437046
32 -0.000630401 0.00444525
33 -0.000891867 0.00427368
34 -0.000894032 0.00416702
35 -0.000730555 0.00410612
36 -0.000305727 0.00369712
37 -0.00020668 0.00327204
38 -0.000508215 0.00290022
39 -0.000869405 0.00282867
40 -0.000998218 0.00316028
41 -0.000878039 0.0032789
42 -0.00104497 0.00330967
43 -0.00151948 0.00339194
44 -0.0017278 0.00363384
45 -0.00187749 0.00389153
46 -0.00200495 0.00391326
47 -0.00214058 0.00387771
