0 0.00183274 0.00948562
1 0.00118559 0.00974051
2 0.00101751 0.00917755
3 0.000926741 0.00880127
4 0.000138582 0.00837476
5 -0.000798707 0.00857934
6 -0.00150289 0.00871702
7 -0.0017449 0.00864674
8 -0.00127063 0.00794861
9 -0.00099542 0.00694638
10 -0.000924289 0.00622877
11 -0.00101588 0.00588919
12 -0.00089707 0.00577899
13 -0.000689042 0.00566206
14 -0.000498567 0.00548403
15 -0.000513025 0.00521301
16 -0.000562281 0.00514648
17 -0.000805493 0.00518476
18 -0.00111397 0.00559497
19 -0.00124553 0.00606
20 -0.00101641 0.00661296
21 -0.000707549 0.00705339
22 -0.00049253 0.0071341
23 -0.000530829 0.00727611
24 -0.000347572 0.00760958
25 -0.00037469 0.00744534
26 -0.000735925 0.00690213
27 -0.000820661 0.00663435
28 -0.000601475 0.0066863
29 -3.53449e-05 0.00674775
30 0.000862765 0.00645666
31 0.00140926 0.0062156
32 0.00174313 0.00590957
33 0.00201951 0.00532268
34 0.00197781 0.00533701
35 0.00144128 0.00544734
36 0.00108842 0.00559608
37 0.000819907 0.00558699
38 0.000815662 0.00556142
39 0.000894631 0.00580005
40 0.000988935 0.00645232
41 0.00115317 0.00744733
42 0.00149055 0.00861264
43 0.0018887 0.0094066
44 0.00220039 0.00979654
45 0.00216763 0.0102751
46 0.00217448 0.010136
47 0.00235569 0.00947807
