0 -9.4246e-05 0.0130986
1 -0.000439419 0.01533
2 -0.000435175 0.0164962
3 -0.000647763 0.01609
4 0.000191191 0.0145832
5 0.00163537 0.0134555
6 0.00208435 0.0127924
7 0.0021564 0.0125497
8 0.0022464 0.0119444
9 0.00209664 0.0109881
10 0.00128727 0.00998865
11 0.00044633 0.00914739
12 -0.000153537 0.008811
13 -0.000112386 0.00902345
14 -1.98607e-05 0.00951284
15 -0.000170349 0.0100425
16 -0.000375786 0.0105406
17 -0.000439932 0.010958
18 -0.000435197 0.0120083
19 -0.000477388 0.0135906
20 -0.000434941 0.0148336
21 -0.00018699 0.0155256
22 -5.31906e-06 0.015469
23 5.16544e-05 0.0144342
24 6.19848e-05 0.0135625
25 0.000304377 0.0132106
26 0.00047643 0.0127504
27 0.000569119 0.0124657
28 0.000519975 0.0118248
29 0.000445563 0.0115708
30 0.000374603 0.0118085
31 0.000353792 0.0119511
32 0.000523245 0.0117747
33 0.000621 0.0113185
34 0.000568984 0.010524
35 0.000672759 0.0101023
36 0.00109231 0.0101771
37 0.00105018 0.0101669
38 0.00084268 0.010339
39 0.000614617 0.0105122
40 0.000490107 0.0107973
41 0.000128991 0.0115545
42 -0.000485237 0.0121525
43 -0.000824383 0.0128423
44 -0.00105998 0.0129657
45 -0.000856633 0.0127767
46 -0.000650244 0.0125791
47 -0.000640686 0.0125084
