0 0.00252866 0.0174027
1 0.00247533 0.0174125
2 0.00171825 0.0158023
3 0.000599505 0.0140554
4 -0.00039327 0.0130422
5 -0.0010864 0.0125709
6 -0.00148373 0.0125135
7 -0.00153829 0.0132255
8 -0.00122615 0.0137683
9 -0.000910296 0.0134207
10 -0.00055737 0.0128695
11 -0.000246867 0.0124429
12 -0.00039373 0.0121283
13 -0.000557044 0.0124161
14 -0.000606774 0.0127736
15 -0.000548821 0.0130476
16 -0.000633178 0.0136395
17 -0.000595569 0.0140535
18 -0.000432544 0.0147222
19 -0.000374474 0.0151432
20 -0.000241187 0.015147
21 0.000102436 0.0151948
22 0.000298588 0.0153315
23 0.000311954 0.0161321
24 0.000587282 0.0171334
25 -0.000248105 0.0175228
26 -0.000902363 0.0164621
27 -0.00136661 0.0156621
28 -0.00153536 0.0148843
29 -0.00170256 0.0142139
30 -0.00175716 0.0135343
31 -0.00182197 0.0128391
32 -0.00167802 0.0124085
33 -0.00168323 0.0126388
34 -0.00142798 0.0128182
35 -0.000900478 0.0124172
36 -0.000651203 0.012202
37 -0.000928456 0.012582
38 -0.00107101 0.0134762
39 -0.000753483 0.0138106
40 -0.000151586 0.0142136
41 0.000624294 0.0145515
42 0.00129344 0.0148392
43 0.00164449 0.0151407
44 0.00170118 0.0154031
45 0.00175274 0.0159279
46 0.00205045 0.0164298
47 0.00270191 0.0163323
