0 -0.000812887 0.00868074
1 0.000644473 0.00766895
2 0.00133275 0.00688705
3 0.00118785 0.00637246
4 0.000795803 0.00626834
5 0.00143609 0.00658746
6 0.00184486 0.00706183
7 0.00183205 0.00745591
8 0.0017679 0.00782365
9 0.00160128 0.00818415
10 0.00161105 0.00841508
11 0.00160283 0.00854267
12 0.00140099 0.00852717
13 0.00113438 0.00823396
14 0.00124018 0.00803883
15 0.00119695 0.00821711
16 0.00104146 0.00833617
17 0.000926058 0.00848357
18 0.000831482 0.00859523
19 0.00104294 0.00870926
20 0.00118202 0.00883416
21 0.00110033 0.00924954
22 0.000939889 0.0103706
23 0.000811322 0.0114061
24 0.000564949 0.0119284
25 0.000563997 0.0121241
26 0.000555798 0.0118126
27 0.000477521 0.0111696
28 0.000414326 0.0109724
29 0.000355736 0.0111039
30 0.000304699 0.0113093
31 0.000187016 0.0111184
32 -0.000130658 0.0107142
33 -0.000151579 0.0104842
34 -0.000288745 0.0100996
35 -0.000285552 0.00999152
36 0.000126357 0.00997269
37 0.000191597 0.0100994
38 0.000251693 0.0108216
39 9.53145e-05 0.0116499
40 -0.000298312 0.0122953
41 -0.000917006 0.0131544
42 -0.00144387 0.0136921
43 -0.00184174 0.0135483
44 -0.00183645 0.0126606
45 -0.00151058 0.0117652
46 -0.00131903 0.0108855
47 -0.00133189 0.0096348
