0 0.000375534 0.0085393
1 0.000835699 0.00797962
2 0.0006852 0.00744929
3 0.000479909 0.00695637
4 -1.14492e-05 0.00648131
5 -0.000552043 0.00607511
6 -0.000778828 0.00610193
7 -0.000672632 0.00664334
8 -0.000322838 0.00699377
9 -0.000159039 0.00683493
10 -0.000117575 0.00603707
11 -0.000155482 0.00544409
12 -0.000126609 0.00530029
13 -0.000291205 0.00505446
14 -0.000381462 0.00451003
15 -0.000293363 0.00434079
16 3.33734e-05 0.00425202
17 0.000200105 0.00439941
18 0.000177993 0.00487004
19 5.84468e-05 0.0053204
20 -0.000274646 0.00608804
21 -0.000870922 0.0068887
22 -0.00110563 0.00720396
23 -0.000952508 0.00720041
24 -0.000789552 0.00758773
25 -0.000714511 0.00744803
26 -0.000600347 0.00696367
27 -0.000738847 0.00664358
28 -0.000644164 0.00637894
29 -0.000428433 0.00609759
30 -0.000107956 0.0057265
31 0.000331377 0.00542002
32 0.000684777 0.00513569
33 0.000879056 0.00505718
34 0.00107887 0.00521877
35 0.00129758 0.00569312
36 0.0015093 0.00637725
37 0.00154087 0.00686649
38 0.00148691 0.00678879
39 0.00125238 0.00626191
40 0.000867974 0.00596379
41 0.000332604 0.00606279
42 -0.000166209 0.00672181
43 -0.00035915 0.00728617
44 -0.000675641 0.00787397
45 -0.00118681 0.00824299
46 -0.000891382 0.0085622
47 -0.000444279 0.00861365
