0 -0.000879082 0.00475135
1 -0.00120637 0.0049347
2 -0.00159666 0.00476976
3 -0.00140662 0.00436389
4 -0.000846803 0.00396821
5 -0.000296628 0.00362136
6 1.66059e-06 0.00341116
7 0.000239022 0.00351275
8 0.000439491 0.00356753
9 0.000427547 0.00353402
10 0.000311336 0.00347296
11 0.000249971 0.00330482
12 5.80382e-05 0.00305342
13 -0.000262603 0.00274613
14 -0.000288779 0.0026169
15 -0.000319871 0.00263891
16 -0.000491657 0.00289987
17 -0.000660406 0.00315059
18 -0.000759659 0.00355357
19 -0.000697733 0.00394907
20 -0.000554922 0.00438519
21 -0.00044482 0.00484868
22 -0.000342746 0.00502702
23 -0.000356276 0.00500889
24 -0.000492105 0.00496516
25 -0.000487186 0.00468104
26 -0.000507014 0.0043787
27 -0.000673793 0.00415632
28 -0.000705895 0.00384845
29 -0.000775401 0.00358078
30 -0.000853436 0.00338908
31 -0.000758013 0.00320615
32 -0.000667159 0.00326744
33 -0.000552008 0.00344342
34 -0.000531433 0.00347476
35 -0.000359749 0.00325645
36 -0.00015012 0.00299946
37 1.5623e-05 0.00309261
38 0.000171867 0.00328804
39 0.000354081 0.00340491
40 0.000620462 0.00353757
41 0.000751376 0.00395656
42 0.000633362 0.00446794
43 0.000596868 0.00473045
44 0.000567627 0.00487334
45 0.000503444 0.00497473
46 0.000259687 0.00468422
47 -6.23537e-05 0.0044289
