0 0.00201593 0.0101255
1 0.00188531 0.00932469
2 0.00127912 0.0086904
3 0.000262009 0.00793407
4 -0.000313236 0.00796992
5 -0.000650985 0.00859198
6 -0.000823894 0.00842908
7 -0.000714708 0.00767474
8 -0.000541166 0.00727354
9 -0.000539649 0.00678216
10 -0.000847315 0.00658233
11 -0.00111415 0.00630884
12 -0.000902432 0.00622921
13 -0.000548665 0.00662712
14 -0.000237977 0.00734706
15 -7.01284e-05 0.00784131
16 9.52458e-05 0.00827049
17 0.000303546 0.00859082
18 0.000184912 0.00864756
19 -0.000108634 0.00884511
20 -0.000237448 0.00900821
21 -0.000217816 0.00938527
22 -9.67068e-05 0.00970058
23 -8.25671e-05 0.00948544
24 -0.000569056 0.00874179
25 -0.000225972 0.00799306
26 -0.000400771 0.00715896
27 -0.000602839 0.00646775
28 -0.000677274 0.00578897
29 -0.000510703 0.00543458
30 -0.000439823 0.0050812
31 -0.000677161 0.00492033
32 -0.000798166 0.00514866
33 -0.000873593 0.00536625
34 -0.000903931 0.00559835
35 -0.000980235 0.0058813
36 -0.000983936 0.00633609
37 -0.000735112 0.00673807
38 -0.000265042 0.00713189
39 -0.000130165 0.00738347
40 -0.000289906 0.00716687
41 -0.000520179 0.00694378
42 -0.000607894 0.00692152
43 -0.00100672 0.00695818
44 -0.00128521 0.00702289
45 -0.000907991 0.00725214
46 -0.000128541 0.00754242
47 0.00106192 0.00880155
