0 0.00112433 0.00628526
1 0.000644571 0.00584709
2 0.000623293 0.00550986
3 0.000846458 0.00515405
4 0.00116469 0.00518548
5 0.00156856 0.00553364
6 0.00177984 0.00580474
7 0.0016387 0.00590812
8 0.00141503 0.005837
9 0.00124995 0.0058906
10 0.0013282 0.0059578
11 0.00109341 0.00599543
12 0.000971029 0.00615439
13 0.000894975 0.00616818
14 0.00072765 0.00627236
15 0.000761228 0.00628225
16 0.000578761 0.00638164
17 0.000269028 0.00650932
18 6.69909e-05 0.00715176
19 9.60432e-05 0.00801502
20 0.000168425 0.00906688
21 -5.21658e-05 0.00998191
22 -0.000470463 0.00979689
23 -0.000739265 0.00937026
24 -0.000725918 0.00900792
25 -0.00073969 0.00884645
26 -0.0009507 0.00877854
27 -0.00123039 0.0088722
28 -0.00120933 0.00871047
29 -0.00101599 0.00835988
30 -0.000692925 0.00828757
31 -0.000108681 0.00822756
32 0.000586149 0.00803735
33 0.00128414 0.00795346
34 0.00171944 0.00785048
35 0.00207242 0.00762905
36 0.0023063 0.00710677
37 0.0022491 0.00665273
38 0.00221018 0.00632363
39 0.0026308 0.00598547
40 0.00330146 0.00549844
41 0.00319291 0.00497469
42 0.00277704 0.00467779
43 0.00223728 0.00464999
44 0.00212631 0.00505615
45 0.00204181 0.0054297
46 0.00185313 0.00585597
47 0.0015998 0.00650635
