0 -0.000987423 0.0102446
1 -7.39033e-05 0.00993702
2 -0.000156735 0.00978639
3 -0.000323106 0.00944121
4 -0.000572888 0.00915399
5 -0.000824569 0.0085306
6 -0.00106174 0.00809088
7 -0.000984188 0.00779785
8 -0.000681982 0.00721617
9 -0.000329881 0.00652483
10 -0.000347957 0.00578734
11 -0.000416853 0.00521061
12 -0.000314038 0.00481635
13 -0.000285399 0.00474519
14 -8.73705e-05 0.00513831
15 0.000139411 0.00569663
16 0.000155806 0.00651023
17 0.000448046 0.0070191
18 0.000828263 0.00725314
19 0.00105294 0.00754614
20 0.000991732 0.00757722
21 0.000788938 0.00772744
22 0.000434085 0.00815873
23 -0.000116416 0.00884069
24 -0.00101026 0.0095022
25 -0.00168491 0.0100853
26 -0.00202311 0.0102873
27 -0.0020728 0.00999685
28 -0.0018741 0.00955396
29 -0.001848 0.00917214
30 -0.00174643 0.0093277
31 -0.00143714 0.00953774
32 -0.00135202 0.00991366
33 -0.0014957 0.0103887
34 -0.00140841 0.0108501
35 -0.00138002 0.0116429
36 -0.00138969 0.0125836
37 -0.00154449 0.0135022
38 -0.00196522 0.0139567
39 -0.0021058 0.0138017
40 -0.00198791 0.0128807
41 -0.00182877 0.0119153
42 -0.00187838 0.0113959
43 -0.00175775 0.0104476
44 -0.00130096 0.0101066
45 -0.000797753 0.0101405
46 -0.00056982 0.0101982
47 -0.000813878 0.0107606
