0 0.000137833 0.00957509
1 -0.00119232 0.0097028
2 -0.000823547 0.00825277
3 -0.000747894 0.0069783
4 -0.000856956 0.00591901
5 -0.000958885 0.00494329
6 -0.000833725 0.00426588
7 -0.000567292 0.0037952
8 -0.000190737 0.00340551
9 -1.2355e-05 0.00339967
10 -1.55589e-05 0.00356794
11 -0.000203948 0.00375844
12 -6.78977e-05 0.00397468
13 0.000231886 0.00436513
14 0.000391551 0.00474144
15 0.000515489 0.00486358
16 0.000710376 0.0048321
17 0.000955498 0.00519127
18 0.00115475 0.00548533
19 0.00135784 0.00572127
20 0.00162121 0.00590846
21 0.00200162 0.0062502
22 0.00224604 0.00681544
23 0.00218412 0.00723212
24 0.00207485 0.00740243
25 0.0019063 0.00756546
26 0.00153754 0.00790308
27 0.00130624 0.00843783
28 0.00117308 0.00910454
29 0.000990349 0.00938627
30 0.000866365 0.00956061
31 0.000692326 0.00939284
32 0.000603105 0.00898515
33 0.000884645 0.0088988
34 0.00133571 0.00876132
35 0.00170568 0.00850105
36 0.00167572 0.00835326
37 0.00136373 0.00816168
38 0.00117867 0.00784532
39 0.00120862 0.00782382
40 0.00117045 0.00791156
41 0.000878003 0.00750081
42 0.000506924 0.00733513
43 0.000738722 0.00754059
44 0.000977675 0.0077926
45 0.00069958 0.00798759
46 0.000321346 0.00796301
47 -0.000114355 0.00847572
