0 0.00199117 0.00752254
1 0.00314288 0.00855316
2 0.00345162 0.00830404
3 0.00320294 0.00772313
4 0.00278652 0.00734244
5 0.00225628 0.00685699
6 0.00185442 0.00607745
7 0.00133567 0.00563043
8 0.000660341 0.00517166
9 6.11387e-05 0.0049105
10 -0.000542905 0.00496659
11 -0.00142273 0.00498841
12 -0.0017846 0.00503434
13 -0.00151335 0.00512963
14 -0.00133252 0.00518476
15 -0.00125838 0.00527587
16 -0.00119983 0.00536529
17 -0.00114999 0.00573069
18 -0.00108849 0.00603564
19 -0.000733714 0.00629296
20 -0.000440977 0.00654413
21 -0.000150436 0.00694066
22 -3.9129e-05 0.00747769
23 9.58168e-05 0.0076268
24 0.000159587 0.00780121
25 -0.000239114 0.00783878
26 -0.000473983 0.00798241
27 -0.000612488 0.00775691
28 -0.00033366 0.00709878
29 -0.000344276 0.00625451
30 -0.000700454 0.00548469
31 -0.0007424 0.00499494
32 -0.000743069 0.00494578
33 -0.000880896 0.00530493
34 -0.000941109 0.00564876
35 -0.000868683 0.00596941
36 -0.00076611 0.00600952
37 -0.00053826 0.00582518
38 -0.000325214 0.00582678
39 2.3336e-06 0.00625719
40 0.000162782 0.00664205
41 0.000193725 0.00664993
42 0.000164728 0.00642573
43 0.000211642 0.00619889
44 0.000481516 0.0061209
45 0.000591905 0.00627211
46 0.000996559 0.00633805
47 0.00139065 0.00628696
