0 -0.00127255 0.0161268
1 0.000486267 0.0150269
2 0.00144357 0.0142396
3 0.00108331 0.0130341
4 0.000144583 0.0120026
5 -0.00038764 0.0113468
6 -0.000288908 0.0109436
7 -4.29322e-05 0.0108344
8 0.00057347 0.0107971
9 0.000838446 0.0103407
10 0.00106192 0.00989645
11 0.00139791 0.00992673
12 0.00143825 0.00978254
13 0.00105252 0.00969605
14 0.000662022 0.0095925
15 0.000369406 0.00934064
16 0.000241227 0.00956914
17 0.000224206 0.00996315
18 0.000315208 0.0105241
19 0.000499445 0.0110984
20 0.000503773 0.0120768
21 0.000368398 0.013151
22 0.000422209 0.0145707
23 0.000547293 0.0164302
24 0.000642932 0.0179171
25 0.00145966 0.0184291
26 0.00201795 0.0185464
27 0.00236147 0.0178762
28 0.00229882 0.0169919
29 0.00204657 0.0157888
30 0.00172278 0.0142803
31 0.00118121 0.0135345
32 0.000852886 0.0131222
33 0.000607668 0.0131275
34 0.000467232 0.0131763
35 0.000473122 0.0127607
36 0.000391842 0.0121987
37 0.00046037 0.0123053
38 0.000811937 0.0124238
39 0.00106506 0.0122547
40 0.00136554 0.0123726
41 0.00146532 0.0127959
42 0.00131039 0.0131047
43 0.00107608 0.0132137
44 0.000216024 0.013606
45 -0.000878596 0.0140084
46 -0.00211594 0.0155878
47 -0.00232064 0.0163325
