0 -0.00137786 0.0111545
1 -0.00183862 0.0112874
2 -0.00240092 0.0110419
3 -0.00296767 0.0116078
4 -0.00304436 0.012085
5 -0.00264741 0.0117994
6 -0.00200889 0.0114123
7 -0.00120164 0.0115157
8 -0.000332628 0.0117755
9 0.000544819 0.0120589
10 0.00103167 0.0118141
11 0.00120059 0.0111989
12 0.00105951 0.0107088
13 0.00111163 0.0102902
14 0.000984744 0.0098669
15 0.000650747 0.00970447
16 0.000437854 0.00975621
17 0.000376123 0.00945659
18 0.000429974 0.00980292
19 0.00049013 0.0106087
20 0.000613962 0.011573
21 0.000534198 0.012178
22 0.000597899 0.0128652
23 0.000724812 0.0133887
24 0.000810319 0.0130315
25 0.000873111 0.0124505
26 0.000844424 0.0117764
27 0.00075973 0.0109727
28 0.000530883 0.0101583
29 0.000156879 0.00946346
30 -7.00089e-05 0.0092199
31 -0.000337855 0.00930263
32 -0.000581782 0.00950707
33 -0.00068392 0.00953982
34 -0.000505063 0.0093238
35 -0.000390226 0.00898513
36 -0.000507168 0.00885689
37 -0.00056122 0.00892444
38 -0.00051486 0.00889881
39 -2.47029e-05 0.00887714
40 0.000509577 0.00887657
41 0.0012462 0.00886662
42 0.00163642 0.00905689
43 0.0016868 0.00970245
44 0.00125251 0.010207
45 0.000832224 0.0103429
46 0.000266084 0.0105454
47 -0.000765231 0.0111165
