0 0.00156617 0.0125854
1 0.000582862 0.0120158
2 -0.000183573 0.0115172
3 -0.000410512 0.0113082
4 -0.00010299 0.0112884
5 0.000253657 0.0111747
6 0.000755092 0.0111572
7 0.000783164 0.0111496
8 0.000212893 0.0109077
9 -0.000305369 0.0103094
10 -0.000785774 0.0102903
11 -0.00128689 0.0106578
12 -0.00166404 0.0113731
13 -0.00160476 0.0116615
14 -0.00136504 0.0120606
15 -0.00121107 0.0125056
16 -0.0010105 0.0132087
17 -0.000769894 0.0141864
18 -0.000575533 0.0151263
19 -0.000803967 0.0159667
20 -0.00113201 0.0165601
21 -0.00140872 0.0167069
22 -0.00176871 0.0168129
23 -0.00211185 0.0164849
24 -0.00195486 0.0159554
25 -0.00219212 0.01576
26 -0.00176101 0.0152453
27 -0.00113902 0.0144521
28 -0.000972783 0.0134683
29 -0.00086222 0.0124518
30 -0.000634611 0.012346
31 -0.000533171 0.012932
32 -0.000303479 0.0132309
33 0.00013246 0.0126816
34 0.000585482 0.0121741
35 0.000933548 0.0122444
36 0.00100152 0.0129666
37 0.000811994 0.0137257
38 0.000447829 0.0142663
39 -8.53029e-05 0.0140397
40 -0.000390734 0.013328
41 -0.000460724 0.0129722
42 -0.00010268 0.0130524
43 0.000600882 0.0135003
44 0.00104056 0.0134614
45 0.00137203 0.0134297
46 0.00172 0.0131051
47 0.0020304 0.0128555
