0 0.000733399 0.00983333
1 0.000125261 0.00860087
2 -0.000150918 0.00837374
3 -0.000171583 0.00784585
4 -0.00040624 0.00735825
5 -0.000481971 0.00716254
6 -0.000936848 0.00682819
7 -0.00155312 0.00691621
8 -0.00190817 0.00732223
9 -0.00221199 0.00754182
10 -0.0026521 0.00742944
11 -0.00317798 0.00714541
12 -0.00295823 0.00664074
13 -0.00261589 0.00647966
14 -0.00219036 0.00650674
15 -0.00164006 0.00652655
16 -0.00139239 0.00657789
17 -0.00129598 0.00648907
18 -0.00137511 0.00663055
19 -0.00121018 0.00686893
20 -0.000988991 0.00685356
21 -0.000547815 0.0063974
22 0.000118581 0.00559293
23 0.000621849 0.00515222
24 0.00135031 0.00484343
25 0.00172406 0.00413802
26 0.00187791 0.00384347
27 0.00148217 0.00372484
28 0.00132159 0.00379164
29 0.0012193 0.00400131
30 0.00120083 0.00450995
31 0.0013587 0.00482504
32 0.00140453 0.0048093
33 0.00180605 0.00473676
34 0.00224481 0.00476207
35 0.00246246 0.00517654
36 0.00270487 0.00571222
37 0.0028183 0.00612063
38 0.00234772 0.00681861
39 0.00174506 0.00720623
40 0.0015518 0.00748913
41 0.00136453 0.007465
42 0.00117444 0.00741812
43 0.00106949 0.00776395
44 0.000887887 0.00808015
45 0.000928357 0.00829599
46 0.000780978 0.00880119
47 0.000530804 0.00959642
