0 0.00123616 0.00404011
1 0.000962307 0.00398638
2 0.000650279 0.00362189
3 0.000676418 0.00324471
4 0.000683848 0.00294072
5 0.000812853 0.00262487
6 0.000980144 0.00220457
7 0.00134838 0.00192845
8 0.00163114 0.00170364
9 0.00191432 0.00187389
10 0.00206311 0.00202956
11 0.00186841 0.00192618
12 0.00155344 0.00152418
13 0.00143657 0.00118362
14 0.00131844 0.00123039
15 0.00129023 0.00138565
16 0.00114348 0.00145129
17 0.000834856 0.0015468
18 0.000642531 0.00171938
19 0.000694637 0.0018996
20 0.000646321 0.00222978
21 0.000491174 0.00285195
22 0.000424316 0.00343869
23 0.000417386 0.0036353
24 0.000323987 0.00367437
25 0.00103606 0.00408417
26 0.00121213 0.00435614
27 0.00100133 0.00436976
28 0.000660744 0.00417507
29 0.000319572 0.00384413
30 -0.00017641 0.00372335
31 -0.000427478 0.00376935
32 -0.000789563 0.00388546
33 -0.00108201 0.00408263
34 -0.00129651 0.00454636
35 -0.00141599 0.0049384
36 -0.00131028 0.00534629
37 -0.00104049 0.00518784
38 -0.0012763 0.00497328
39 -0.00174499 0.00497374
40 -0.00194565 0.0048575
41 -0.00188111 0.00477003
42 -0.00166899 0.00469019
43 -0.00109142 0.00475602
44 -0.000222064 0.0046022
45 0.000284284 0.00455473
46 0.000515059 0.00480618
47 0.0010483 0.00459345
