0 0.00026346 0.0146625
1 -0.000206372 0.0148843
2 4.32613e-05 0.014163
3 0.000838533 0.0129548
4 0.00137197 0.0112355
5 0.00156372 0.00982611
6 0.00195592 0.00808986
7 0.00200717 0.0064759
8 0.00165952 0.00595659
9 0.00134887 0.00644419
10 0.00112019 0.00707432
11 0.00137171 0.00762776
12 0.00105792 0.00796583
13 0.000532439 0.00857506
14 1.89532e-05 0.00943513
15 -0.000267937 0.0100553
16 -0.000522228 0.0102927
17 -0.000960413 0.0106711
18 -0.00158337 0.0112296
19 -0.00229838 0.0116933
20 -0.00245036 0.0124326
21 -0.00226459 0.0139946
22 -0.00183844 0.0159907
23 -0.00122401 0.0164343
24 -0.000533328 0.0160717
25 0.000578609 0.0158971
26 0.000900245 0.0155951
27 0.00101927 0.0146828
28 0.00091222 0.0133346
29 0.000925212 0.0113176
30 0.000656207 0.00963593
31 0.000298721 0.00853664
32 0.000199127 0.00803701
33 2.58674e-06 0.00775908
34 -7.30217e-05 0.00773356
35 -8.54573e-05 0.00772236
36 -0.000259258 0.00807793
37 -0.000373954 0.00777179
38 3.54013e-05 0.00781399
39 0.000650865 0.00797536
40 0.00101758 0.00773443
41 0.00120228 0.00775811
42 0.00138756 0.00780341
43 0.001439 0.00802878
44 0.000914362 0.00882361
45 0.000446282 0.0103301
46 0.000372642 0.0120814
47 0.000118265 0.0138336
