0 0.0035928 0.00497311
1 0.00215008 0.00483065
2 0.00132884 0.00497646
3 0.000967243 0.00468862
4 0.000396595 0.004412
5 -0.000436648 0.00441767
6 -0.00115387 0.00470938
7 -0.00193621 0.00522357
8 -0.00244925 0.0053662
9 -0.00222928 0.00512353
10 -0.00162111 0.00511328
11 -0.00118492 0.00484797
12 -0.000753459 0.00436871
13 -0.000249168 0.00408722
14 -9.79047e-05 0.00399666
15 1.13165e-05 0.00415056
16 0.000229653 0.00434055
17 0.00034219 0.00452474
18 0.000577213 0.0048293
19 0.00100928 0.00526787
20 0.00156942 0.00603746
21 0.00187635 0.00651343
22 0.0017066 0.00648397
23 0.00134418 0.00674657
24 0.00165405 0.00723339
25 0.00113482 0.00787061
26 0.000873463 0.00770938
27 0.000293788 0.00729837
28 -0.000285862 0.00672455
29 -0.000486547 0.00656229
30 -0.000396367 0.00630412
31 -0.000213185 0.00602727
32 4.92046e-05 0.00576615
33 0.000144338 0.00574222
34 0.000140732 0.0063749
35 0.000430074 0.0068718
36 0.0010977 0.00597447
37 0.00147043 0.00578088
38 0.00141308 0.00583986
39 0.000983865 0.00586857
40 0.000737293 0.00561163
41 0.00100327 0.00512236
42 0.00169104 0.00489983
43 0.00243312 0.00468787
44 0.00293188 0.00491253
45 0.0039166 0.00571376
46 0.00516744 0.00705981
47 0.00504282 0.00682954
