0 -0.000399867 0.0055049
1 -0.000189812 0.00508851
2 0.00021124 0.00497216
3 0.000103153 0.00493178
4 7.21569e-05 0.00467102
5 5.81006e-05 0.00445222
6 0.000242286 0.00428323
7 0.00051768 0.0046012
8 0.000905874 0.00475089
9 0.0011784 0.00476941
10 0.00136653 0.00454437
11 0.00136368 0.00443521
12 0.00111659 0.00425457
13 0.00091748 0.00411122
14 0.000500218 0.00404303
15 -0.000143766 0.00418346
16 -0.000610979 0.00447357
17 -0.000550407 0.00480908
18 -0.000120266 0.00526836
19 0.00010574 0.00578531
20 0.000141888 0.00616827
21 4.40376e-05 0.00635078
22 7.45472e-07 0.00616245
23 1.25322e-05 0.00597056
24 -0.000200725 0.00562592
25 -0.000237791 0.00519164
26 -0.000505413 0.00475035
27 -0.000738841 0.00456027
28 -0.000886706 0.00460984
29 -0.000923444 0.00476282
30 -0.000904866 0.00501007
31 -0.0006758 0.00510813
32 -0.000453149 0.00494088
33 -0.000263698 0.00486497
34 -0.000145662 0.00501548
35 -0.000169828 0.00499584
36 -0.000142258 0.00471607
37 -1.24686e-05 0.00438993
38 0.000248404 0.0042935
39 0.000417997 0.00450151
40 0.000366401 0.00517737
41 0.000135397 0.00552052
42 -0.000102085 0.00569207
43 -0.000157671 0.00572601
44 -0.000328636 0.00590252
45 -0.000313899 0.00613016
46 -4.31014e-05 0.00610718
47 -5.94986e-05 0.00588831
