0 -0.00196922 0.0183869
1 -0.00206213 0.0177856
2 -0.000986359 0.017128
3 0.000224304 0.0166682
4 0.000877727 0.0158071
5 0.00144777 0.0147616
6 0.00186291 0.0139865
7 0.0018379 0.013536
8 0.00178363 0.0137252
9 0.00134149 0.013856
10 0.00132012 0.0135412
11 0.000999023 0.013056
12 0.000490847 0.0127836
13 -0.000214113 0.0122088
14 -0.000990378 0.0116842
15 -0.00113018 0.0110467
16 -0.000941379 0.0104284
17 -0.00107559 0.0104012
18 -0.00135295 0.0106892
19 -0.00143926 0.0117205
20 -0.00119482 0.0130882
21 -0.00088085 0.014848
22 -0.000300577 0.0171434
23 0.000686915 0.0190376
24 0.000219353 0.0200843
25 -2.29179e-05 0.019139
26 -0.000296071 0.0174889
27 -0.000409557 0.0159433
28 6.68809e-06 0.0148782
29 0.000536787 0.0143135
30 0.00121435 0.0137848
31 0.00199862 0.0128
32 0.00257248 0.0115651
33 0.002695 0.0109515
34 0.00258613 0.0105648
35 0.00235916 0.0101945
36 0.00231651 0.0105933
37 0.0022094 0.0108303
38 0.00205585 0.0109837
39 0.00218192 0.0112086
40 0.00211512 0.0114797
41 0.00233334 0.0118434
42 0.00213186 0.0123649
43 0.00152209 0.012982
44 0.000856658 0.0140311
45 0.000555491 0.0156545
46 -9.53553e-05 0.0172454
47 -0.000403838 0.0184974
