0 -0.00350324 0.00474157
1 -0.0040262 0.00415768
2 -0.00373072 0.00446678
3 -0.00318415 0.00521058
4 -0.00233198 0.00545824
5 -0.00134509 0.00541751
6 -0.000574139 0.00542696
7 -0.000204369 0.00561718
8 -0.000153883 0.0058937
9 -0.000551278 0.00566188
10 -0.00043275 0.00514945
11 -0.00047874 0.00472146
12 -0.000694649 0.00433684
13 -0.00108459 0.00412578
14 -0.00144383 0.00406543
15 -0.00145409 0.00404314
16 -0.00142936 0.00398523
17 -0.00161555 0.00411655
18 -0.00190904 0.00405135
19 -0.00216821 0.00438751
20 -0.00231127 0.00504619
21 -0.00234791 0.00599202
22 -0.00217601 0.00745046
23 -0.00134857 0.00836147
24 -0.000969293 0.00855652
25 -0.000411208 0.00795533
26 2.92027e-05 0.00749621
27 0.000195292 0.00723534
28 0.000533702 0.00703957
29 0.00103597 0.00688937
30 0.00142709 0.00654738
31 0.00184099 0.00585887
32 0.00192997 0.00478729
33 0.00154974 0.00429619
34 0.00116416 0.00410498
35 0.000608655 0.00365309
36 0.000190752 0.00360512
37 -3.98677e-05 0.00353952
38 8.64346e-05 0.00363554
39 0.000302938 0.00395036
40 0.00023783 0.00449335
41 0.000342349 0.00494509
42 0.00039502 0.00502845
43 5.70816e-05 0.00479889
44 -0.000532682 0.00471479
45 -0.000810875 0.00472275
46 -0.00129352 0.00514954
47 -0.00194675 0.00558017
