0 -0.000363573 0.00750412
1 0.000610761 0.00739201
2 0.00122705 0.00714401
3 0.00201791 0.00673319
4 0.00242592 0.00632816
5 0.00228308 0.00595048
6 0.00193804 0.00581639
7 0.00203841 0.00570179
8 0.00218962 0.0058658
9 0.00187508 0.00573368
10 0.00133407 0.0056858
11 0.000732928 0.00571688
12 0.000562769 0.00563397
13 0.000581806 0.00567625
14 0.000751439 0.00596648
15 0.000931413 0.00653622
16 0.000823733 0.00752185
17 0.000490914 0.00800165
18 0.000229601 0.0082363
19 7.90884e-05 0.00805953
20 -0.000131874 0.00796508
21 -0.00074206 0.00825711
22 -0.00142252 0.00923139
23 -0.00171726 0.00929603
24 -0.00173755 0.00783984
25 -0.00121937 0.00620603
26 -0.000876093 0.00509733
27 -0.000568886 0.0042297
28 -0.000350083 0.00368015
29 -0.00019325 0.00320842
30 -0.000123126 0.00281943
31 -8.42601e-05 0.00248498
32 -8.89015e-05 0.00221767
33 0.000124012 0.00220693
34 0.000501142 0.00244443
35 0.000437164 0.00255059
36 0.000281032 0.00272491
37 7.87642e-05 0.00308585
38 -0.000289484 0.0034382
39 -0.000815385 0.00393333
40 -0.00119727 0.00475821
41 -0.00151969 0.00581173
42 -0.00221385 0.00705978
43 -0.00225287 0.00785665
44 -0.00205369 0.00849671
45 -0.00177047 0.00867027
46 -0.00144567 0.00852785
47 -0.000974272 0.00807405
