0 -2.21875e-05 0.0110731
1 -0.000825685 0.0103986
2 -0.00137884 0.00960402
3 -0.00173417 0.00879358
4 -0.00211472 0.00902554
5 -0.00238134 0.00937988
6 -0.00248762 0.00920886
7 -0.00242507 0.00868045
8 -0.00212703 0.0085984
9 -0.0016195 0.00890901
10 -0.00112733 0.00927687
11 -0.000815118 0.00955447
12 -0.000664015 0.00975182
13 -0.000618447 0.00958126
14 -0.000718672 0.00936659
15 -0.000949356 0.00925061
16 -0.00102519 0.00928246
17 -0.00078152 0.00962568
18 -0.000471891 0.0102113
19 -0.000228474 0.0108791
20 6.83511e-05 0.0112372
21 0.000389992 0.0111753
22 0.000669972 0.0115477
23 0.000853375 0.0123519
24 0.00056192 0.0129833
25 0.000778702 0.0127127
26 0.000675561 0.0130227
27 0.000519603 0.0130669
28 0.000330421 0.0129786
29 2.00855e-05 0.0132673
30 -0.000234975 0.0135229
31 -0.000163716 0.0135218
32 -0.000161897 0.0133169
33 -8.67462e-05 0.0129998
34 5.99841e-05 0.012368
35 0.000132903 0.0117741
36 0.00013654 0.0113906
37 3.41697e-05 0.0108609
38 5.58786e-05 0.0106847
39 0.000512087 0.0109034
40 0.001325 0.0112077
41 0.00191812 0.0117875
42 0.00213633 0.0124208
43 0.0019887 0.0130872
44 0.00181149 0.0134769
45 0.00120272 0.0130561
46 0.000695595 0.0124798
47 0.000626091 0.0118611
