0 0.0018191 0.0184524
1 0.00181537 0.0178167
2 0.00233916 0.0172874
3 0.00261752 0.0171889
4 0.003042 0.0166968
5 0.00296107 0.0156519
6 0.00213657 0.0148111
7 0.000952949 0.0142097
8 0.000566039 0.0140514
9 0.000494889 0.0139514
10 0.000100106 0.0133508
11 -0.000327554 0.0125951
12 -0.000288481 0.0122209
13 -5.62463e-06 0.0122996
14 0.000191549 0.0124655
15 0.000384121 0.0128769
16 0.000702349 0.013599
17 0.000747147 0.0144879
18 0.000756715 0.0158823
19 0.000780197 0.0174869
20 0.000723661 0.0186485
21 0.000573923 0.0199645
22 0.000411883 0.0213825
23 0.00053652 0.0223266
24 0.00114471 0.0214882
25 0.000476767 0.0190996
26 9.59388e-05 0.0169421
27 -0.000166459 0.0158756
28 -0.000635943 0.0154568
29 -0.00152205 0.015315
30 -0.00228062 0.0153204
31 -0.00239932 0.0146293
32 -0.00231345 0.0139323
33 -0.00236797 0.0135892
34 -0.00271841 0.0131903
35 -0.00296297 0.0128433
36 -0.00269442 0.0123493
37 -0.00267018 0.0117834
38 -0.0026277 0.0112745
39 -0.0024091 0.0108976
40 -0.00212063 0.0107931
41 -0.00213334 0.011076
42 -0.00178611 0.011854
43 -0.000874082 0.0137926
44 0.000550537 0.0164452
45 0.00146167 0.0181321
46 0.0014442 0.0186578
47 0.00140959 0.0191935
