0 0.00071715 0.0122459
1 -0.000415867 0.0127301
2 -2.28931e-05 0.0112895
3 4.81446e-05 0.00986717
4 -9.60076e-05 0.00854936
5 -0.000283453 0.0073249
6 -0.0001416 0.00650734
7 0.000130263 0.00602648
8 0.000436707 0.00563672
9 0.000517735 0.00554252
10 0.000476534 0.0054968
11 0.000287554 0.00560293
12 0.000415097 0.00576506
13 0.000686682 0.00613191
14 0.000857057 0.00651234
15 0.000957385 0.00665919
16 0.00109403 0.00663064
17 0.00126252 0.00714307
18 0.00148426 0.00767114
19 0.00171128 0.00814401
20 0.00194901 0.00847781
21 0.00228374 0.00894575
22 0.00248002 0.00966665
23 0.00245837 0.01023
24 0.0023182 0.0104067
25 0.00225046 0.0106052
26 0.00195879 0.0108902
27 0.00177423 0.0114239
28 0.00177935 0.0122072
29 0.00169665 0.0126115
30 0.00163203 0.0127179
31 0.00146722 0.0123744
32 0.00134814 0.0117011
33 0.00166511 0.0113742
34 0.00209639 0.0111539
35 0.00236866 0.0108889
36 0.00228108 0.0107895
37 0.00190608 0.0106009
38 0.00157232 0.0101991
39 0.00158105 0.0103297
40 0.00158929 0.0104669
41 0.00128955 0.00989951
42 0.000821723 0.00952287
43 0.000976999 0.00954191
44 0.00123594 0.00959918
45 0.00097978 0.00973492
46 0.00072624 0.00977838
47 0.00040533 0.0106255
