0 -0.000863041 0.00301855
1 -0.000635575 0.00277136
2 -0.000147306 0.00281891
3 0.000129776 0.00292296
4 -4.78722e-05 0.00300917
5 -2.94412e-05 0.00288428
6 0.000261919 0.00257396
7 0.000319628 0.00237512
8 1.95634e-05 0.00228693
9 -6.72722e-05 0.00243376
10 0.000225978 0.00251258
11 0.000723308 0.00257684
12 0.00110965 0.00234006
13 0.00125987 0.00201252
14 0.00136599 0.00187632
15 0.00116241 0.00209216
16 0.000753563 0.00235258
17 0.000415883 0.0024698
18 0.00047214 0.00250058
19 0.000776898 0.00289152
20 0.000998267 0.00331608
21 0.00107587 0.00369465
22 0.00114107 0.00385283
23 0.00129717 0.00373295
24 0.00152296 0.00336476
25 0.00112551 0.0029495
26 0.000750194 0.00280775
27 0.000327514 0.00306226
28 -0.000132363 0.00319221
29 -0.000332381 0.00300076
30 -0.000562505 0.0028673
31 -0.000642627 0.00268285
32 -0.000353584 0.00216061
33 -0.000185664 0.00175147
34 -0.000139611 0.00170714
35 0.000119086 0.00170629
36 0.000352097 0.00187209
37 0.000475845 0.0020865
38 0.000500177 0.00225018
39 0.000475465 0.00237028
40 0.000486101 0.00246645
41 0.000477462 0.00241166
42 0.000507142 0.00232594
43 0.000474432 0.0023177
44 0.000303188 0.00233704
45 -1.51478e-05 0.0025549
46 -0.000442276 0.00260012
47 -0.000821867 0.00287822
