0 -0.000783534 0.00592263
1 -6.4093e-05 0.00707232
2 0.00014468 0.00759456
3 2.47471e-07 0.00758807
4 -0.000238141 0.00725448
5 -1.34146e-05 0.0068243
6 6.74357e-05 0.00637755
7 -0.000140716 0.00575494
8 -0.000230646 0.00543546
9 -0.000182275 0.00522201
10 -0.000169477 0.00500474
11 -0.000265481 0.00501403
12 -0.000424694 0.00510309
13 -0.000614663 0.00527285
14 -0.000502808 0.0056985
15 -0.000563023 0.00582424
16 -0.000653941 0.00588241
17 -0.000470029 0.00608824
18 -0.00031608 0.00657574
19 -0.000100104 0.00667144
20 -0.000100392 0.00662289
21 -7.89349e-05 0.00666775
22 8.29219e-05 0.00690674
23 0.000245227 0.00720184
24 0.000203647 0.00757998
25 0.000270433 0.00686693
26 0.000278276 0.00614634
27 0.000192997 0.00551495
28 3.63041e-05 0.00498683
29 -0.000141174 0.00470267
30 -0.000446009 0.00461316
31 -0.000583697 0.0045826
32 -0.000557636 0.00478793
33 -0.00031499 0.00497381
34 -7.69099e-05 0.00486153
35 0.00035926 0.00474319
36 0.000723206 0.00466125
37 0.000958259 0.0044704
38 0.00108242 0.00437704
39 0.000852315 0.00418623
40 0.000367374 0.00405025
41 -0.000111487 0.00374616
42 -0.000490308 0.00348866
43 -0.000882113 0.0033837
44 -0.00115819 0.00335339
45 -0.00134457 0.00360969
46 -0.00129347 0.00419035
47 -0.00112814 0.00498672
