0 -0.000849103 0.00256866
1 -0.000756262 0.00209814
2 -0.000455117 0.00151605
3 -0.000432487 0.00127001
4 -0.000345863 0.00113569
5 0.00011146 0.00132626
6 0.000516868 0.0015367
7 0.000752957 0.00171804
8 0.000881972 0.0020127
9 0.00112729 0.00232326
10 0.00119214 0.00289287
11 0.000983061 0.00333833
12 0.000552716 0.00343941
13 0.000170856 0.00289057
14 9.67087e-05 0.00261463
15 0.00017586 0.00245663
16 2.68728e-06 0.00260422
17 -0.000140861 0.00298117
18 -0.000259874 0.0031862
19 -0.000474698 0.0033109
20 -0.000814941 0.00366244
21 -0.000875073 0.00399862
22 -0.000820143 0.00422589
23 -0.000910675 0.00487276
24 -0.000770081 0.00538243
25 -0.00122394 0.00558901
26 -0.00137896 0.00592964
27 -0.00146697 0.00601819
28 -0.00133655 0.00601083
29 -0.000934039 0.00574729
30 -0.000716659 0.00583382
31 -0.000807882 0.00604818
32 -0.000915421 0.00608063
33 -0.00139417 0.0058474
34 -0.00206028 0.00578635
35 -0.00246732 0.00561511
36 -0.00251744 0.00522758
37 -0.0022019 0.00508463
38 -0.00165709 0.00495696
39 -0.0010243 0.00477718
40 -0.000969824 0.00461078
41 -0.00115552 0.00440011
42 -0.00129295 0.00436658
43 -0.00142454 0.00456119
44 -0.00142972 0.00449824
45 -0.00105672 0.0045198
46 -0.000957053 0.00424032
47 -0.000857995 0.00351638
