0 0.000483352 0.00543552
1 7.14604e-05 0.00509671
2 -2.1542e-05 0.0053124
3 0.000169238 0.005395
4 0.000234347 0.00544266
5 -4.50132e-05 0.00559461
6 -0.000450567 0.00625408
7 -0.000417066 0.00661736
8 -0.000380317 0.00622554
9 -0.000462841 0.00555665
10 -0.00046156 0.00498532
11 -0.000513896 0.00448968
12 -0.000816598 0.00413853
13 -0.00103993 0.00409072
14 -0.00126492 0.00424463
15 -0.0014515 0.00447053
16 -0.00133931 0.00468236
17 -0.000885131 0.00482459
18 -0.000334274 0.00502284
19 2.11943e-06 0.00565224
20 0.000338296 0.00644752
21 0.000481525 0.00664755
22 0.000451953 0.00674106
23 0.000674058 0.00643925
24 0.000910962 0.00595744
25 0.00084891 0.00498734
26 0.0007867 0.00419269
27 0.00070963 0.00366426
28 0.000401767 0.00319072
29 -0.000114641 0.00298394
30 -0.00030009 0.0029306
31 -7.41368e-05 0.00292848
32 8.00089e-05 0.00302525
33 0.000199451 0.00311638
34 0.000275863 0.00314924
35 0.000413232 0.00320438
36 0.000592345 0.00331223
37 0.000754422 0.00338881
38 0.000746493 0.0033633
39 0.000384428 0.00329256
40 -0.000107478 0.00318314
41 -0.000570306 0.00328897
42 -0.000985426 0.00362483
43 -0.00146726 0.00367514
44 -0.00138957 0.00370119
45 -0.000576041 0.00437753
46 -0.000188035 0.00520729
47 0.000120091 0.00589368
