0 -0.000908439 0.0106747
1 -0.00146443 0.00970744
2 -0.00134123 0.00907675
3 -0.00160624 0.00823326
4 -0.00176481 0.00745422
5 -0.00143736 0.0067596
6 -0.000820178 0.00633288
7 -0.000139857 0.00635713
8 0.000299275 0.00628488
9 0.000521316 0.00602194
10 0.000664021 0.00614097
11 0.000768933 0.00669969
12 0.000664647 0.00688511
13 0.000519278 0.00653342
14 0.000441876 0.0061988
15 0.000362703 0.00623312
16 0.000134335 0.0063787
17 -0.000203628 0.00640028
18 -0.000470895 0.00656254
19 -0.000511906 0.0068793
20 -0.000230291 0.0066948
21 0.000178783 0.006518
22 0.000554933 0.00683125
23 0.00090959 0.00758975
24 0.00106219 0.0085566
25 0.00163522 0.00922331
26 0.00188437 0.00935159
27 0.00189239 0.00957053
28 0.00181099 0.00967195
29 0.00153328 0.00968246
30 0.00121156 0.00957394
31 0.0011457 0.00927246
32 0.00101627 0.00898674
33 0.00088092 0.0085043
34 0.000899934 0.00774235
35 0.000867975 0.00712942
36 0.000597789 0.00715132
37 0.000256108 0.00786056
38 -0.0003759 0.00863494
39 -0.00111117 0.00951696
40 -0.00165163 0.0100528
41 -0.00197085 0.010032
42 -0.00211551 0.00974133
43 -0.00174237 0.00973202
44 -0.00103076 0.00983674
45 -0.000652459 0.0101013
46 -0.000319129 0.0106713
47 -0.000258624 0.0107891
