0 0.00408903 0.0128904
1 0.00329901 0.0118351
2 0.00252727 0.0102549
3 0.00228455 0.00903505
4 0.00231076 0.00776353
5 0.00179361 0.00677853
6 0.0012285 0.00647325
7 0.000830941 0.00640723
8 0.000666447 0.00611625
9 0.000783531 0.00568024
10 0.000801156 0.00568856
11 0.000585721 0.00604642
12 0.000283082 0.0060758
13 -2.09024e-05 0.0064143
14 -0.000133905 0.00677028
15 4.89549e-06 0.00731511
16 0.000246405 0.00771115
17 0.000390287 0.00802462
18 0.000546788 0.00835504
19 0.000643593 0.00844301
20 0.000692903 0.0085861
21 0.000826349 0.00877397
22 0.000886735 0.00909361
23 0.000915111 0.00959576
24 0.000622215 0.00981406
25 0.00101282 0.0100041
26 0.000987831 0.0101547
27 0.0010145 0.0104155
28 0.00103836 0.0107458
29 0.00100237 0.011066
30 0.000954839 0.0109179
31 0.000939083 0.010951
32 0.00109727 0.0106373
33 0.00111777 0.0104335
34 0.00146084 0.00988815
35 0.00182784 0.00976099
36 0.001831 0.00972594
37 0.00170741 0.00986936
38 0.00142942 0.00984132
39 0.00122646 0.0100752
40 0.00132071 0.0107732
41 0.00146668 0.0112099
42 0.00174329 0.0112778
43 0.00202293 0.0115139
44 0.00207588 0.0118016
45 0.00253724 0.0121824
46 0.0033505 0.0128839
47 0.00376176 0.0133536
