0 -0.00149286 0.0109287
1 -0.00210706 0.0106144
2 -0.00215925 0.0102501
3 -0.00216219 0.00964443
4 -0.00196515 0.00862486
5 -0.00149698 0.00798056
6 -0.00102336 0.0078164
7 -0.000805375 0.00746603
8 -0.000757232 0.00703
9 -0.000565177 0.00667553
10 -0.000266145 0.0065921
11 -0.000264441 0.00655892
12 -0.000435865 0.00666165
13 -0.000528898 0.00695618
14 -0.000760277 0.00739288
15 -0.00102459 0.00757734
16 -0.00128432 0.00761193
17 -0.00156954 0.0078719
18 -0.00171379 0.00844816
19 -0.00167817 0.00892973
20 -0.0015774 0.00918824
21 -0.00144659 0.00957829
22 -0.00137119 0.00935229
23 -0.00118398 0.0089127
24 -0.000767396 0.00859258
25 -0.000667928 0.00857559
26 -0.000563785 0.00841306
27 -0.000502286 0.0080087
28 -0.000385397 0.00735789
29 -8.18704e-05 0.00650055
30 0.000183385 0.00609958
31 0.000297123 0.00611308
32 0.000328835 0.00636467
33 0.000381501 0.0064396
34 0.000420524 0.00635465
35 0.000399021 0.00628945
36 0.000519198 0.0062291
37 0.00100177 0.0062107
38 0.00138104 0.00641545
39 0.00121138 0.00677991
40 0.000791142 0.00743879
41 0.00042521 0.007844
42 0.000117536 0.00829515
43 -8.01543e-05 0.00884864
44 -0.000258454 0.00905489
45 -0.000424138 0.00952401
46 -0.000611971 0.0102385
47 -0.00111132 0.0108713
