0 -0.000374329 0.0107292
1 0.000186863 0.0101395
2 0.000287941 0.00974011
3 0.000100595 0.00905652
4 7.26654e-05 0.00875181
5 0.000164487 0.00868235
6 0.000597966 0.00838458
7 0.0012004 0.00832277
8 0.00155986 0.00838116
9 0.00180981 0.00842687
10 0.00200296 0.00875244
11 0.00213784 0.0091676
12 0.00188408 0.00936723
13 0.00145911 0.00918469
14 0.00139372 0.00868083
15 0.00159097 0.00815892
16 0.0017976 0.00796804
17 0.00207495 0.00818249
18 0.00239167 0.00879697
19 0.00279568 0.00976805
20 0.00319411 0.0111986
21 0.00357923 0.0124941
22 0.00330726 0.0128909
23 0.0029381 0.0133344
24 0.00287631 0.0136935
25 0.00183027 0.0126654
26 0.00117642 0.0117462
27 0.000631033 0.0110433
28 0.000521741 0.0100705
29 0.000686107 0.00935638
30 0.000679896 0.00886281
31 0.000477405 0.00840272
32 0.000421516 0.00791773
33 0.000668915 0.00755612
34 0.000877011 0.00741503
35 0.00114405 0.00759028
36 0.00131661 0.00777912
37 0.000963259 0.00768684
38 0.000509809 0.00746195
39 -0.000186985 0.00744207
40 -0.000958907 0.00746631
41 -0.00144105 0.00748086
42 -0.00169635 0.00733496
43 -0.00202878 0.00773993
44 -0.00222155 0.00846597
45 -0.0020466 0.00921907
46 -0.00179771 0.0100433
47 -0.00166573 0.0107478
