0 0.000179705 0.00549176
1 9.99649e-05 0.00553593
2 0.000585826 0.00558021
3 0.00099349 0.0051996
4 0.00135328 0.00465625
5 0.00191158 0.00427257
6 0.00226821 0.00371558
7 0.00245473 0.00325644
8 0.00219698 0.00297385
9 0.00210362 0.00267407
10 0.00200256 0.00240877
11 0.00151562 0.00201598
12 0.00125823 0.00163672
13 0.00105713 0.00150231
14 0.000812444 0.00154726
15 0.00062448 0.00180683
16 0.000185517 0.00164516
17 -0.000618533 0.00141855
18 -0.00139636 0.00154653
19 -0.00190791 0.00165492
20 -0.00229871 0.0017907
21 -0.00226409 0.00187195
22 -0.00203731 0.00202135
23 -0.00167978 0.00223243
24 -0.00167033 0.00248208
25 -0.00170761 0.00268619
26 -0.00161852 0.00298533
27 -0.0014314 0.00327355
28 -0.00129547 0.00308862
29 -0.0012589 0.00271809
30 -0.00124171 0.0024059
31 -0.00119791 0.00240027
32 -0.00132924 0.00244595
33 -0.00144967 0.00241163
34 -0.00147635 0.00222955
35 -0.00139912 0.00217774
36 -0.00148683 0.0022037
37 -0.00137979 0.0024882
38 -0.00130946 0.00257533
39 -0.00116313 0.00290162
40 -0.000758797 0.00338918
41 -0.000103446 0.00406277
42 0.000188595 0.00495423
43 0.00045848 0.00562234
44 0.000599422 0.00562917
45 0.000404444 0.00509352
46 5.85532e-05 0.00461095
47 0.00018922 0.00504227
