0 0.000515606 0.0056768
1 0.000428535 0.00562807
2 -0.000111616 0.00512724
3 -0.000420966 0.00484462
4 -0.000205528 0.00471079
5 0.000410717 0.0046928
6 0.000596132 0.00443084
7 0.000735035 0.00416084
8 0.00101526 0.00396648
9 0.00100224 0.00406724
10 0.000879487 0.0040524
11 0.000753783 0.00402052
12 0.000580061 0.003869
13 0.000450227 0.00393974
14 0.000204438 0.00422887
15 0.000130958 0.00437049
16 0.000263941 0.00435015
17 0.000370682 0.00435365
18 0.000690129 0.00437845
19 0.00104679 0.00447493
20 0.00150429 0.00485015
21 0.00190286 0.00535513
22 0.00244513 0.00621895
23 0.0025164 0.00645362
24 0.00245859 0.00660763
25 0.00294586 0.00688881
26 0.00309513 0.00735927
27 0.00310598 0.00740702
28 0.00286223 0.00665292
29 0.00260197 0.00593804
30 0.0022939 0.00524871
31 0.00209936 0.00477399
32 0.00214647 0.00459693
33 0.00229841 0.00444052
34 0.00226196 0.00417141
35 0.00211977 0.00372671
36 0.00168976 0.00361933
37 0.00111232 0.00370315
38 0.000520976 0.00386739
39 0.000208213 0.00410561
40 2.96651e-05 0.00396636
41 -0.000105344 0.00392853
42 -0.000259881 0.00397683
43 -0.000245579 0.00395686
44 -0.000403669 0.00442509
45 -0.000487651 0.00485855
46 -0.000516713 0.00542804
47 -0.000347942 0.00563896
