0 -0.000165946 0.020608
1 0.000299057 0.0206091
2 0.000595863 0.0180453
3 0.00151415 0.0152324
4 0.0023538 0.0132166
5 0.00261763 0.0111937
6 0.00230137 0.0100515
7 0.00190827 0.0101116
8 0.00151668 0.0104627
9 0.00117565 0.010459
10 0.00100183 0.0106496
11 0.00079281 0.0104895
12 0.000478982 0.00998662
13 -0.000113821 0.0095277
14 -0.000691583 0.00935167
15 -0.00118404 0.00915615
16 -0.00161696 0.0092327
17 -0.00210885 0.00976811
18 -0.00276036 0.0103178
19 -0.00337734 0.0110926
20 -0.00359984 0.0117828
21 -0.00347118 0.0126144
22 -0.00349527 0.013602
23 -0.00329081 0.0144262
24 -0.00192527 0.0149492
25 -0.00230991 0.0158209
26 -0.00164267 0.0159047
27 -0.0014449 0.0163535
28 -0.00155316 0.0162091
29 -0.00118088 0.0154837
30 -0.000819851 0.014668
31 -0.000241762 0.0151323
32 0.000225191 0.0155583
33 0.000358213 0.0156937
34 0.000573388 0.0151392
35 0.00120647 0.0140997
36 0.00182211 0.0133538
37 0.00224933 0.0126124
38 0.0030537 0.0121641
39 0.00373882 0.0115988
40 0.00408288 0.0109641
41 0.00432943 0.0105117
42 0.00416454 0.0105502
43 0.00394375 0.0110926
44 0.00357809 0.0123878
45 0.00297235 0.0145648
46 0.00221523 0.0164524
47 0.00133145 0.0188128
