0 0.00140254 0.00507688
1 0.00175451 0.004562
2 0.00161227 0.00413848
3 0.00109337 0.00400652
4 0.000379961 0.00373581
5 -0.000325014 0.0035765
6 -0.000788609 0.00366179
7 -0.000897184 0.004253
8 -0.000882324 0.00449022
9 -0.000784048 0.00459266
10 -0.000780328 0.00477814
11 -0.00107957 0.00420885
12 -0.00131178 0.00317232
13 -0.00132113 0.00250577
14 -0.00109489 0.00220306
15 -0.000789222 0.00248575
16 -0.000968977 0.00309905
17 -0.00147357 0.00355705
18 -0.00208479 0.00382844
19 -0.00226404 0.00380562
20 -0.00246682 0.00369467
21 -0.00248939 0.00362211
22 -0.00220431 0.00380392
23 -0.00168018 0.00422964
24 -0.00115073 0.00455009
25 -0.000824787 0.0044826
26 -0.000117457 0.00379614
27 0.000606882 0.003152
28 0.00128982 0.00283088
29 0.00139854 0.00266463
30 0.00147521 0.00284922
31 0.00151841 0.00325941
32 0.0015085 0.00352211
33 0.00131201 0.00344205
34 0.000849504 0.00331213
35 0.000364079 0.00316976
36 -0.000271955 0.00313344
37 -0.0011601 0.00333075
38 -0.00139221 0.00314851
39 -0.00150114 0.00289871
40 -0.00165804 0.00273658
41 -0.00196952 0.0025668
42 -0.00204059 0.00228288
43 -0.00166279 0.0017335
44 -0.00116831 0.00178647
45 -0.000634418 0.002534
46 -5.22039e-05 0.00360379
47 0.00111514 0.00433127
