0 -0.00145925 0.00719274
1 -0.00196315 0.00702602
2 -0.00207288 0.00709719
3 -0.00157293 0.00749715
4 -0.000885898 0.0074505
5 -0.000319244 0.00686121
6 -8.81334e-06 0.00626688
7 5.55417e-05 0.00539344
8 0.000351157 0.00476407
9 0.000591619 0.0046471
10 0.000640718 0.0048601
11 0.000691209 0.0048336
12 0.000793812 0.00479518
13 0.000631518 0.00479227
14 0.000516489 0.00485102
15 0.000596269 0.00486995
16 0.000492788 0.00505599
17 0.000131884 0.00547703
18 2.35349e-05 0.00602677
19 0.000267865 0.00641087
20 0.000617832 0.00682904
21 0.000748998 0.00687699
22 0.000936008 0.00696609
23 0.00118927 0.00727884
24 0.000780371 0.00738688
25 0.00120614 0.00732889
26 0.00145176 0.00706391
27 0.00137082 0.00671847
28 0.00120725 0.00646036
29 0.00127585 0.00621725
30 0.00141397 0.00601419
31 0.00124498 0.00577519
32 0.000927296 0.00578947
33 0.000690133 0.00585675
34 0.000389683 0.00594171
35 0.000264156 0.00638166
36 -0.000192279 0.00662904
37 -0.000475306 0.00673425
38 -0.000493533 0.00688431
39 -0.000337475 0.00690797
40 -0.000353393 0.00680373
41 -0.000455701 0.00683541
42 -0.000480626 0.00739551
43 -0.000704524 0.00789646
44 -0.000790913 0.00774683
45 -0.000851974 0.00756575
46 -0.000619525 0.00708279
47 -0.000789532 0.00701969
