0 0.000922014 0.0103299
1 0.000124173 0.00964492
2 -2.4274e-06 0.00959084
3 0.0001405 0.00973598
4 0.000369602 0.0103838
5 0.000232786 0.0109067
6 0.000563217 0.0102004
7 0.000761169 0.00967467
8 0.000935775 0.00933653
9 0.00129389 0.00874197
10 0.00172612 0.00836505
11 0.00209519 0.00843407
12 0.00201432 0.00875722
13 0.00202527 0.00919846
14 0.00190278 0.00967165
15 0.00173102 0.00953335
16 0.00135361 0.00917634
17 0.00115668 0.00905342
18 0.00092574 0.00859456
19 0.000681653 0.00823742
20 0.000570476 0.00785675
21 0.000476713 0.00759625
22 0.000444454 0.00755245
23 0.000464109 0.00756448
24 0.000494352 0.00761179
25 0.00054 0.00771862
26 0.000563454 0.00751114
27 0.000648017 0.00728891
28 0.000719913 0.00731501
29 0.000847562 0.00702355
30 0.000990327 0.00686388
31 0.00116094 0.00664683
32 0.00139006 0.00632388
33 0.00148685 0.00585272
34 0.00161757 0.00543483
35 0.00175713 0.00528214
36 0.00173871 0.00504632
37 0.00181532 0.00513418
38 0.00203341 0.00545841
39 0.00218766 0.00542481
40 0.00225063 0.00556108
41 0.00231499 0.00580935
42 0.00233534 0.00640496
43 0.00218206 0.00690873
44 0.00216754 0.00755711
45 0.00200151 0.0086586
46 0.00172021 0.00950545
47 0.0016377 0.0103946
