0 -0.00240602 0.00505382
1 -0.00188686 0.00443994
2 -0.00106858 0.0041618
3 -0.000943053 0.00389608
4 -0.000955943 0.00382945
5 -0.000751182 0.00362881
6 -0.000463211 0.00314945
7 -0.000249621 0.00258904
8 -0.000125816 0.0023607
9 0.000110094 0.00226435
10 0.000373935 0.00237921
11 0.000516512 0.00279654
12 0.000371523 0.00298666
13 0.000429094 0.00293712
14 0.000579426 0.00289867
15 0.000709402 0.00275623
16 0.000855193 0.00263752
17 0.000799454 0.00245913
18 0.000746026 0.00239558
19 0.000744423 0.00247614
20 0.000900737 0.00276196
21 0.0011477 0.00326459
22 0.00131496 0.00383282
23 0.00155652 0.00436425
24 0.00123366 0.00463684
25 0.000706848 0.00466507
26 2.66876e-05 0.00469804
27 -0.00027036 0.00446754
28 -0.000234349 0.00419617
29 -8.7219e-05 0.00390249
30 0.000212717 0.00373514
31 0.000454798 0.00366879
32 0.000766415 0.00362706
33 0.000859163 0.00334829
34 0.000728254 0.00327151
35 0.000784766 0.00339573
36 0.000971734 0.00357105
37 0.00112223 0.0038686
38 0.00108613 0.00405176
39 0.000491291 0.00412622
40 -2.8905e-05 0.00403825
41 -0.000153307 0.00379305
42 0.000129228 0.00332066
43 -5.99928e-05 0.00322059
44 -0.000633047 0.00366487
45 -0.00131089 0.00404622
46 -0.00219286 0.0049121
47 -0.00242979 0.00517287
