0 -0.0011846 0.0121611
1 -0.00155313 0.0115872
2 -0.00241389 0.0108387
3 -0.00243991 0.0101351
4 -0.00184123 0.0100349
5 -0.00121449 0.0106467
6 -0.000712262 0.0113277
7 -0.000673418 0.0114807
8 -0.000544298 0.0117361
9 -0.000329272 0.0116326
10 -8.59433e-05 0.0111018
11 0.00018229 0.0106519
12 0.000392655 0.0106335
13 0.000543274 0.0106974
14 0.00111307 0.0104279
15 0.00135164 0.00938748
16 0.00140398 0.00824973
17 0.00144829 0.00734525
18 0.00156662 0.0070848
19 0.00157371 0.0073047
20 0.0016104 0.00798757
21 0.00159719 0.00864711
22 0.00154784 0.00921723
23 0.00152917 0.0100874
24 0.000914967 0.0103025
25 0.000940401 0.01041
26 0.000883736 0.010355
27 0.000636447 0.00988135
28 0.000523403 0.00933948
29 0.000447644 0.00918012
30 0.000296783 0.00879385
31 0.000132969 0.00813928
32 -6.03679e-05 0.00767446
33 -0.000256308 0.00738485
34 -0.000692581 0.00732143
35 -0.00120394 0.00734801
36 -0.00162502 0.0072513
37 -0.00189039 0.00724746
38 -0.00219833 0.00726771
39 -0.00226026 0.00751906
40 -0.00209929 0.00750252
41 -0.00170936 0.00723303
42 -0.00135668 0.00732115
43 -0.00129727 0.00778808
44 -0.00129892 0.00844842
45 -0.00140863 0.00912007
46 -0.00124886 0.0100061
47 -0.00147009 0.0110345
