0 0.000890604 0.00607724
1 0.00122759 0.00579371
2 0.00126375 0.00504125
3 0.00117243 0.00444578
4 0.000678479 0.00413555
5 0.000354773 0.0045246
6 0.000289915 0.0050382
7 -5.24616e-05 0.00495861
8 -0.00037397 0.00488813
9 -0.000699024 0.00481338
10 -0.000806217 0.0045546
11 -0.000786975 0.0046011
12 -0.000856191 0.00447375
13 -0.000910505 0.00435923
14 -0.000969236 0.00433827
15 -0.000832293 0.00417078
16 -0.000905456 0.00419197
17 -0.00104317 0.00433959
18 -0.00110476 0.00442038
19 -0.00118466 0.00434417
20 -0.00122372 0.00441004
21 -0.00108724 0.00461932
22 -0.0010114 0.00485628
23 -0.000971657 0.00517233
24 -0.000913789 0.00531048
25 -0.0010015 0.00526666
26 -0.00107995 0.00489916
27 -0.00124647 0.00455431
28 -0.00110813 0.00427231
29 -0.000818943 0.00410112
30 -0.000560491 0.00410399
31 -0.000315226 0.00433063
32 -0.000305248 0.00469592
33 -0.00054132 0.00479675
34 -0.000956025 0.00441318
35 -0.00118784 0.00405458
36 -0.00139477 0.00380506
37 -0.00127403 0.00342893
38 -0.000935388 0.0035081
39 -0.000724585 0.00378062
40 -0.000693237 0.00426394
41 -0.000477024 0.00460097
42 -0.0005363 0.00442779
43 -0.000447876 0.00434908
44 -6.66221e-05 0.00443514
45 0.000669804 0.00488276
46 0.00110309 0.00562158
47 0.000965353 0.00590388
