0 0.000346359 0.00379579
1 -0.000485508 0.00437979
2 -0.000677653 0.00427699
3 -0.000476382 0.00422327
4 -0.000329239 0.00410582
5 -0.000237695 0.00400011
6 -0.000254031 0.00355018
7 -0.000204101 0.00314349
8 2.46428e-05 0.00286402
9 0.000200376 0.00267009
10 0.000234538 0.00287956
11 0.000114537 0.00322739
12 7.53991e-05 0.00340377
13 -4.56245e-05 0.00327479
14 -0.000321841 0.00296383
15 -0.000389452 0.00253434
16 -0.000388077 0.00224486
17 -0.000361867 0.00211009
18 -0.000132047 0.00213796
19 0.000124721 0.00235473
20 0.000207427 0.00247641
21 0.000230753 0.00257622
22 0.000195669 0.00243973
23 0.000193664 0.00236767
24 0.000411444 0.00222832
25 0.000552342 0.0023605
26 0.000755844 0.00228685
27 0.000655452 0.002294
28 0.000747356 0.00224578
29 0.000643279 0.00228898
30 0.000499053 0.00224911
31 0.000405598 0.00235907
32 0.000225064 0.00259776
33 0.000221734 0.00284406
34 0.00030416 0.00295686
35 0.000405782 0.00291774
36 0.000468212 0.00283189
37 0.000544534 0.00276162
38 0.000552307 0.00263216
39 0.000578198 0.00243557
40 0.00058411 0.0023824
41 0.000682664 0.00222011
42 0.000962923 0.00225696
43 0.00122768 0.00238431
44 0.00139743 0.00253394
45 0.00149158 0.00283489
46 0.00117343 0.00311409
47 0.000664807 0.00338175
