0 0.00182898 0.00996956
1 0.00131167 0.00946016
2 0.000612656 0.00905238
3 0.000311592 0.00892116
4 -0.000129236 0.00923832
5 -0.000590193 0.00925375
6 -0.00094799 0.00924568
7 -0.00133048 0.00921663
8 -0.00159442 0.00878348
9 -0.00197958 0.00830087
10 -0.00224046 0.00791091
11 -0.00243575 0.00793002
12 -0.00248929 0.0078253
13 -0.00228543 0.00772874
14 -0.00213765 0.00762246
15 -0.0022628 0.00788368
16 -0.00225387 0.00808845
17 -0.00229489 0.00828217
18 -0.00226344 0.00835755
19 -0.00221435 0.00857396
20 -0.00219301 0.00878167
21 -0.00200919 0.00869707
22 -0.00167069 0.00835765
23 -0.00146696 0.00874639
24 -0.0016579 0.00919209
25 -0.000764482 0.00901477
26 -0.000317891 0.00860414
27 0.000128384 0.00843389
28 0.00055396 0.00846379
29 0.000869073 0.00831628
30 0.00118473 0.00817731
31 0.0012779 0.00805993
32 0.001305 0.00801086
33 0.00111758 0.00776321
34 0.000725005 0.00767196
35 0.000465507 0.00776817
36 0.000330752 0.00812662
37 0.000389205 0.00844916
38 0.000591543 0.00851708
39 0.000802494 0.00889092
40 0.000844032 0.00915695
41 0.000833511 0.00941497
42 0.00100442 0.00963826
43 0.001213 0.00940824
44 0.00153891 0.00945849
45 0.00203543 0.0100098
46 0.0022721 0.0109077
47 0.00225515 0.0107673
