0 0.000114928 0.00427248
1 1.83267e-05 0.00419213
2 -0.000134688 0.00371259
3 -0.000256862 0.00349364
4 -0.00043998 0.00335005
5 -0.000412387 0.00330481
6 -0.00019857 0.00317
7 0.000167417 0.00290911
8 0.000424831 0.00273926
9 0.000584768 0.00278114
10 0.000774366 0.00283626
11 0.00092971 0.00297871
12 0.00101887 0.00341659
13 0.00104135 0.00357757
14 0.00106133 0.00361675
15 0.00113134 0.00368335
16 0.0010761 0.00370224
17 0.00102922 0.00358301
18 0.00097366 0.00336899
19 0.00107158 0.00342554
20 0.0011883 0.00359664
21 0.0010782 0.00387737
22 0.000929163 0.00397472
23 0.000754088 0.00387449
24 0.000686486 0.00390099
25 0.000529653 0.00382431
26 0.00025357 0.0036985
27 0.000166666 0.00359973
28 0.000247094 0.00351745
29 0.000403274 0.00358251
30 0.000462083 0.00384109
31 0.000462815 0.00396892
32 0.000464608 0.00402146
33 0.000538388 0.00428232
34 0.000505176 0.00431114
35 0.00029316 0.0045203
36 -0.000112002 0.00502331
37 -0.000355524 0.00518946
38 -0.000437331 0.00515183
39 -0.000325841 0.00485187
40 -9.43221e-05 0.00456553
41 -5.36674e-05 0.00434184
42 5.75399e-05 0.00405989
43 0.000218821 0.00398541
44 0.000418852 0.0039764
45 0.000553807 0.00393697
46 0.000298501 0.00420451
47 0.000225674 0.00437425
