0 0.00349466 0.0187324
1 0.00364947 0.0188119
2 0.00267023 0.018809
3 0.0015561 0.0198053
4 0.000763535 0.019801
5 0.000541359 0.0184985
6 0.000982384 0.0174277
7 0.00132571 0.0162064
8 0.00183826 0.0157775
9 0.00188729 0.0152108
10 0.00210121 0.0145863
11 0.00220531 0.0143015
12 0.00118021 0.0141303
13 5.43786e-05 0.0137689
14 -0.000562292 0.0138989
15 -0.00126323 0.0143196
16 -0.00181192 0.0150447
17 -0.00204438 0.0151763
18 -0.00205571 0.0149582
19 -0.00196274 0.0157004
20 -0.00161788 0.016683
21 -0.000895606 0.0175956
22 -6.18635e-05 0.0190648
23 0.000572747 0.0198727
24 0.00149623 0.0194791
25 0.00106227 0.018609
26 0.000812499 0.017277
27 0.000496922 0.0156604
28 0.000415115 0.0142016
29 4.65331e-05 0.0128911
30 -0.000251717 0.0120529
31 -0.000600568 0.0114109
32 -0.00100379 0.0112398
33 -0.00126981 0.0113599
34 -0.00128023 0.011631
35 -0.00118992 0.0116277
36 -0.000814497 0.0112498
37 -0.000399642 0.0107876
38 0.000277545 0.010763
39 0.00105081 0.0107701
40 0.00141343 0.0109027
41 0.00131051 0.0112042
42 0.000925615 0.0122798
43 0.000631143 0.0132103
44 0.000669444 0.0134788
45 0.00101826 0.014191
46 0.00191609 0.0150355
47 0.0032121 0.0166837
