0 -0.00182944 0.0089911
1 -0.0021785 0.00932167
2 -0.00228724 0.00921868
3 -0.00197108 0.00862548
4 -0.00131615 0.00822475
5 -0.000832885 0.00755901
6 -0.000759607 0.00696283
7 -0.000318722 0.00664404
8 0.000236714 0.006315
9 0.000550784 0.00610367
10 0.00075511 0.00588477
11 0.000932396 0.00571442
12 0.0010125 0.0055068
13 0.000964059 0.00532423
14 0.0009998 0.00537128
15 0.000930981 0.00547733
16 0.000733404 0.00574135
17 0.000618489 0.00588232
18 0.000548427 0.00613561
19 0.00075017 0.0064465
20 0.000947021 0.00679344
21 0.00100028 0.0072627
22 0.000973948 0.00774912
23 0.000953383 0.00805683
24 0.00064686 0.0082849
25 0.000734041 0.00818755
26 0.000396372 0.00765092
27 -4.03858e-06 0.00701648
28 -0.000201047 0.00641612
29 -0.000422021 0.00603481
30 -0.000654061 0.00576405
31 -0.000724329 0.00553607
32 -0.000679505 0.00555999
33 -0.000598179 0.00573013
34 -0.000637289 0.00593188
35 -0.000511256 0.0059021
36 -0.000428065 0.00561844
37 -0.000622192 0.0055714
38 -0.00100401 0.00561874
39 -0.00114326 0.0054803
40 -0.000574946 0.00544968
41 -0.000162888 0.00579468
42 -0.000128926 0.00652085
43 2.33171e-05 0.00716734
44 0.000241443 0.00762337
45 0.000246681 0.0080874
46 -0.000165791 0.00828345
47 -0.000674757 0.00853634
