0 0.00359298 0.0194791
1 0.00236325 0.0221374
2 0.00171233 0.0232618
3 0.00197427 0.0210503
4 0.00199778 0.0195644
5 0.00166067 0.0177204
6 0.000800707 0.0166565
7 0.000168197 0.0157724
8 -0.000321558 0.0150974
9 -0.000695851 0.0143143
10 -0.000807139 0.0137669
11 -0.000992403 0.0130995
12 -0.00121489 0.0125735
13 -0.00128007 0.0122788
14 -0.00140088 0.0120923
15 -0.00165018 0.0122044
16 -0.00198441 0.012755
17 -0.00228227 0.0127799
18 -0.00250227 0.0123941
19 -0.00232345 0.0118241
20 -0.00172313 0.011721
21 -0.00109508 0.0124209
22 -0.000698703 0.0132828
23 -0.00038977 0.0140901
24 -0.000502574 0.0139005
25 -0.00020764 0.0136775
26 -0.000325953 0.0133085
27 -0.000428817 0.0131234
28 -0.000688757 0.0129112
29 -0.00102014 0.0130851
30 -0.00119438 0.0135622
31 -0.00143848 0.0134878
32 -0.00142194 0.012907
33 -0.000896724 0.0122879
34 -0.000341421 0.0116748
35 -0.000133504 0.0112021
36 -1.31726e-05 0.0105665
37 0.00026084 0.00999158
38 0.000455313 0.00929349
39 0.000804647 0.00866598
40 0.00110984 0.00865461
41 0.00160285 0.00908496
42 0.0021826 0.0103847
43 0.00283606 0.0118169
44 0.00339856 0.0131811
45 0.00414931 0.0149459
46 0.00457383 0.0163216
47 0.00493918 0.0178327
