0 0.000102665 0.00350305
1 -0.000415391 0.00286581
2 -0.000546691 0.00258996
3 -8.06689e-05 0.00224512
4 0.000210935 0.00188146
5 0.000268923 0.00175819
6 0.000379435 0.00190085
7 0.000502168 0.00207949
8 0.000500787 0.00231266
9 0.000519488 0.00259775
10 0.00045283 0.0027135
11 0.000414365 0.00256481
12 0.000305195 0.00227656
13 0.000217291 0.00199526
14 4.33568e-05 0.00184652
15 -0.000165466 0.00161923
16 -0.000331607 0.00155946
17 -0.000661765 0.00181519
18 -0.000832303 0.00225546
19 -0.000791827 0.00249058
20 -0.000658256 0.00279218
21 -0.000783478 0.00302236
22 -0.00090148 0.00356386
23 -0.000930944 0.00406615
24 -0.000818896 0.00407577
25 -0.000623707 0.00403462
26 -0.000470081 0.00384769
27 -0.000561673 0.00375618
28 -0.00083839 0.00386024
29 -0.00089282 0.00408254
30 -0.000613345 0.00458811
31 -0.00044015 0.00515716
32 -0.00025564 0.00552196
33 5.52872e-05 0.00566651
34 0.000225913 0.00594379
35 0.000279016 0.00563718
36 0.000368911 0.00531661
37 0.000247989 0.00490165
38 0.000237863 0.00443547
39 0.000366886 0.00413885
40 0.000528959 0.00406829
41 0.000520231 0.0040484
42 0.000586602 0.00372018
43 0.000471744 0.00383711
44 0.000266913 0.00408785
45 0.000132851 0.00400353
46 0.000104423 0.00394841
47 7.70323e-05 0.00386075
