0 0.00387661 0.00908207
1 0.00343193 0.00807507
2 0.00309641 0.00740279
3 0.0027483 0.00683549
4 0.00263811 0.00664619
5 0.00244761 0.00672679
6 0.00222071 0.0068213
7 0.00223236 0.00690717
8 0.00201241 0.00660861
9 0.00194486 0.00629553
10 0.00204285 0.00600238
11 0.00207873 0.00576451
12 0.00192863 0.00552429
13 0.00148315 0.00543897
14 0.000925353 0.00534335
15 0.000616011 0.00538156
16 0.000351974 0.00558462
17 0.000158674 0.00597223
18 0.000109029 0.00656683
19 0.000128372 0.00727053
20 -2.67915e-05 0.00816093
21 -0.000166175 0.00916564
22 -0.000118903 0.00973534
23 -0.000130054 0.0101819
24 -1.47605e-05 0.00978354
25 0.000255564 0.0096458
26 0.000210227 0.0102126
27 -0.000129525 0.0106953
28 -0.000455314 0.0104397
29 -0.000724285 0.0101913
30 -0.000898977 0.0101793
31 -0.000906078 0.0102104
32 -0.000682496 0.0102887
33 -0.000479158 0.0105782
34 -0.00029085 0.0108245
35 -5.10259e-05 0.0109363
36 -1.15118e-05 0.0105448
37 -0.000281975 0.0100735
38 -0.000674232 0.0094433
39 -0.00102712 0.00916353
40 -0.00101282 0.00874261
41 -0.000793975 0.00836978
42 -0.000538103 0.00822412
43 3.15296e-05 0.00859369
44 0.00095591 0.00925378
45 0.00180805 0.00929131
46 0.00231174 0.00923591
47 0.00284562 0.00951419
