0 0.00144816 0.0122137
1 0.000477497 0.0116239
2 -0.00025425 0.0110992
3 -0.00049191 0.010798
4 -0.000198871 0.010786
5 0.000160202 0.0107252
6 0.000657638 0.0107079
7 0.000678826 0.0106647
8 6.91961e-05 0.0103492
9 -0.000453018 0.00972537
10 -0.000918815 0.00969081
11 -0.00138446 0.0100782
12 -0.00176571 0.0107897
13 -0.00170164 0.0110543
14 -0.00147933 0.0113844
15 -0.0012982 0.0117921
16 -0.001024 0.0124493
17 -0.000706562 0.0133621
18 -0.000445531 0.0142314
19 -0.000631209 0.0149752
20 -0.00094524 0.0154461
21 -0.00125097 0.0154391
22 -0.00166996 0.0154068
23 -0.00209309 0.0150022
24 -0.00197815 0.0144812
25 -0.00218116 0.0142202
26 -0.00173948 0.0138443
27 -0.00111654 0.0132275
28 -0.000950733 0.0123932
29 -0.000807766 0.011459
30 -0.00053674 0.0113704
31 -0.000403171 0.0119562
32 -0.000191152 0.0123229
33 0.000159567 0.0119099
34 0.000569517 0.0115001
35 0.000897388 0.0116249
36 0.000925294 0.0123538
37 0.000686827 0.0130931
38 0.000336106 0.0136434
39 -0.000160224 0.0134676
40 -0.000431502 0.0128281
41 -0.000450407 0.0125212
42 -6.52234e-05 0.0126321
43 0.000677371 0.013116
44 0.00106198 0.0130762
45 0.00136071 0.0130175
46 0.00163407 0.0126738
47 0.00188542 0.0124209
