0 -0.00139744 0.00427497
1 -0.00112519 0.00384158
2 -0.000740039 0.00350439
3 -0.000478188 0.00344091
4 -0.000312953 0.00375635
5 -0.000123684 0.00410385
6 0.000243772 0.00427443
7 0.000476689 0.00392936
8 0.000412706 0.00352221
9 0.000473821 0.00314295
10 0.000565431 0.00272026
11 0.000393458 0.00233934
12 9.94603e-05 0.00214423
13 -0.000242258 0.0018717
14 -0.000321657 0.00182011
15 -0.000271809 0.00181437
16 -0.000222762 0.0018815
17 -9.50422e-05 0.00214423
18 -4.56239e-05 0.00246127
19 -0.000125922 0.00275882
20 -0.000489801 0.00283809
21 -0.00082576 0.00299573
22 -0.000962179 0.0031829
23 -0.00100608 0.003331
24 -0.00100982 0.00344134
25 -0.000801199 0.00379245
26 -0.000920632 0.00394372
27 -0.000883676 0.00362167
28 -0.00044079 0.00311903
29 -0.000140079 0.00271518
30 -4.63774e-05 0.0025294
31 4.70248e-05 0.00241415
32 0.000229166 0.00224609
33 0.000495394 0.0025144
34 0.000705044 0.00274647
35 0.000881412 0.00279006
36 0.00099685 0.00284222
37 0.00107606 0.00291416
38 0.000895801 0.00324037
39 0.000494787 0.00336253
40 2.9547e-05 0.00329746
41 -0.000248471 0.00373231
42 -0.000399864 0.00414932
43 -0.000304289 0.0041916
44 -0.000317642 0.00408033
45 -0.000445359 0.00381196
46 -0.000784192 0.00377064
47 -0.00144615 0.00396633
