0 0.00213358 0.0108891
1 1.80619e-05 0.0109025
2 -0.00109497 0.0104531
3 -0.0016781 0.0100189
4 -0.00196168 0.00921048
5 -0.00188814 0.00850023
6 -0.0018335 0.00784348
7 -0.00172397 0.0076074
8 -0.00137223 0.00746394
9 -0.00108904 0.00741706
10 -0.00101421 0.00721704
11 -0.000787049 0.00673702
12 -0.000619858 0.0062643
13 -0.000679835 0.00592934
14 -0.000729803 0.00590784
15 -0.000448352 0.00609409
16 -0.000296675 0.00646343
17 0.000112553 0.00702357
18 0.000592657 0.00749242
19 0.00098918 0.0076879
20 0.0013106 0.00809431
21 0.00155195 0.00870372
22 0.00161523 0.00940285
23 0.00157777 0.0101283
24 0.001464 0.00995068
25 0.00120438 0.00941157
26 0.00102513 0.00863205
27 0.00104553 0.00823552
28 0.00140743 0.00797278
29 0.00209777 0.00767951
30 0.00256306 0.00752587
31 0.00266549 0.00742688
32 0.00264294 0.00758525
33 0.00239789 0.00800997
34 0.00242095 0.00848284
35 0.00259744 0.00866993
36 0.00237538 0.00824584
37 0.00194187 0.00783916
38 0.00165246 0.0077523
39 0.00140552 0.00740899
40 0.00138628 0.00693684
41 0.00188574 0.00679298
42 0.00237663 0.00755678
43 0.00257091 0.00879838
44 0.00258228 0.00985379
45 0.00287713 0.0105709
46 0.00350469 0.0113353
47 0.00330112 0.0112319
