0 0.00247449 0.0081201
1 0.00203806 0.00740442
2 0.00123754 0.00673214
3 0.000314308 0.00587458
4 -5.56502e-05 0.0057329
5 -5.98559e-05 0.00625848
6 2.68753e-05 0.00613338
7 0.000219098 0.00555141
8 0.000301539 0.00540369
9 0.000107873 0.00527458
10 -0.000296928 0.00550526
11 -0.000494094 0.00546709
12 -0.000226164 0.0054378
13 0.000129116 0.00576151
14 0.000392965 0.00631121
15 0.00058607 0.00666725
16 0.000822776 0.00699611
17 0.00100932 0.00729165
18 0.000946457 0.00728844
19 0.000725429 0.00738191
20 0.000617379 0.00743057
21 0.000672173 0.00755361
22 0.000737554 0.00768805
23 0.000801591 0.00734204
24 0.000318705 0.0066176
25 0.000597577 0.00581451
26 0.000368609 0.00493763
27 0.000162248 0.0043608
28 6.15507e-05 0.00402887
29 0.000253082 0.00394247
30 0.000264591 0.0036916
31 -5.87604e-05 0.00348447
32 -0.000242722 0.00374134
33 -0.000357821 0.00401224
34 -0.000428629 0.00428359
35 -0.000521737 0.00462055
36 -0.000456781 0.00504597
37 -0.000230649 0.00545066
38 0.000157582 0.00583679
39 0.000249346 0.00605357
40 3.79236e-05 0.00578371
41 -0.000244237 0.00555628
42 -0.000424412 0.0054343
43 -0.000801871 0.00536704
44 -0.000917528 0.00530305
45 -0.000413883 0.00542795
46 0.00041179 0.00568467
47 0.00150585 0.00684802
