0 -5.30411e-05 0.00710479
1 -0.000690934 0.00611009
2 -0.000985957 0.00567543
3 -0.000507544 0.00518701
4 -0.000357991 0.00486932
5 -0.0002741 0.00463663
6 -7.59285e-05 0.00452079
7 4.04841e-05 0.00451425
8 1.6058e-05 0.00469125
9 8.69764e-05 0.00494623
10 5.52837e-05 0.0049138
11 5.47094e-05 0.00469504
12 0.000134579 0.0044487
13 0.000322251 0.00423769
14 0.000269216 0.00415731
15 0.000115614 0.00417277
16 -0.000105144 0.0043987
17 -0.000554823 0.00462964
18 -0.000934032 0.00501358
19 -0.00102925 0.00531641
20 -0.000908477 0.00576622
21 -0.000997013 0.00634096
22 -0.0011269 0.00725462
23 -0.00129315 0.00809167
24 -0.00117738 0.00816098
25 -0.000857216 0.00814544
26 -0.000388563 0.00799723
27 -0.000290771 0.00775097
28 -0.000464443 0.0076075
29 -0.000617392 0.00756049
30 -0.000608923 0.00789575
31 -0.000536603 0.00846478
32 -0.000284688 0.0087081
33 1.79227e-05 0.0086678
34 0.000279693 0.00897389
35 0.000506065 0.00892239
36 0.000621408 0.00895834
37 0.000447509 0.00881693
38 0.000309621 0.00845308
39 0.000291582 0.00816581
40 0.000379823 0.00805318
41 0.00028243 0.0078181
42 0.000241524 0.00726781
43 0.000134689 0.00739305
44 -7.32148e-05 0.00771491
45 -0.000257374 0.00775311
46 -0.000209081 0.00787094
47 -0.00010151 0.00780723
