0 0.00269322 0.013674
1 0.00299933 0.0150963
2 0.0034191 0.0146529
3 0.00358002 0.0141274
4 0.00356965 0.0141757
5 0.00328626 0.0135315
6 0.00333073 0.0127558
7 0.00318278 0.011589
8 0.00265771 0.0102981
9 0.00211574 0.00971077
10 0.00160249 0.00968177
11 0.000817184 0.00994661
12 0.000181822 0.0102004
13 -4.40357e-05 0.0104351
14 -0.000294282 0.0104773
15 -0.000618445 0.0102731
16 -0.00113143 0.00996171
17 -0.00147051 0.00959501
18 -0.00181197 0.00973582
19 -0.00213335 0.0103327
20 -0.00233925 0.0113655
21 -0.00230259 0.0122908
22 -0.00200937 0.0130313
23 -0.00143949 0.0132631
24 -0.000865394 0.0132377
25 -0.000849016 0.0134899
26 -0.000677203 0.0132409
27 -0.000504558 0.0126373
28 -0.000525073 0.0125061
29 -0.00040672 0.0121864
30 -0.000152842 0.0115065
31 4.1718e-05 0.0109117
32 1.70309e-05 0.0106217
33 -1.416e-05 0.0104699
34 5.51443e-05 0.0105636
35 0.000212638 0.0105945
36 0.000523403 0.0106786
37 0.000678708 0.0108229
38 0.000679358 0.0107049
39 0.000668621 0.0104422
40 0.000530597 0.00996117
41 0.000395218 0.0093162
42 0.000280608 0.00933736
43 7.56605e-05 0.00930227
44 0.000172753 0.00900103
45 0.00029119 0.0093241
46 0.000501653 0.0101186
47 0.000844107 0.0118238
