0 -0.00128367 0.0070271
1 -0.00164796 0.00734105
2 -0.00190468 0.00713291
3 -0.00157716 0.00654952
4 -0.000851175 0.00615365
5 -0.000236782 0.00568894
6 -1.02114e-05 0.00534693
7 0.000309573 0.0053491
8 0.000596088 0.00527253
9 0.000665532 0.00519086
10 0.00062459 0.00506062
11 0.000626636 0.00484655
12 0.000525596 0.00455458
13 0.000303451 0.00425678
14 0.000333732 0.00418885
15 0.000302926 0.00427998
16 0.000110704 0.00457005
17 -3.81288e-05 0.00477705
18 -9.68805e-05 0.00513502
19 6.08932e-05 0.00550544
20 0.000204235 0.00590918
21 0.00020334 0.00639342
22 0.000151081 0.00670668
23 0.000110033 0.00678828
24 -0.000106658 0.0067898
25 -0.000104503 0.00652414
26 -0.000289698 0.00606582
27 -0.000611505 0.00567859
28 -0.000715604 0.00524454
29 -0.000848313 0.00489652
30 -0.000999652 0.00462885
31 -0.00100256 0.00438782
32 -0.000932083 0.00443174
33 -0.000832602 0.00462459
34 -0.000869132 0.00476169
35 -0.000705611 0.00465276
36 -0.000504298 0.00441975
37 -0.000441046 0.00446977
38 -0.000446273 0.00461399
39 -0.000342072 0.00464561
40 0.000103351 0.0047022
41 0.000378651 0.00509557
42 0.000322781 0.00573355
43 0.000390411 0.00617081
44 0.000517761 0.00644911
45 0.000567574 0.00668218
46 0.000261306 0.00657299
47 -0.000178376 0.00655756
