0 -0.00257843 0.00850722
1 -0.0032475 0.00842516
2 -0.00369207 0.00785084
3 -0.00337284 0.00705685
4 -0.00270165 0.00576678
5 -0.00232269 0.00493857
6 -0.00213701 0.00445649
7 -0.00195395 0.00393184
8 -0.00173431 0.0036645
9 -0.00120303 0.00365488
10 -0.00107256 0.00392652
11 -0.00138787 0.00447397
12 -0.00170161 0.00502024
13 -0.00203045 0.00538848
14 -0.0023359 0.00538358
15 -0.0020692 0.0052203
16 -0.0018432 0.00502139
17 -0.00145981 0.00529763
18 -0.00104896 0.00548819
19 -0.000456822 0.00547249
20 0.000118591 0.0056507
21 0.000550086 0.00594376
22 0.000501531 0.00558593
23 0.000327037 0.00479605
24 -2.43446e-05 0.00456416
25 -0.000304354 0.00461215
26 -0.000403276 0.0046039
27 -0.000410273 0.00418472
28 -0.000413823 0.0039582
29 -0.000383121 0.0040767
30 -0.000365477 0.00433261
31 -0.000187193 0.00408179
32 -0.000488542 0.00405746
33 -0.000890636 0.00421458
34 -0.000980724 0.00433935
35 -0.000778166 0.00459953
36 -0.000836742 0.00494168
37 -0.00131102 0.00488893
38 -0.00159589 0.00473396
39 -0.00153143 0.0047676
40 -0.00151771 0.00487257
41 -0.00164078 0.005323
42 -0.00163554 0.0057662
43 -0.00139561 0.00611814
44 -0.00137037 0.00640815
45 -0.00132394 0.00670557
46 -0.00173425 0.00738976
47 -0.00207474 0.00787322
