0 -0.000452427 0.0154978
1 -0.000816237 0.014912
2 -0.00109062 0.0134706
3 -0.00102839 0.0121882
4 -0.000739587 0.0118147
5 -0.000383673 0.0110452
6 0.00012621 0.0100122
7 0.000587428 0.00948633
8 0.000859083 0.0092885
9 0.000856115 0.0092824
10 0.000793569 0.00927253
11 0.00057388 0.00860752
12 0.00040103 0.00794199
13 0.000476056 0.00753688
14 0.000592386 0.00737433
15 0.000439133 0.00728358
16 5.07194e-06 0.00745247
17 -0.000450264 0.00761952
18 -0.00100382 0.007774
19 -0.00120663 0.00839699
20 -0.000944541 0.00906447
21 -0.000290919 0.00988228
22 0.000154194 0.0106735
23 0.000197145 0.0114071
24 0.000119758 0.0119128
25 0.0003159 0.0120776
26 0.000309972 0.0117244
27 0.000188628 0.0112379
28 -0.000112126 0.0109214
29 -0.000436978 0.0106054
30 -0.00042409 0.0103468
31 -0.000244227 0.0100398
32 -0.000282214 0.00985292
33 -0.000547468 0.00920241
34 -0.000847581 0.00866742
35 -0.00111523 0.00856135
36 -0.00122808 0.00828049
37 -0.00117918 0.00829153
38 -0.00123956 0.00886307
39 -0.00120205 0.00985255
40 -0.000986477 0.0108389
41 -0.000758198 0.0116574
42 -0.000385571 0.0128247
43 0.000207738 0.0143263
44 0.000638181 0.0149233
45 0.000852174 0.0149991
46 0.000921093 0.0150453
47 0.000348456 0.0154996
