0 0.00098619 0.0173997
1 0.00235851 0.0176539
2 0.00313978 0.0179652
3 0.00374241 0.0170261
4 0.00346956 0.0155455
5 0.00288389 0.0139792
6 0.00221341 0.0123316
7 0.00133998 0.011125
8 0.000454346 0.0103968
9 -0.000179722 0.0104586
10 -0.000645904 0.0102858
11 -0.000724019 0.0100654
12 -0.000720984 0.00990542
13 -0.000799588 0.00937873
14 -0.000944054 0.00918833
15 -0.000992564 0.00942282
16 -0.00100986 0.00989353
17 -0.00097465 0.0103739
18 -0.000897728 0.0104001
19 -0.000816824 0.0103762
20 -0.000821232 0.010745
21 -0.00084589 0.0111812
22 -0.000822847 0.0114716
23 -0.000869936 0.0116426
24 -0.0011697 0.0114214
25 -0.00163001 0.0110131
26 -0.00175702 0.010924
27 -0.00177856 0.0110863
28 -0.00159698 0.0112745
29 -0.00162901 0.011712
30 -0.00182138 0.0117969
31 -0.0020927 0.0117793
32 -0.00208737 0.0118303
33 -0.00154796 0.0116784
34 -0.00150098 0.0114407
35 -0.00169789 0.0113632
36 -0.00220621 0.0112089
37 -0.00234047 0.0110497
38 -0.00175029 0.011111
39 -0.000394285 0.0113519
40 0.000562751 0.0121737
41 0.000810818 0.0130473
42 0.000194387 0.0132453
43 -0.000279367 0.0132599
44 -0.000546631 0.0135728
45 -0.000280031 0.0139758
46 0.000298904 0.0148197
47 0.000857374 0.0166051
