0 -0.00173976 0.00563052
1 -0.00126762 0.00494133
2 -0.00136274 0.00467592
3 -0.00187672 0.00422336
4 -0.00245352 0.00360914
5 -0.00287044 0.00302281
6 -0.00323545 0.00264648
7 -0.0026765 0.00250862
8 -0.00174541 0.00246841
9 -0.00127329 0.00236462
10 -0.00116389 0.00231364
11 -0.00119124 0.00231749
12 -0.0012868 0.00250943
13 -0.000732742 0.00253496
14 0.000129615 0.00251494
15 0.000663345 0.00275677
16 0.000806323 0.00290728
17 0.000737524 0.00304525
18 0.000444471 0.00335764
19 0.000136767 0.003587
20 -0.000109081 0.00361017
21 -0.000185608 0.00366688
22 -0.000314293 0.00377679
23 -0.000420363 0.00371586
24 -0.000254997 0.00372528
25 -0.000314223 0.00360405
26 -0.000303186 0.00363544
27 -0.000542903 0.00373142
28 -0.000891546 0.00395459
29 -0.0012214 0.00424887
30 -0.00137819 0.00454755
31 -0.00133283 0.00470029
32 -0.00120223 0.00485337
33 -0.000806012 0.00467635
34 -0.000279631 0.00463736
35 -2.27816e-05 0.00464564
36 6.4456e-05 0.00437364
37 0.000119577 0.00432086
38 0.000123834 0.00431365
39 -0.000100699 0.00412404
40 -3.95997e-05 0.00398084
41 6.97249e-05 0.00397062
42 0.000410376 0.00407601
43 0.000698323 0.00416195
44 0.000513438 0.0041791
45 0.000107629 0.00462904
46 -0.000222493 0.00517791
47 -0.00066128 0.00546808
