0 0.00471144 0.026238
1 0.00496079 0.0244093
2 0.00499251 0.0229532
3 0.00516125 0.0219337
4 0.0042923 0.0210177
5 0.0026175 0.0195507
6 0.00157206 0.0173705
7 0.000731288 0.0159095
8 0.000226392 0.0152613
9 -8.61335e-06 0.0155937
10 -0.000144513 0.0155883
11 -0.00051164 0.0153646
12 -0.000803994 0.0153738
13 -0.000851312 0.015409
14 -0.00047796 0.0160557
15 -7.29571e-05 0.016777
16 0.000138049 0.0171134
17 0.000216606 0.0179442
18 0.000572943 0.018444
19 0.00069998 0.0185576
20 0.000831482 0.0180801
21 0.000776324 0.0183213
22 0.000559977 0.0190145
23 0.000548957 0.0197394
24 0.000678946 0.019962
25 0.0011281 0.0198281
26 0.00123821 0.0195606
27 0.00113614 0.0184355
28 0.000968688 0.0173042
29 0.000724817 0.0169239
30 0.00074638 0.0166229
31 0.000908409 0.016036
32 0.000910956 0.0158456
33 0.000897433 0.0158938
34 0.000657813 0.0158741
35 0.0003227 0.0163654
36 -0.000253421 0.0168303
37 -0.000563992 0.0164016
38 -0.000816627 0.015958
39 -0.000623033 0.0160137
40 -5.90098e-05 0.0161058
41 0.000307448 0.0161371
42 0.000220369 0.0160227
43 0.000471018 0.0166032
44 0.000859395 0.0178424
45 0.00119293 0.0193559
46 0.0022081 0.0220185
47 0.00352315 0.0249942
