0 -0.000796195 0.012557
1 -0.000181319 0.0128575
2 0.000520466 0.0112848
3 0.00174297 0.0096899
4 0.00270623 0.00873013
5 0.00287659 0.00762538
6 0.00255645 0.00705658
7 0.00217847 0.00730682
8 0.00168512 0.0077846
9 0.00111119 0.00803558
10 0.000676812 0.00842585
11 0.000458423 0.00823626
12 0.000158431 0.00760439
13 -0.000353317 0.00696574
14 -0.000815807 0.00658831
15 -0.00127005 0.00621806
16 -0.00161473 0.00603413
17 -0.00189289 0.00624257
18 -0.00233565 0.00639582
19 -0.00273422 0.00689645
20 -0.00293519 0.00743284
21 -0.00291151 0.00820136
22 -0.00303779 0.00912237
23 -0.0029628 0.0100181
24 -0.00178673 0.0106284
25 -0.00205015 0.0114266
26 -0.00140623 0.0116315
27 -0.00125809 0.0122058
28 -0.0013657 0.0123442
29 -0.000908139 0.012008
30 -0.000568135 0.0116121
31 -7.03205e-05 0.0123031
32 0.000300889 0.0129202
33 0.000416267 0.013265
34 0.000470896 0.0127911
35 0.000956488 0.0115852
36 0.00148571 0.0106465
37 0.00185725 0.00966172
38 0.00261414 0.0090058
39 0.00320339 0.00825981
40 0.00349495 0.00737448
41 0.00358722 0.00667052
42 0.00321883 0.00654861
43 0.0028224 0.00685444
44 0.00245901 0.00777712
45 0.00189001 0.00926615
46 0.00119744 0.0104083
47 0.00040516 0.0116712
