0 -0.000807284 0.0124459
1 -0.000664695 0.0115817
2 -0.00063391 0.0107246
3 -0.000212242 0.00966821
4 0.000385013 0.00921477
5 0.00078039 0.00888598
6 0.000885106 0.0080133
7 0.000587366 0.00721067
8 0.000468352 0.00669571
9 0.000598116 0.00649678
10 0.000528009 0.00655641
11 0.000457074 0.00689924
12 0.000606869 0.00721331
13 0.000641465 0.00737993
14 0.00046188 0.00773794
15 0.000271126 0.00809863
16 0.000172027 0.0083998
17 0.000194415 0.00849354
18 0.000106057 0.00833757
19 -7.42775e-06 0.00802464
20 -2.84899e-05 0.00761267
21 7.60894e-05 0.00757428
22 0.000156284 0.00776832
23 0.000187533 0.00793716
24 -0.000230884 0.00816436
25 -0.000138317 0.00803545
26 -0.000599336 0.00795046
27 -0.00112255 0.0081458
28 -0.00143905 0.00830537
29 -0.00152795 0.00815485
30 -0.00146614 0.00797485
31 -0.00113522 0.00746695
32 -0.000642174 0.00706276
33 -3.39267e-05 0.00700775
34 0.000369852 0.0070787
35 0.000693668 0.00722244
36 0.000790364 0.00751716
37 0.000725921 0.00777268
38 0.000638595 0.0081113
39 0.000657738 0.00834537
40 0.000833584 0.00854791
41 0.000777722 0.00870399
42 0.00078044 0.0089631
43 0.000606329 0.00921644
44 0.000364608 0.00959314
45 5.87474e-05 0.0100632
46 -0.000388951 0.0106871
47 -0.000796808 0.011552
