0 -0.000650752 0.00350254
1 -0.000358275 0.00395454
2 7.36708e-05 0.00445662
3 0.000409414 0.00503916
4 0.000517811 0.00542037
5 0.000505481 0.00544577
6 0.000552623 0.00508223
7 0.000584855 0.00460208
8 0.000643989 0.00416545
9 0.000517151 0.00405984
10 0.000540836 0.0038876
11 0.000570995 0.00376074
12 0.000618521 0.00359841
13 0.000509566 0.00368379
14 0.000408335 0.00391182
15 0.000323114 0.00411666
16 6.59129e-05 0.00445664
17 -4.80544e-05 0.00452608
18 0.000189872 0.00437431
19 0.00051522 0.0043288
20 0.000707517 0.00495887
21 0.000914575 0.00599247
22 0.000950477 0.00716713
23 0.00117062 0.00833341
24 0.00168063 0.00907139
25 0.00143648 0.00874313
26 0.00122316 0.00753643
27 0.00105401 0.00650348
28 0.00100511 0.00568365
29 0.000925208 0.00521474
30 0.000660036 0.00504333
31 0.00057899 0.00510555
32 0.000657666 0.00523662
33 0.000777802 0.00496674
34 0.000833627 0.00488189
35 0.000762867 0.00486635
36 0.000653494 0.00472208
37 0.000646514 0.0045418
38 0.000608453 0.0042126
39 0.000946904 0.00410476
40 0.00148643 0.00430581
41 0.00181708 0.00435015
42 0.0015439 0.00419754
43 0.00120571 0.00386161
44 0.00101895 0.00380265
45 0.000879233 0.00418536
46 0.000550867 0.00455917
47 -0.000230518 0.00408578
