0 0.00161535 0.00711018
1 0.00202342 0.00676867
2 0.00188685 0.00625336
3 0.00185114 0.00619272
4 0.001955 0.00638613
5 0.00216091 0.00663277
6 0.00212774 0.00702853
7 0.00242635 0.00771456
8 0.00235462 0.0081812
9 0.00212726 0.00865311
10 0.00161836 0.00904192
11 0.000952326 0.008924
12 0.000666607 0.00897764
13 0.000553749 0.0093746
14 0.00057769 0.00979561
15 0.000436745 0.00987023
16 0.000292706 0.00965213
17 0.00024552 0.00950847
18 0.000405437 0.00941355
19 0.000564671 0.00972345
20 0.000691154 0.00992068
21 0.000887652 0.0101664
22 0.000933057 0.011003
23 0.000641493 0.0112302
24 0.00026591 0.0112297
25 -0.000216266 0.0110396
26 -0.000225374 0.0103598
27 -5.16175e-05 0.00939302
28 0.000299681 0.00861756
29 0.000624675 0.00816977
30 0.000617136 0.00752589
31 0.000253711 0.00686132
32 -0.000244008 0.00686912
33 -0.000662579 0.0070851
34 -0.000985221 0.00744153
35 -0.00125433 0.00753767
36 -0.00126447 0.00723741
37 -0.00113685 0.00698979
38 -0.00108627 0.00701396
39 -0.00119108 0.00711546
40 -0.00113642 0.00690397
41 -0.000838969 0.00676697
42 -0.000660222 0.00668817
43 -0.000306776 0.00671146
44 0.000335107 0.00676826
45 0.00101802 0.00653931
46 0.00139794 0.00624294
47 0.00159181 0.0066003
