0 -0.000761183 0.00391688
1 -0.00109182 0.00404468
2 -0.00151307 0.00392459
3 -0.00137581 0.00360951
4 -0.000890135 0.00321576
5 -0.000380287 0.00289386
6 -8.00889e-05 0.00271281
7 0.000134885 0.00282587
8 0.000344795 0.00291731
9 0.000344117 0.00289839
10 0.000239258 0.00286532
11 0.000174555 0.00272944
12 -2.79974e-05 0.00250907
13 -0.000360773 0.00221561
14 -0.000397022 0.00208051
15 -0.00041925 0.00208367
16 -0.00056442 0.00233413
17 -0.000733833 0.00259838
18 -0.000862869 0.00299595
19 -0.000854907 0.00337799
20 -0.000724186 0.00380686
21 -0.000574257 0.00424671
22 -0.000412881 0.0043786
23 -0.000420087 0.0043365
24 -0.000530043 0.00430328
25 -0.00051943 0.00402539
26 -0.000484486 0.00377092
27 -0.000595168 0.00359164
28 -0.00061337 0.00332328
29 -0.000664328 0.00308865
30 -0.000720369 0.00293858
31 -0.000597259 0.00279638
32 -0.000502293 0.00287046
33 -0.000384441 0.00304329
34 -0.000349754 0.00303492
35 -0.000196429 0.00277028
36 -2.16119e-05 0.00248469
37 0.000135881 0.00258637
38 0.00030141 0.00279557
39 0.000485417 0.00292645
40 0.000705536 0.00307254
41 0.000798393 0.00347659
42 0.000678461 0.00392709
43 0.000613815 0.00412974
44 0.000536022 0.00423375
45 0.000437132 0.00431258
46 0.000230146 0.00399176
47 -5.09851e-05 0.0036728
