0 0.000335087 0.00686955
1 -0.000397306 0.00715254
2 -0.001277 0.00750522
3 -0.00206073 0.00829482
4 -0.00243451 0.00886384
5 -0.00231355 0.00852256
6 -0.00197094 0.00800982
7 -0.00141129 0.00786714
8 -0.000842924 0.00785096
9 -0.000117927 0.00785123
10 0.000198991 0.00746874
11 0.00035277 0.00674963
12 0.000318139 0.00626983
13 0.000368675 0.00599903
14 0.000294847 0.00572216
15 9.66072e-05 0.00541552
16 -5.59622e-05 0.00520588
17 -0.000115176 0.00469796
18 -0.000164622 0.00466096
19 -0.000201512 0.00508112
20 -0.000133258 0.00555446
21 -0.000196654 0.00601338
22 -0.000339917 0.00651654
23 -0.00052267 0.00696842
24 -0.000788968 0.00692612
25 -0.00118373 0.00674961
26 -0.00150068 0.00650375
27 -0.00160208 0.00616639
28 -0.0017916 0.00589651
29 -0.00193575 0.00590731
30 -0.00191659 0.00626855
31 -0.00165477 0.00668121
32 -0.00138668 0.00720369
33 -0.000945859 0.00771048
34 -0.000336065 0.00810776
35 5.97708e-05 0.0079265
36 0.000244221 0.00753688
37 0.000568341 0.0072493
38 0.000834464 0.00701455
39 0.00127962 0.00683112
40 0.00180644 0.00673489
41 0.0024245 0.00664052
42 0.00270235 0.00651497
43 0.00260106 0.00670626
44 0.0020926 0.00683652
45 0.00168057 0.0067844
46 0.00124801 0.00680639
47 0.000585843 0.00711515
