0 0.0015097 0.0103334
1 0.000894183 0.0103148
2 5.79151e-05 0.00948623
3 -0.000785091 0.0080709
4 -0.00163056 0.00720889
5 -0.00186517 0.00677426
6 -0.00176122 0.00662682
7 -0.00189325 0.00629004
8 -0.00212208 0.00571909
9 -0.00226246 0.00528411
10 -0.002249 0.00493589
11 -0.002249 0.00435028
12 -0.00231985 0.00383779
13 -0.0024289 0.00355294
14 -0.00268427 0.00379728
15 -0.00265924 0.00403989
16 -0.00231448 0.0040896
17 -0.00182768 0.00443112
18 -0.0013297 0.00500085
19 -0.000975288 0.00561545
20 -0.000840239 0.00614164
21 -0.000868051 0.00672917
22 -0.00117868 0.00703387
23 -0.00164379 0.00735862
24 -0.00183862 0.00814581
25 -0.00258282 0.0083008
26 -0.00237656 0.00827628
27 -0.00220987 0.00837455
28 -0.00200974 0.00862484
29 -0.00176873 0.00895275
30 -0.0013498 0.00880089
31 -0.000893701 0.00827856
32 -0.000481498 0.00752152
33 -0.000201922 0.00713234
34 0.000163761 0.0070576
35 0.000425587 0.00707329
36 0.000722027 0.00696532
37 0.00106006 0.00682318
38 0.00172488 0.00665969
39 0.00234142 0.00662295
40 0.0026339 0.00671964
41 0.0029991 0.00711726
42 0.00320031 0.00762437
43 0.00325429 0.00820323
44 0.00316312 0.00895745
45 0.00326081 0.0097847
46 0.0032638 0.0102257
47 0.0026412 0.0101362
