0 0.00153847 0.00953736
1 0.000681454 0.00821289
2 -2.50667e-05 0.00703178
3 -0.0005849 0.00638992
4 -0.000647538 0.00664049
5 -0.000573657 0.00702482
6 -0.000569224 0.00710242
7 -0.000996954 0.00679423
8 -0.00103121 0.00603203
9 -0.000885728 0.00567665
10 -0.000554775 0.0053052
11 -0.000240717 0.00509433
12 -0.000341161 0.00464191
13 -0.000582206 0.00392997
14 -0.000385844 0.00375204
15 -0.000163948 0.00395012
16 7.65789e-05 0.0041944
17 0.000274153 0.00414637
18 0.000496768 0.00409758
19 0.000716527 0.00415418
20 0.000788216 0.00404481
21 0.000570818 0.0038975
22 0.000224271 0.00412049
23 -0.000112369 0.00449463
24 -0.000462396 0.00497056
25 -0.000905673 0.00499371
26 -0.00111089 0.00495335
27 -0.00110851 0.00448392
28 -0.00104734 0.00392518
29 -0.000994761 0.00393474
30 -0.0009867 0.0041673
31 -0.000937549 0.0046532
32 -0.000239544 0.00517473
33 0.000495611 0.00563873
34 0.001177 0.00588575
35 0.00182508 0.00554421
36 0.00193477 0.00490124
37 0.00211645 0.00480066
38 0.00217752 0.00470944
39 0.002019 0.00454673
40 0.00178056 0.00482016
41 0.00134353 0.00547188
42 0.00074325 0.00629517
43 0.000292287 0.00738921
44 1.03799e-05 0.00868252
45 -5.49513e-05 0.00971707
46 -0.000122529 0.0103652
47 0.000181324 0.0104813
