0 0.000371752 0.00864795
1 -2.73498e-05 0.00824853
2 -0.00068831 0.00781836
3 -0.00122302 0.00764581
4 -0.00106785 0.00818474
5 -0.000423269 0.00874889
6 0.000218942 0.00908526
7 0.000665437 0.00886449
8 0.000821789 0.00822714
9 0.000739405 0.00794872
10 0.000635095 0.00800005
11 0.00022895 0.00826038
12 -0.000158379 0.00831423
13 -0.000501217 0.00788191
14 -0.00101872 0.00749886
15 -0.00135931 0.00724297
16 -0.00145931 0.00753882
17 -0.00135822 0.00819094
18 -0.00124844 0.00870634
19 -0.00106756 0.00878967
20 -0.000963713 0.00889816
21 -0.000815794 0.00885095
22 -0.000554481 0.00890952
23 -0.000362012 0.00919169
24 -8.77033e-05 0.00885408
25 -0.000245328 0.00784314
26 -0.000481533 0.00737622
27 -0.000658262 0.00711195
28 -0.00077619 0.00695784
29 -0.000696971 0.00687975
30 -0.000763329 0.00639772
31 -0.000969317 0.00570122
32 -0.000956262 0.00491968
33 -0.00106552 0.00409848
34 -0.000790869 0.00340522
35 -0.000473642 0.00281818
36 -0.000117814 0.00243674
37 0.000294093 0.00238727
38 0.000432784 0.00259352
39 0.000491477 0.00291136
40 0.000669313 0.00341823
41 0.000760483 0.0038648
42 0.000947594 0.00442416
43 0.00117045 0.00513741
44 0.00130904 0.00583102
45 0.00116726 0.00623858
46 0.000938923 0.00698978
47 0.000765934 0.00812259
