0 0.00182084 0.00186081
1 0.0016922 0.0020901
2 0.00192285 0.00211469
3 0.00198937 0.00212052
4 0.00170238 0.00190509
5 0.00156407 0.00158174
6 0.00135223 0.00158566
7 0.00103348 0.00173832
8 0.000711487 0.00217451
9 0.000392497 0.00261456
10 0.000136131 0.00272845
11 -7.41747e-06 0.00263816
12 -3.32508e-05 0.0025444
13 -0.000101023 0.0025991
14 -6.8741e-05 0.00274061
15 -1.70302e-05 0.00272979
16 -0.000156705 0.00262251
17 -0.000378605 0.00257287
18 -0.000558377 0.00266543
19 -0.000667113 0.00261218
20 -0.000730244 0.00263092
21 -0.000557017 0.00270597
22 -0.000549626 0.00269525
23 -0.000635335 0.00269
24 -0.00067545 0.00249605
25 -0.000642609 0.00262879
26 -0.000680574 0.00272178
27 -0.000633552 0.00278695
28 -0.000708648 0.00291688
29 -0.000607082 0.00313264
30 -0.000445535 0.0032909
31 -0.000166183 0.00330427
32 3.94385e-05 0.00317689
33 0.000178718 0.00298003
34 0.000351325 0.00294518
35 0.000537425 0.00286578
36 0.000618813 0.00267008
37 0.000617211 0.00237142
38 0.000586046 0.00222023
39 0.000604756 0.00204905
40 0.000735899 0.00184118
41 0.000713355 0.00170472
42 0.000894063 0.00164648
43 0.00117803 0.00173672
44 0.00131705 0.00177106
45 0.00150459 0.00186026
46 0.00164724 0.00183588
47 0.00181375 0.001891
