0 0.00140005 0.00650951
1 0.000724346 0.00567641
2 0.000277757 0.00548163
3 0.000104356 0.0051568
4 0.000134643 0.00492748
5 0.000215168 0.00479528
6 0.000159328 0.0045199
7 0.000261347 0.00431739
8 0.000331205 0.00390849
9 0.000127008 0.00346665
10 -7.87066e-05 0.00302191
11 -0.000301561 0.00278596
12 -0.000544525 0.00265789
13 -0.000696614 0.00263627
14 -0.000708919 0.00277446
15 -0.000715037 0.00299802
16 -0.00073676 0.00300366
17 -0.000618531 0.00312661
18 -0.000554631 0.00342666
19 -0.000545069 0.00388408
20 -0.000481218 0.00428245
21 -0.000340213 0.00470992
22 -0.000367749 0.00505782
23 -0.000476767 0.00542764
24 -0.000772116 0.00584473
25 -0.000953078 0.0062565
26 -0.00139242 0.00630747
27 -0.00144263 0.0062155
28 -0.00140876 0.00590742
29 -0.00129364 0.00545268
30 -0.000975961 0.00512748
31 -0.00092362 0.00479216
32 -0.000925485 0.00477402
33 -0.000926141 0.00467509
34 -0.000972896 0.00470619
35 -0.00107243 0.00499026
36 -0.00122437 0.00555782
37 -0.00128558 0.00589905
38 -0.00113184 0.00642913
39 -0.000836935 0.00698636
40 -0.000635732 0.00744087
41 -0.000810788 0.00808737
42 -0.000896199 0.00900906
43 -0.000723711 0.00953225
44 -0.000276393 0.00931603
45 0.000209002 0.00881724
46 0.000704813 0.00841622
47 0.00102984 0.00780915
