0 0.00197545 0.0179085
1 -0.000575733 0.0186532
2 -0.00168187 0.0187369
3 -0.0020319 0.0186198
4 -0.00181849 0.0184263
5 -0.00131152 0.017564
6 -0.000850267 0.0166496
7 -0.000842814 0.016419
8 -0.000947694 0.0163688
9 -0.000963236 0.0167233
10 -0.000708238 0.0172444
11 -0.000850802 0.017727
12 -0.00153841 0.0180491
13 -0.00199614 0.0184888
14 -0.00266045 0.0180349
15 -0.00314084 0.0178375
16 -0.00312182 0.0173057
17 -0.00281373 0.0168621
18 -0.00228981 0.0167497
19 -0.00159314 0.0163881
20 -0.000961783 0.0157987
21 -0.000371761 0.0155908
22 0.000146106 0.0163507
23 0.000886234 0.0180576
24 0.00146777 0.0188513
25 0.0015847 0.0173226
26 0.00121469 0.0152465
27 0.00143044 0.0141444
28 0.00171931 0.0136993
29 0.00201692 0.0132908
30 0.00243037 0.0130371
31 0.00277929 0.012609
32 0.00285861 0.0123092
33 0.00311686 0.0121441
34 0.00353908 0.0119887
35 0.00404018 0.0119632
36 0.00401247 0.0116039
37 0.00426703 0.0117074
38 0.00495875 0.011841
39 0.00548077 0.0119127
40 0.00577325 0.0115738
41 0.00605041 0.0116101
42 0.00598932 0.0116346
43 0.00523372 0.0117311
44 0.00455185 0.0121194
45 0.00437622 0.0135757
46 0.00397989 0.0157014
47 0.00331598 0.0175357
