0 0.00190779 0.0101284
1 0.00135867 0.00959918
2 0.00111329 0.00853634
3 0.00104123 0.00713817
4 0.000576654 0.00615302
5 9.26773e-05 0.00543431
6 -0.000351083 0.00526039
7 -0.000738659 0.00534746
8 -0.000720077 0.00528787
9 -0.000706008 0.00509147
10 -0.000676158 0.00475106
11 -0.000652858 0.00462747
12 -0.000800416 0.0046652
13 -0.00104097 0.00487722
14 -0.00129743 0.0052744
15 -0.00151372 0.00550986
16 -0.00162842 0.00547161
17 -0.00146937 0.00545404
18 -0.00121502 0.00548653
19 -0.000957579 0.00549037
20 -0.000756977 0.00563676
21 -0.000827596 0.00608008
22 -0.000993537 0.00694586
23 -0.000969449 0.00782114
24 -0.00128074 0.00919275
25 -0.00129667 0.0110632
26 -0.000956689 0.0115456
27 -0.000277319 0.0107302
28 0.000395562 0.0104524
29 0.000828709 0.01036
30 0.000975286 0.0104776
31 0.00102666 0.0102873
32 0.0010479 0.0102818
33 0.00104645 0.0100503
34 0.00100822 0.00932439
35 0.00118564 0.00886771
36 0.00140083 0.00888754
37 0.00165277 0.00888223
38 0.00193218 0.00891866
39 0.00227066 0.00924491
40 0.00286125 0.00977
41 0.00302334 0.00964056
42 0.00264824 0.00923117
43 0.0024971 0.00902547
44 0.00242875 0.00977626
45 0.00230738 0.0110139
46 0.00205752 0.0119342
47 0.00187163 0.0114437
