0 0.00293855 0.00706282
1 0.00185146 0.00638144
2 0.00154641 0.00550967
3 0.00154767 0.00490109
4 0.00153558 0.00435484
5 0.00139406 0.00391654
6 0.00116809 0.0036788
7 0.00108909 0.0032529
8 0.00093841 0.00296385
9 0.000822473 0.00297399
10 0.000787904 0.00290676
11 0.000988215 0.00268478
12 0.00123885 0.00263092
13 0.00108033 0.00280821
14 0.0011685 0.00297583
15 0.00129714 0.0033514
16 0.00137647 0.00385506
17 0.00155371 0.0045404
18 0.00166779 0.00527614
19 0.00162761 0.00575877
20 0.00143191 0.00606924
21 0.00140134 0.00647501
22 0.00131296 0.00733679
23 0.00134131 0.0083901
24 0.00125364 0.00775729
25 0.00146648 0.0074022
26 0.00164786 0.00709679
27 0.00184055 0.00644393
28 0.00216012 0.00600227
29 0.00255273 0.00583103
30 0.00283351 0.0054265
31 0.00291274 0.00500008
32 0.0027684 0.00489488
33 0.00253263 0.00506683
34 0.00235012 0.00547983
35 0.00203577 0.00591398
36 0.00152466 0.00609085
37 0.000982401 0.00639532
38 0.000905508 0.00662328
39 0.00122842 0.00654209
40 0.00167213 0.00625825
41 0.00240775 0.00597889
42 0.00305725 0.0056227
43 0.00370904 0.00542048
44 0.00437649 0.00541136
45 0.00480702 0.00545533
46 0.0049697 0.00623259
47 0.00481462 0.00682785
