0 0.000525883 0.0102014
1 -0.000939814 0.00928377
2 -0.00143828 0.0097885
3 -0.00205966 0.0102497
4 -0.00225121 0.0110563
5 -0.00223402 0.0107513
6 -0.00212498 0.0104613
7 -0.00192893 0.010193
8 -0.00216337 0.0102168
9 -0.00226947 0.0100259
10 -0.00204588 0.00934539
11 -0.00178019 0.00902686
12 -0.00142334 0.00901988
13 -0.0010119 0.00922217
14 -0.00112395 0.00985545
15 -0.00130525 0.0104619
16 -0.00117475 0.0110155
17 -0.000905768 0.0117507
18 -0.000615092 0.0123307
19 -7.451e-05 0.0135215
20 0.000250488 0.0146148
21 0.00054976 0.0148717
22 0.000595295 0.0144941
23 0.000640756 0.014174
24 0.000727474 0.0131138
25 0.000808321 0.0116107
26 0.000711283 0.0106573
27 0.000528182 0.0100251
28 0.000237553 0.00923197
29 0.000262671 0.00855076
30 0.000884997 0.00797661
31 0.00148779 0.00824204
32 0.00205938 0.00808892
33 0.00258081 0.00755161
34 0.00280006 0.00686826
35 0.00237191 0.00656452
36 0.00204077 0.0065423
37 0.00171998 0.00699146
38 0.00183478 0.00813543
39 0.00170255 0.00982437
40 0.00169274 0.0109933
41 0.00164023 0.0113372
42 0.00185518 0.0105771
43 0.00199741 0.0102143
44 0.00175793 0.0105326
45 0.00143837 0.0112843
46 0.00136355 0.0117137
47 0.000819204 0.0115721
