0 -0.000947635 0.00610795
1 -0.00116657 0.00615612
2 -0.000924043 0.00647653
3 -0.000568906 0.00679382
4 -0.000117115 0.00691958
5 6.26028e-05 0.00667263
6 -0.000155318 0.00641062
7 -0.000403621 0.00585059
8 -0.000623783 0.00554268
9 -0.000612574 0.00555557
10 -0.000399104 0.00561614
11 -0.000102787 0.00556874
12 1.54574e-05 0.00550477
13 0.000144936 0.00546859
14 0.00032141 0.00550957
15 0.000305111 0.00586912
16 0.000119546 0.00640219
17 -7.20766e-05 0.00671079
18 -0.000137966 0.00742946
19 -0.000180895 0.0078576
20 -0.000207165 0.00773633
21 -0.0004707 0.00745169
22 -0.000609205 0.00692986
23 -0.00058959 0.00654777
24 -0.000433857 0.00649201
25 -0.000690588 0.00655971
26 -0.000980261 0.0069907
27 -0.00121484 0.00727305
28 -0.00128799 0.00704048
29 -0.00115068 0.00698056
30 -0.0010448 0.00693975
31 -0.00109982 0.0064597
32 -0.0011037 0.00585193
33 -0.0011508 0.00544218
34 -0.00132575 0.00500007
35 -0.00147293 0.00464425
36 -0.00160495 0.00443027
37 -0.0018226 0.00424499
38 -0.00194047 0.00416536
39 -0.00212124 0.00432013
40 -0.00255685 0.00475121
41 -0.00323287 0.00527493
42 -0.00330926 0.00537685
43 -0.00288872 0.00524337
44 -0.00250707 0.0051075
45 -0.00227403 0.00508402
46 -0.00188155 0.00530938
47 -0.00169431 0.00576003
