0 -0.000913907 0.00895563
1 -1.24023e-05 0.00965749
2 0.000455205 0.00921109
3 0.00081178 0.00887198
4 0.000638573 0.00864615
5 0.000116715 0.00874489
6 -0.000586839 0.00886728
7 -0.000818501 0.00900868
8 -0.000753491 0.00876388
9 -0.000474793 0.00868887
10 -0.000316601 0.00849472
11 -0.000334041 0.00814546
12 -0.00037174 0.00760617
13 -0.000594237 0.00715912
14 -0.000858272 0.00694567
15 -0.000557066 0.00690076
16 -0.000310366 0.00683304
17 -0.000206661 0.00690543
18 -0.000167426 0.00741764
19 -0.000193202 0.00808297
20 -0.000290928 0.00885212
21 -0.000259891 0.00971642
22 -0.000128556 0.0108588
23 -2.51621e-05 0.0121933
24 5.13639e-05 0.013861
25 0.000370427 0.0150208
26 0.000656299 0.0153968
27 0.000833801 0.0152678
28 0.000556448 0.0149031
29 6.88125e-05 0.0145583
30 -0.000192791 0.0146143
31 -0.0003169 0.014447
32 -0.000395577 0.0145532
33 -0.000599073 0.0146639
34 -0.00098211 0.0145807
35 -0.00147323 0.0142849
36 -0.00189627 0.0145761
37 -0.00249831 0.0145716
38 -0.00297583 0.0145496
39 -0.00355696 0.0139311
40 -0.00386849 0.0128098
41 -0.00341209 0.0114378
42 -0.00297533 0.0102766
43 -0.00242613 0.00983143
44 -0.00218986 0.00921633
45 -0.00187651 0.00867188
46 -0.00135822 0.00854307
47 -0.000669497 0.00865383
