0 0.00500694 0.0179
1 0.00458311 0.0176471
2 0.00406368 0.0181909
3 0.00407257 0.0175004
4 0.00429447 0.0170905
5 0.00495794 0.0178536
6 0.00519189 0.0182291
7 0.00499002 0.017412
8 0.00492844 0.0164884
9 0.00498485 0.0157206
10 0.00502675 0.0161124
11 0.00541306 0.0169
12 0.0056821 0.0176872
13 0.00563956 0.0182735
14 0.00545739 0.0192042
15 0.00484362 0.0201126
16 0.0041242 0.0206061
17 0.0028419 0.02064
18 0.00156465 0.0204415
19 0.000382106 0.0206278
20 -0.000349164 0.0216878
21 -0.000584745 0.0237487
22 -0.000833687 0.0255137
23 -0.00105002 0.0266779
24 -0.00097656 0.0266706
25 -0.00182131 0.0255696
26 -0.00221831 0.0253165
27 -0.00250138 0.0253077
28 -0.0025114 0.0239346
29 -0.00214017 0.0210624
30 -0.00126945 0.0182054
31 -3.5267e-05 0.0162265
32 0.00115814 0.0150321
33 0.00208767 0.0142477
34 0.00245095 0.0133403
35 0.00232356 0.0126326
36 0.00242576 0.0123228
37 0.00247073 0.0120788
38 0.00254719 0.011616
39 0.00242987 0.0117064
40 0.00257453 0.0119906
41 0.00302786 0.0119773
42 0.00351966 0.0124493
43 0.00413372 0.0131427
44 0.0047005 0.0140935
45 0.00504658 0.0155738
46 0.00508143 0.0176417
47 0.00515886 0.0186416
