0 0.00310721 0.00491785
1 0.00309723 0.00439558
2 0.00259387 0.00402148
3 0.00197126 0.00349585
4 0.00151478 0.00346625
5 0.0011179 0.00363909
6 0.000551472 0.00376594
7 6.22126e-05 0.00406344
8 -0.000460426 0.00406892
9 -0.00115591 0.00405681
10 -0.00165448 0.00436694
11 -0.00191434 0.00483055
12 -0.00226131 0.00559011
13 -0.00252669 0.00584816
14 -0.00264853 0.00559783
15 -0.00221207 0.00463513
16 -0.00145469 0.0039665
17 -0.000700734 0.00389084
18 -0.000407536 0.00408083
19 -1.94223e-05 0.00418049
20 0.000555534 0.00448619
21 0.00102974 0.00503055
22 0.00127389 0.00582814
23 0.00147245 0.00656243
24 0.00154585 0.00650205
25 0.00269304 0.00576543
26 0.00305162 0.00514641
27 0.00284618 0.00447151
28 0.00211548 0.00434129
29 0.0010998 0.00424977
30 0.000681944 0.00429122
31 0.00061386 0.00473253
32 0.000980907 0.00477652
33 0.00151242 0.00456174
34 0.00198616 0.00457507
35 0.00228131 0.00483065
36 0.00250588 0.00510626
37 0.00218103 0.00508169
38 0.00183996 0.00497752
39 0.00194584 0.00503475
40 0.00209975 0.00537348
41 0.00226526 0.00583986
42 0.00227335 0.00612891
43 0.00209058 0.00621356
44 0.00187006 0.0062203
45 0.00212017 0.00636027
46 0.00264765 0.00619683
47 0.00298484 0.00548205
