0 0.00153298 0.0127229
1 0.000803141 0.0108997
2 -0.000161794 0.00885205
3 -0.000385687 0.00803704
4 -0.000724524 0.00810361
5 -0.000711356 0.00841509
6 -0.000255945 0.00899028
7 0.000109808 0.00960916
8 2.57638e-05 0.00991954
9 0.000449738 0.0103394
10 0.00108186 0.0103806
11 0.00134795 0.00966987
12 0.00140511 0.00917038
13 0.00135096 0.00867885
14 0.000974988 0.0083358
15 0.000727397 0.00794555
16 0.00083344 0.00782101
17 0.00131983 0.00802073
18 0.00202107 0.00871706
19 0.00247888 0.00962213
20 0.00276689 0.0109933
21 0.0032915 0.0126473
22 0.00362004 0.0127175
23 0.00415969 0.0130701
24 0.00365443 0.0128543
25 0.00282983 0.0119075
26 0.00211594 0.0106765
27 0.00204435 0.00944594
28 0.00218522 0.00885611
29 0.00224096 0.00848461
30 0.00225839 0.00828309
31 0.00199299 0.00741919
32 0.00163121 0.00658157
33 0.00142266 0.00638872
34 0.00114925 0.00652891
35 0.000911506 0.0066034
36 0.000707302 0.00693087
37 0.000422182 0.00729251
38 -0.00015323 0.00740447
39 -0.000649194 0.00711357
40 -0.00110981 0.0073798
41 -0.00153479 0.00848361
42 -0.00187487 0.00987026
43 -0.00178235 0.0100946
44 -0.00164815 0.0100746
45 -0.00131258 0.00999372
46 -0.000862235 0.0106525
47 0.000490552 0.0123178
