0 6.37755e-05 0.00431111
1 0.000543115 0.00498088
2 0.000640335 0.00468851
3 0.000594894 0.00437231
4 -6.88405e-06 0.00433935
5 -0.00104551 0.00447634
6 -0.0020925 0.00471927
7 -0.00260466 0.0052067
8 -0.00268503 0.00548608
9 -0.00244686 0.00557171
10 -0.00215763 0.00555009
11 -0.00172216 0.00540131
12 -0.00124941 0.00499568
13 -0.00108766 0.004525
14 -0.00110584 0.00424856
15 -0.000697323 0.00410903
16 -0.000344526 0.00396647
17 -0.000191694 0.00400054
18 -0.000156528 0.0043579
19 -0.000179913 0.00483203
20 -0.000154836 0.00525375
21 -6.09857e-05 0.00562442
22 5.53376e-05 0.00620132
23 0.000219198 0.00691791
24 0.000402634 0.00764269
25 0.000866032 0.00793076
26 0.00107875 0.00802434
27 0.00126272 0.00788459
28 0.000853872 0.0074863
29 0.000207378 0.00717215
30 -0.000147809 0.00739595
31 -0.000449661 0.00761198
32 -0.000533739 0.0076848
33 -0.000603976 0.00779136
34 -0.000543999 0.00792701
35 -0.000724744 0.00823433
36 -0.000881883 0.00880951
37 -0.00134518 0.00901745
38 -0.00189461 0.00906019
39 -0.00266973 0.00861182
40 -0.00303591 0.00805652
41 -0.00254154 0.00733981
42 -0.00211346 0.00657201
43 -0.00142774 0.00612703
44 -0.00110309 0.00529107
45 -0.000935527 0.00441294
46 -0.000751258 0.00408054
47 -0.000198183 0.00397922
