0 -0.00144825 0.00562791
1 -0.00138678 0.00500635
2 -0.00129644 0.00450944
3 -0.00132568 0.0037013
4 -0.00108314 0.00297912
5 -0.000848643 0.00247061
6 -0.0004873 0.00213262
7 -6.58718e-05 0.00195555
8 0.000113316 0.00176468
9 1.50014e-05 0.00167134
10 0.000384904 0.00143804
11 7.31691e-05 0.00128615
12 5.63368e-05 0.00133622
13 0.000158634 0.0015197
14 0.000194108 0.00178544
15 0.000256429 0.00214462
16 0.000280937 0.0026317
17 0.000257814 0.00330051
18 0.000226402 0.00417143
19 0.000197859 0.00508056
20 0.000234069 0.00543858
21 0.000395044 0.00589056
22 0.000588623 0.0069724
23 0.000553773 0.00817838
24 -2.05967e-05 0.00908424
25 -0.00025678 0.0092744
26 -0.000784514 0.00894928
27 -0.00145538 0.00890646
28 -0.00199671 0.00925679
29 -0.00219683 0.00961775
30 -0.00251167 0.00998528
31 -0.00298847 0.00964186
32 -0.00305463 0.00938239
33 -0.00281348 0.00964146
34 -0.00284084 0.00981481
35 -0.00291918 0.00978146
36 -0.00275482 0.00951127
37 -0.0025601 0.00970578
38 -0.00232327 0.0099036
39 -0.00196447 0.00963808
40 -0.00153371 0.00911283
41 -0.00160365 0.00869782
42 -0.00161071 0.00858105
43 -0.00141703 0.00811615
44 -0.00112946 0.0078357
45 -0.00101042 0.00796613
46 -0.00132634 0.00787654
47 -0.00154865 0.00720963
