0 0.00147707 0.00415511
1 0.00127704 0.00428776
2 0.000989021 0.00460498
3 0.000790695 0.00473344
4 0.000636711 0.00435568
5 0.000465498 0.00426485
6 0.000331007 0.00439224
7 0.000386566 0.00445703
8 0.000333841 0.00440303
9 0.000586025 0.00459086
10 0.000993578 0.00516532
11 0.00129044 0.00562785
12 0.00144638 0.00618197
13 0.00112215 0.00653487
14 0.000567969 0.00638756
15 0.000128594 0.0064229
16 -0.000399737 0.00625888
17 -0.000704129 0.00568749
18 -0.00107492 0.00522574
19 -0.00158184 0.00485673
20 -0.0020285 0.0045467
21 -0.00242164 0.00460743
22 -0.00258424 0.00481968
23 -0.0024589 0.00510976
24 -0.0022755 0.00552869
25 -0.0021224 0.00529505
26 -0.00176459 0.00539845
27 -0.00110403 0.00554115
28 -0.000720041 0.00556836
29 -0.000408274 0.00525444
30 -2.43282e-05 0.00504812
31 0.000309039 0.00486763
32 0.000712747 0.00477298
33 0.00132689 0.00489399
34 0.00166168 0.004718
35 0.00189943 0.00465547
36 0.00204561 0.00434677
37 0.00147127 0.0035651
38 0.000969414 0.00287874
39 0.000995549 0.002478
40 0.0011086 0.00254025
41 0.000965674 0.00297257
42 0.000727389 0.00334761
43 0.000764702 0.00400378
44 0.000660837 0.00451757
45 0.000573379 0.00492919
46 0.000874969 0.00515376
47 0.000915398 0.00493762
