0 -0.0015125 0.00467071
1 -0.00178855 0.00620914
2 -0.00179131 0.00741513
3 -0.00161613 0.00816415
4 -0.000913364 0.00875668
5 -0.000568512 0.00941317
6 -6.32653e-05 0.00933944
7 0.000392725 0.0090383
8 0.000522232 0.00888966
9 0.000292311 0.00876563
10 5.41832e-05 0.00911272
11 -0.00015923 0.00983083
12 -0.000472403 0.0105288
13 -0.00113401 0.0102946
14 -0.00122412 0.0101927
15 -0.00115683 0.00977428
16 -0.00143072 0.00994635
17 -0.00227798 0.0101083
18 -0.00289671 0.0100582
19 -0.00322791 0.00988795
20 -0.00360284 0.0094144
21 -0.00439345 0.0088656
22 -0.00557208 0.00898326
23 -0.00595699 0.00880875
24 -0.00593198 0.00847514
25 -0.00626095 0.00725548
26 -0.00586703 0.00675735
27 -0.00574188 0.0064488
28 -0.00526216 0.00598802
29 -0.00433048 0.00550338
30 -0.00364 0.00561514
31 -0.0029288 0.00585702
32 -0.00239588 0.00584578
33 -0.0018127 0.00560655
34 -0.00169512 0.0055687
35 -0.00172792 0.00555888
36 -0.0019135 0.00552822
37 -0.00204851 0.00531701
38 -0.00198283 0.00508995
39 -0.00170107 0.00483079
40 -0.00143795 0.00485772
41 -0.00153589 0.00496312
42 -0.00190605 0.00474054
43 -0.00242011 0.00423437
44 -0.00272749 0.00415706
45 -0.00282676 0.00423641
46 -0.00273175 0.00439459
47 -0.00259148 0.00431331
