0 0.0031709 0.00853883
1 0.00231967 0.00826929
2 0.00115382 0.00695584
3 7.72847e-05 0.0056979
4 -0.000866984 0.00510573
5 -0.00137365 0.00521882
6 -0.00143228 0.00550732
7 -0.00108973 0.006109
8 -0.000640206 0.00643738
9 -0.000370627 0.00619318
10 -0.00031346 0.00580832
11 -8.18349e-05 0.00553245
12 -0.000142497 0.00538326
13 -0.00032298 0.0057376
14 -0.000461858 0.00605192
15 -0.000543736 0.00621004
16 -0.000528685 0.00639196
17 -0.000280717 0.00648945
18 -2.98859e-05 0.00668605
19 -0.000106221 0.00668436
20 -0.000330225 0.00647761
21 -0.000336999 0.00626171
22 -0.000381418 0.00586355
23 0.000122307 0.00597698
24 0.000551877 0.00640734
25 0.000529778 0.00658446
26 0.000426393 0.00601319
27 0.000224319 0.00551847
28 0.000136638 0.00485408
29 0.0001216 0.00428299
30 5.19183e-05 0.00402022
31 -0.000125479 0.0038517
32 -0.000119583 0.00398997
33 -0.000200019 0.00423335
34 5.98948e-05 0.00413648
35 0.000327459 0.00340868
36 0.000420027 0.00288034
37 -3.99714e-05 0.00265476
38 -0.000239318 0.00316654
39 0.000251335 0.0041692
40 0.00114791 0.00515161
41 0.00196076 0.00612286
42 0.00260104 0.00695436
43 0.00289083 0.00774818
44 0.00310037 0.00831833
45 0.00351699 0.00882652
46 0.00357244 0.00899038
47 0.00348793 0.00862868
