0 0.00177403 0.00619861
1 0.00145344 0.0056704
2 0.000935065 0.00510788
3 0.000753213 0.00430097
4 0.00067768 0.0035083
5 0.00056966 0.00281019
6 0.000361144 0.00209363
7 0.000260378 0.00155154
8 0.000193242 0.00138436
9 0.000312683 0.00120246
10 0.000457778 0.0012513
11 0.000406954 0.00148512
12 0.000326896 0.00162015
13 9.14913e-05 0.00194355
14 7.58991e-05 0.0023028
15 0.000129261 0.00256239
16 0.000225535 0.00259662
17 0.000461757 0.00253903
18 0.000602882 0.00240786
19 0.000637845 0.0023232
20 0.000315369 0.00259291
21 -0.000176362 0.00298265
22 -0.000552088 0.00335625
23 -0.00102855 0.00357136
24 -0.00136568 0.00377954
25 -0.00146743 0.00417032
26 -0.00158293 0.00447313
27 -0.00147124 0.00479762
28 -0.00149263 0.00510995
29 -0.00164812 0.00498693
30 -0.00175371 0.00509039
31 -0.00175325 0.00504426
32 -0.00155705 0.00487544
33 -0.00117348 0.00499314
34 -0.000756663 0.00511015
35 -0.000446455 0.00528701
36 -0.000328692 0.00556965
37 -0.000170308 0.00589933
38 -3.95993e-05 0.00640737
39 7.55804e-05 0.00700484
40 0.000101665 0.00703902
41 0.000230642 0.00656403
42 -4.09323e-05 0.00623471
43 -0.000219485 0.00601469
44 -0.000121147 0.00581422
45 7.04037e-05 0.00590168
46 0.000277399 0.00657494
47 0.000986627 0.00677397
