0 -0.000720183 0.00309566
1 -0.000867819 0.00317603
2 -0.00136012 0.00301539
3 -0.00125103 0.00279439
4 -0.00101239 0.00275783
5 -0.000833473 0.00270361
6 -0.000487551 0.00239311
7 -0.000168616 0.00210421
8 6.78977e-05 0.00179354
9 0.000206843 0.00169074
10 0.000262456 0.00181302
11 0.000348943 0.00206361
12 0.000473872 0.00227068
13 0.0004653 0.00239012
14 0.000634085 0.00248495
15 0.000889226 0.00251471
16 0.000876661 0.00250277
17 0.000669389 0.00260272
18 0.000526837 0.00273983
19 0.000514932 0.00309638
20 0.000471678 0.0033495
21 0.000384536 0.00349081
22 0.000429555 0.00347705
23 0.00060115 0.0034303
24 0.000756138 0.0034796
25 0.001033 0.00350571
26 0.00103264 0.00339057
27 0.000868018 0.00335823
28 0.000640577 0.00320892
29 0.000482699 0.00307445
30 0.00034747 0.00301105
31 0.000277571 0.00318863
32 0.000202216 0.00335271
33 0.00014947 0.00346709
34 1.16899e-05 0.00355238
35 -0.000157512 0.00370479
36 -0.000517125 0.00387558
37 -0.00093175 0.00381191
38 -0.000998968 0.00338215
39 -0.000880721 0.00295888
40 -0.000710152 0.00285661
41 -0.000559207 0.00295075
42 -0.000357686 0.00300762
43 -0.000344575 0.0031763
44 -0.000504695 0.00318363
45 -0.000573375 0.00326175
46 -0.000626095 0.00334386
47 -0.000605523 0.00322531
