0 -3.58255e-06 0.00907479
1 -0.000875484 0.00891137
2 -0.000677363 0.00966634
3 -0.000538642 0.00993321
4 -0.000248455 0.00947651
5 0.000185332 0.00881475
6 0.000323815 0.00864645
7 0.000160181 0.00897464
8 -4.64013e-05 0.00922163
9 -0.000381715 0.00879399
10 -0.000563129 0.00856177
11 -0.000612427 0.00829186
12 -0.000809525 0.00815729
13 -0.00105421 0.0080775
14 -0.00126078 0.0078424
15 -0.00124657 0.00770173
16 -0.00125366 0.007703
17 -0.00116763 0.00780234
18 -0.00092192 0.00837644
19 -0.000648637 0.00875369
20 -0.000376915 0.00892006
21 -0.000230133 0.00892845
22 -0.000156421 0.00858719
23 -1.36196e-05 0.00827184
24 0.000513577 0.00803558
25 0.000583921 0.00771354
26 0.00103323 0.00743828
27 0.00146069 0.00717812
28 0.00159878 0.00680546
29 0.00140652 0.00677222
30 0.0012403 0.00695012
31 0.00121398 0.00715844
32 0.00108368 0.00699403
33 0.00106198 0.0070609
34 0.000993522 0.00708305
35 0.000791484 0.00700694
36 0.00055406 0.00703173
37 0.000269287 0.00709819
38 4.78358e-05 0.00750535
39 0.000292028 0.00868956
40 0.000478138 0.00864523
41 0.000526399 0.00803063
42 0.000608634 0.00745564
43 0.00040962 0.00731722
44 0.000418205 0.00793143
45 0.000902592 0.00891731
46 0.00111033 0.00946676
47 0.000701032 0.00932637
