0 -0.00160954 0.00669334
1 -0.00193213 0.00648777
2 -0.00172096 0.00612338
3 -0.00157412 0.00570888
4 -0.00150468 0.00540701
5 -0.00144336 0.00515864
6 -0.00148016 0.00501962
7 -0.00129103 0.00505751
8 -0.000769132 0.0047751
9 -0.000516396 0.00441784
10 -0.0003003 0.0042677
11 -0.000353889 0.00414528
12 -0.000285715 0.00409782
13 -0.000195909 0.00396307
14 -0.000345718 0.00411758
15 -0.000562936 0.00436198
16 -0.000873839 0.00461583
17 -0.00119401 0.00464464
18 -0.00142406 0.00461022
19 -0.00166406 0.00466973
20 -0.0019054 0.00500713
21 -0.00221511 0.00572319
22 -0.00248099 0.00717171
23 -0.00269667 0.00855017
24 -0.0023284 0.00908275
25 -0.00244609 0.00878588
26 -0.00204536 0.00798647
27 -0.00173772 0.00727631
28 -0.00146263 0.0068558
29 -0.00114881 0.00642466
30 -0.000920781 0.00585628
31 -0.000618587 0.00532949
32 -0.000343369 0.00501269
33 -5.96419e-05 0.00467018
34 0.000133599 0.00438823
35 1.9804e-05 0.0042768
36 -0.000327917 0.00443254
37 -0.000596623 0.00482385
38 -0.000610838 0.00528878
39 -0.000651003 0.00556711
40 -0.000727185 0.00594771
41 -0.000742368 0.00648299
42 -0.000501558 0.00709631
43 -0.000681626 0.00752678
44 -0.000925883 0.00736942
45 -0.00103654 0.00691332
46 -0.00151092 0.00664901
47 -0.00190161 0.00666316
