0 0.000792869 0.00656417
1 0.0014675 0.00723967
2 0.00155734 0.00789493
3 0.00160867 0.00814327
4 0.00108266 0.00761714
5 0.000512304 0.00692295
6 2.98979e-05 0.00619974
7 -0.000481357 0.0055681
8 -0.000934971 0.0050979
9 -0.00139933 0.00506011
10 -0.00156937 0.00494813
11 -0.00135546 0.00499389
12 -0.00096942 0.00486784
13 -0.000620235 0.00440283
14 -0.000552147 0.00416741
15 -0.000572858 0.00413497
16 -0.000577391 0.00411266
17 -0.000310992 0.00412288
18 -2.10727e-06 0.00386593
19 5.13008e-05 0.00346171
20 7.68703e-05 0.00346612
21 0.000134307 0.003689
22 0.000298689 0.00387852
23 0.000521424 0.0038066
24 0.000681547 0.00347196
25 0.000154895 0.00322038
26 5.26144e-05 0.00318044
27 7.58063e-05 0.00326998
28 0.000124973 0.00342389
29 -6.48429e-05 0.00358859
30 -0.000267432 0.00368348
31 -0.000354337 0.00375411
32 -0.000266131 0.00395137
33 0.000177248 0.00403708
34 0.00032438 0.00384568
35 0.000450769 0.00371187
36 0.000549413 0.0036126
37 0.000948005 0.0035209
38 0.00148331 0.00308799
39 0.00212994 0.00265769
40 0.00234657 0.00296601
41 0.00211005 0.0038933
42 0.0010944 0.00447432
43 0.000182986 0.00478594
44 -0.000225033 0.0051695
45 0.000127981 0.00541248
46 0.000421934 0.00575708
47 0.000589027 0.00658749
