0 0.00239871 0.0146966
1 0.00213318 0.0143163
2 0.0015979 0.013109
3 0.00175285 0.0116401
4 0.00172355 0.0103345
5 0.00143048 0.00942793
6 0.00115738 0.00887559
7 0.000996848 0.00838749
8 0.000789382 0.00769287
9 0.000563305 0.00728702
10 0.000290007 0.00705778
11 -1.81101e-05 0.00706052
12 -0.000418103 0.00714731
13 -0.000436564 0.007225
14 -0.000297284 0.00733846
15 -0.00010764 0.00744096
16 -4.21631e-05 0.00775036
17 -8.6865e-05 0.0083299
18 -0.000354983 0.00858143
19 -0.000520749 0.00879189
20 -0.000668202 0.00929437
21 -0.000804382 0.00983559
22 -0.000893614 0.0102612
23 -0.000959913 0.0110324
24 -0.0011604 0.0116355
25 -0.000706842 0.0125019
26 -0.000546878 0.0133601
27 -0.000510632 0.0133924
28 -0.000428028 0.0134221
29 -0.000466039 0.0139304
30 -0.000582496 0.0143881
31 -0.000661699 0.0147082
32 -0.000681009 0.014701
33 -0.000498537 0.0147999
34 -0.00024655 0.0152354
35 -3.67684e-05 0.0154547
36 2.9303e-05 0.0158175
37 0.000350612 0.0156507
38 0.000512269 0.0149574
39 0.000578019 0.0147557
40 0.000628482 0.0149583
41 0.000589582 0.0152801
42 0.00072557 0.0157772
43 0.000985195 0.0167083
44 0.00127611 0.0166122
45 0.00179503 0.015916
46 0.00187813 0.0156209
47 0.00205289 0.0154745
