0 0.00123359 0.0117286
1 0.00119475 0.0139765
2 0.000734535 0.014998
3 0.000305671 0.0148665
4 0.000407706 0.0142923
5 0.000311537 0.0142807
6 0.000734043 0.0134811
7 0.00118621 0.0123856
8 0.0010337 0.0120729
9 0.000441085 0.0122716
10 5.33574e-05 0.0125058
11 -0.000109766 0.0128948
12 -0.000277051 0.0136046
13 -0.00072383 0.0137202
14 -0.00064128 0.0139259
15 -0.000236085 0.0137836
16 0.000175523 0.0144234
17 0.000199639 0.0152298
18 -5.18383e-05 0.0154359
19 -0.000424294 0.0156165
20 -0.00100957 0.0155504
21 -0.00191293 0.0157222
22 -0.00291449 0.0166602
23 -0.00338534 0.0170723
24 -0.0034901 0.0167974
25 -0.00444461 0.0154285
26 -0.00438425 0.0141301
27 -0.00452197 0.0131617
28 -0.00435479 0.0119852
29 -0.00378197 0.0110993
30 -0.00333741 0.0106726
31 -0.00269955 0.0104472
32 -0.00207197 0.0101444
33 -0.00159142 0.010058
34 -0.00166752 0.0102526
35 -0.00159916 0.0104329
36 -0.00175152 0.0104842
37 -0.00187274 0.0100937
38 -0.00168868 0.00983521
39 -0.00135802 0.00972426
40 -0.00102868 0.0101214
41 -0.00115699 0.0105143
42 -0.00139418 0.0104953
43 -0.00176297 0.0100464
44 -0.00205661 0.00992461
45 -0.00218283 0.010417
46 -0.00175712 0.010994
47 -0.00103864 0.0110094
