0 -0.00138969 0.0102216
1 -0.00139457 0.00903247
2 -0.00139596 0.00825309
3 -0.00121543 0.00731822
4 -0.000963853 0.00683727
5 -0.000890008 0.00658947
6 -0.000899257 0.00600313
7 -0.000979761 0.00548161
8 -0.000970144 0.00517863
9 -0.000794377 0.00511265
10 -0.000577052 0.00506578
11 -0.000416072 0.00512706
12 -0.000182504 0.00524544
13 8.55637e-07 0.00547933
14 -5.85816e-05 0.00591701
15 -0.000158135 0.00650286
16 -0.00021561 0.00695925
17 -8.50301e-05 0.00711093
18 -3.08417e-06 0.00697123
19 0.000112522 0.00669665
20 0.000213688 0.00633411
21 0.000362565 0.00633091
22 0.000513439 0.00661174
23 0.000711105 0.00693862
24 0.000484488 0.00733177
25 0.000498857 0.00720705
26 0.000164856 0.00716013
27 -0.000174679 0.00731848
28 -0.000466646 0.00747137
29 -0.000628973 0.00734463
30 -0.000677387 0.00703351
31 -0.000481046 0.00645836
32 2.10451e-05 0.00607995
33 0.000777244 0.00600051
34 0.00130226 0.00607298
35 0.00154929 0.00636378
36 0.00156138 0.00684587
37 0.00122824 0.00722722
38 0.000911565 0.00758924
39 0.000677958 0.00781242
40 0.000744315 0.00779402
41 0.000676968 0.00774388
42 0.000613992 0.00786429
43 0.000433369 0.00801549
44 4.50551e-05 0.00834015
45 -0.00041803 0.00873111
46 -0.000872946 0.00915421
47 -0.00125396 0.00975139
