0 -0.000565951 0.00974929
1 -0.00115922 0.00995146
2 -0.00190549 0.00995402
3 -0.00262377 0.0106397
4 -0.00288755 0.0112047
5 -0.00260877 0.0109455
6 -0.00206295 0.0105625
7 -0.00132021 0.0106286
8 -0.000558062 0.010822
9 0.000272491 0.0110038
10 0.000689979 0.0106728
11 0.000853043 0.00994708
12 0.000756341 0.00936772
13 0.000828365 0.00891955
14 0.000732744 0.00849113
15 0.000458049 0.00824859
16 0.000269135 0.00820008
17 0.000204089 0.00782231
18 0.000222996 0.00804423
19 0.000259161 0.00870516
20 0.00035381 0.0094833
21 0.000239014 0.010023
22 0.000174111 0.0106299
23 0.000149422 0.0111358
24 7.73595e-05 0.0109201
25 -9.22151e-05 0.0105218
26 -0.000256638 0.0100348
27 -0.000343334 0.00940538
28 -0.000544179 0.0087713
29 -0.00081216 0.00831656
30 -0.000912939 0.00829258
31 -0.000928388 0.00846789
32 -0.000945121 0.00877076
33 -0.000814038 0.00900515
34 -0.000431235 0.00905008
35 -0.000178234 0.00878881
36 -0.000195204 0.00856923
37 -0.000128204 0.00850052
38 -8.48705e-06 0.0083995
39 0.000511383 0.00830135
40 0.00111643 0.00825606
41 0.00189492 0.0082404
42 0.00230049 0.00835182
43 0.00230967 0.00886823
44 0.00184139 0.00925388
45 0.00141518 0.00931916
46 0.000888682 0.00942242
47 -5.92188e-05 0.00985917
