0 -0.000780527 0.00617577
1 -0.00104666 0.00601418
2 -0.000660825 0.00544661
3 -0.000231437 0.00453209
4 -0.000143313 0.00374225
5 -0.000321242 0.00322715
6 -0.000740548 0.00302021
7 -0.00113381 0.00287029
8 -0.000943021 0.00263829
9 -0.000632777 0.00242137
10 -0.00032133 0.00227442
11 -0.000268686 0.00240739
12 -0.000438792 0.00254133
13 -0.000745277 0.0027407
14 -0.00105391 0.00294768
15 -0.00119155 0.00305045
16 -0.00115283 0.00278319
17 -0.00108704 0.00269222
18 -0.000915292 0.00274426
19 -0.000738849 0.00262782
20 -0.00067945 0.00250133
21 -0.000721272 0.00244144
22 -0.000807622 0.00270476
23 -0.000856776 0.00279891
24 -0.00130002 0.00318994
25 -0.00174914 0.00450535
26 -0.00169709 0.00500258
27 -0.00143508 0.00449067
28 -0.000986202 0.00455211
29 -0.00053382 0.004782
30 -0.000174204 0.00488428
31 -1.36504e-05 0.00482509
32 7.86318e-05 0.0048953
33 0.000175539 0.0049026
34 0.000300288 0.00468612
35 0.00038032 0.00444841
36 0.00040918 0.00462767
37 0.00060418 0.00482766
38 0.000628826 0.00486028
39 0.000668352 0.00491241
40 0.000881174 0.00508725
41 0.000939736 0.0049378
42 0.000875268 0.00468712
43 0.000766935 0.00467123
44 0.000478501 0.00535574
45 3.83755e-05 0.00639343
46 -0.000528988 0.00722463
47 -0.000743794 0.00691154
