0 -0.00121626 0.0101377
1 -0.00176395 0.00934156
2 -0.00230262 0.00867003
3 -0.00239329 0.00785117
4 -0.00234921 0.00712411
5 -0.00221914 0.00669542
6 -0.00178329 0.00637615
7 -0.00123111 0.00636784
8 -0.000652158 0.00626479
9 -0.00023246 0.00582679
10 3.02586e-05 0.00542876
11 0.000253641 0.00533532
12 0.000572504 0.00536011
13 0.000660185 0.00524608
14 0.000832474 0.00501427
15 0.00105791 0.00488793
16 0.00106616 0.00502924
17 0.00119827 0.00496638
18 0.00123258 0.00475097
19 0.0011934 0.00491557
20 0.0013296 0.00540515
21 0.00138679 0.00597376
22 0.00141371 0.00641408
23 0.00162148 0.00674881
24 0.00216568 0.00701399
25 0.00246749 0.00756071
26 0.00317653 0.00794247
27 0.00355957 0.00799127
28 0.0030732 0.00779166
29 0.00261828 0.00789094
30 0.00211525 0.00814572
31 0.00188521 0.00837257
32 0.0018997 0.0086042
33 0.00204896 0.00803959
34 0.00211991 0.00735431
35 0.00163286 0.00686457
36 0.000724461 0.0065918
37 0.00033936 0.00624311
38 0.000396367 0.00594021
39 0.000265615 0.00598214
40 0.00030411 0.00631672
41 0.000180015 0.00685083
42 3.60958e-05 0.00785564
43 -0.000207712 0.00887673
44 -0.000307647 0.00930141
45 -0.000709807 0.00955305
46 -0.00125507 0.00995962
47 -0.00147608 0.0103949
