0 0.00147042 0.00911585
1 0.00144138 0.0091962
2 0.00071922 0.00887062
3 0.00041491 0.00878601
4 0.000698939 0.00886936
5 0.00135319 0.00874239
6 0.00172145 0.00809462
7 0.00190609 0.00763409
8 0.00194252 0.00738963
9 0.0017008 0.00745474
10 0.00143456 0.00746183
11 0.00131534 0.00732392
12 0.0011889 0.00709109
13 0.00102328 0.00702112
14 0.000705419 0.00714965
15 0.000597628 0.0074322
16 0.000718454 0.00764982
17 0.000856548 0.00798979
18 0.00106861 0.00822241
19 0.00131977 0.00850598
20 0.00158171 0.00915557
21 0.00157106 0.00985835
22 0.00148149 0.0110034
23 0.00119823 0.0112259
24 0.00066868 0.0112521
25 0.000954048 0.0115357
26 0.000961146 0.0119763
27 0.00105174 0.0119606
28 0.00122045 0.0110019
29 0.00131402 0.009892
30 0.0012782 0.00897723
31 0.00137173 0.00832932
32 0.00169467 0.00791044
33 0.00216923 0.00752909
34 0.00245547 0.00711461
35 0.00237617 0.00655451
36 0.00202904 0.00644562
37 0.00156047 0.00647023
38 0.000929463 0.00665517
39 0.000468387 0.0070369
40 7.02776e-05 0.00687869
41 -0.000235785 0.00679181
42 -0.000453988 0.00691847
43 -0.000529974 0.00702711
44 -0.000579358 0.00755581
45 -0.00033766 0.00845535
46 -9.38473e-05 0.00932153
47 0.000221396 0.00929933
