0 -0.000932361 0.00780487
1 -0.000591517 0.00722098
2 -0.000249984 0.00675188
3 -2.95153e-05 0.00648535
4 -0.000103907 0.00607188
5 -0.000108382 0.00523121
6 3.63926e-05 0.00444308
7 0.000279268 0.00381022
8 0.00023505 0.00357125
9 0.000169716 0.00361586
10 0.000334648 0.00370025
11 0.000596255 0.00402926
12 0.000772757 0.0041007
13 0.000990677 0.00419708
14 0.00106893 0.00438206
15 0.000927192 0.00428701
16 0.000677617 0.00435055
17 0.000326818 0.00458791
18 8.59849e-05 0.00493361
19 -9.78812e-06 0.00558745
20 4.25898e-06 0.00631797
21 0.000144276 0.0067501
22 6.73124e-05 0.00715373
23 -0.000188494 0.00762061
24 6.19595e-05 0.00807844
25 -4.91936e-05 0.00806451
26 3.85102e-05 0.00783615
27 -3.37184e-06 0.00719871
28 -0.000100245 0.00654293
29 -0.000475376 0.00626061
30 -0.000829575 0.00634412
31 -0.000902973 0.00676346
32 -0.00103042 0.00722536
33 -0.00127244 0.00751567
34 -0.00149795 0.00784203
35 -0.00109369 0.0079831
36 -0.000836062 0.00808887
37 -0.000689694 0.00767782
38 -0.000805277 0.00697062
39 -0.000535949 0.00676808
40 -0.000403984 0.00672195
41 -0.000367748 0.00710517
42 -3.7903e-05 0.00698826
43 0.000164451 0.00689062
44 0.000224473 0.00716784
45 -3.07035e-05 0.00747585
46 -0.000516392 0.0079418
47 -0.00109749 0.00796373
