0 2.38812e-05 0.00755058
1 -0.00128678 0.00820327
2 -0.00203855 0.00867711
3 -0.0022978 0.00872243
4 -0.0020201 0.00827218
5 -0.0013326 0.00770097
6 -0.000754557 0.00741861
7 -0.000692677 0.00748214
8 -0.000495787 0.00747034
9 -0.000230153 0.00724335
10 -2.93701e-08 0.0072545
11 0.000305862 0.00745497
12 0.000420018 0.00744791
13 0.000504714 0.00742126
14 0.000612748 0.00762515
15 0.000921215 0.00792609
16 0.00135488 0.00810919
17 0.0017633 0.00866624
18 0.00203437 0.00947478
19 0.00205927 0.00994056
20 0.00204613 0.0101301
21 0.00193292 0.0102986
22 0.00182985 0.0101313
23 0.00176277 0.0099927
24 0.00198658 0.0103479
25 0.00186551 0.0100932
26 0.00183054 0.00955958
27 0.00169027 0.00898784
28 0.00149425 0.00865898
29 0.00127128 0.00856748
30 0.00102543 0.00827884
31 0.000662036 0.00763857
32 0.0006276 0.00727042
33 0.000831418 0.0072233
34 0.00114722 0.0070546
35 0.00134806 0.00688081
36 0.00147306 0.00659425
37 0.00155438 0.00664897
38 0.00141926 0.00690747
39 0.000856099 0.00699509
40 0.000517381 0.00730397
41 0.000359325 0.00785434
42 0.000410669 0.00847126
43 0.000600587 0.00896721
44 0.000476899 0.00862942
45 0.000417734 0.00796199
46 0.000275101 0.00771028
47 0.00028426 0.00754556
