0 -0.00143065 0.00784463
1 -0.00101785 0.00692195
2 -0.00115475 0.00648383
3 -0.00169175 0.00586194
4 -0.00229056 0.00515779
5 -0.00267747 0.00457221
6 -0.00295342 0.00416089
7 -0.00234865 0.00390525
8 -0.00136969 0.00369769
9 -0.00088429 0.00345525
10 -0.000753737 0.0032723
11 -0.000754769 0.00311738
12 -0.000796612 0.00320081
13 -0.000254848 0.00319548
14 0.000579593 0.00318582
15 0.00110546 0.00343255
16 0.00126379 0.00357841
17 0.00115749 0.00374641
18 0.000776212 0.00417673
19 0.000382485 0.00449043
20 1.8276e-05 0.00458095
21 -0.000108788 0.00468549
22 -0.000289112 0.00488102
23 -0.000449832 0.00490906
24 -0.000325384 0.00502941
25 -0.000398572 0.00501142
26 -0.000383334 0.0051113
27 -0.000565182 0.00528388
28 -0.000882058 0.00561931
29 -0.00107668 0.00593352
30 -0.00115691 0.00622232
31 -0.00112567 0.00633612
32 -0.00098264 0.00643324
33 -0.000581632 0.00619375
34 -5.15597e-05 0.00612322
35 0.000255733 0.00617036
36 0.000339967 0.00587937
37 0.000394846 0.00578751
38 0.000510697 0.00574152
39 0.000424006 0.00550872
40 0.000587882 0.00537459
41 0.000726264 0.00544509
42 0.00108972 0.00567567
43 0.00144608 0.00584459
44 0.00127405 0.00601244
45 0.000894223 0.00657886
46 0.000480229 0.0072332
47 -0.000117492 0.0075972
