0 -0.00213525 0.00535296
1 -0.00264502 0.00578449
2 -0.00244058 0.00551229
3 -0.00179699 0.00506431
4 -0.0010304 0.00435324
5 -0.000458179 0.00401686
6 7.441e-05 0.00370716
7 0.000258233 0.00355953
8 0.000310933 0.00361474
9 0.000271659 0.00388901
10 0.000392294 0.0042669
11 0.000629695 0.00456268
12 0.00115382 0.00466042
13 0.00143335 0.00457073
14 0.00118287 0.00467813
15 0.000706784 0.00498323
16 0.000284447 0.00531148
17 -1.12836e-05 0.00557453
18 -0.000349549 0.00585379
19 -0.000658639 0.00614672
20 -0.000923197 0.00643297
21 -0.00106297 0.00664229
22 -0.000684186 0.0067571
23 -0.000200778 0.00627371
24 0.00044338 0.00557702
25 0.00045166 0.00509977
26 0.000418171 0.00488529
27 0.000351392 0.00450958
28 0.000208808 0.00380604
29 6.43946e-05 0.00319294
30 -0.000207888 0.00293679
31 -0.000524385 0.00273411
32 -0.00093139 0.00260223
33 -0.000939257 0.00264693
34 -0.000890476 0.00298868
35 -0.000810114 0.00332347
36 -0.000775372 0.00350075
37 -0.000844368 0.00358257
38 -0.00104995 0.00366513
39 -0.0011371 0.00374278
40 -0.00116804 0.00360805
41 -0.00139807 0.00376771
42 -0.00173836 0.00403334
43 -0.00217885 0.00415813
44 -0.0026428 0.00400147
45 -0.00272752 0.00400104
46 -0.00284983 0.00434839
47 -0.00258523 0.00461206
