0 -0.00230314 0.0153757
1 -0.001082 0.0152978
2 -0.000263402 0.014406
3 2.56328e-05 0.0143029
4 -0.000326897 0.0144448
5 -0.000859972 0.0141664
6 -0.00101368 0.013571
7 -0.000605803 0.0128811
8 -0.00022552 0.0118344
9 -0.000158058 0.0112581
10 -4.41129e-05 0.0113173
11 0.000350927 0.0117028
12 0.000575526 0.0121469
13 0.00054883 0.0125452
14 0.000577711 0.0128154
15 0.000673608 0.0126796
16 0.00078174 0.0122642
17 0.00105154 0.0117032
18 0.00109912 0.0113469
19 0.000901944 0.0111315
20 0.000678377 0.011287
21 0.000495826 0.0114973
22 0.00047048 0.011787
23 0.000399473 0.012134
24 0.000113527 0.012216
25 0.000152827 0.0122363
26 -1.37963e-05 0.0122488
27 -0.000325468 0.0122568
28 -0.000632582 0.0122361
29 -0.000820148 0.0117666
30 -0.000660096 0.0115841
31 -0.000405699 0.0110269
32 -0.000484445 0.010216
33 -0.000779552 0.00989428
34 -0.00115701 0.00992195
35 -0.00115039 0.00992557
36 -0.000998524 0.00964754
37 -0.000966325 0.00922291
38 -0.00104768 0.00902227
39 -0.00131682 0.00917639
40 -0.000994443 0.00974258
41 -0.000748712 0.0102866
42 -0.00103001 0.0105937
43 -0.0014407 0.0114179
44 -0.00250587 0.0129375
45 -0.00367268 0.0144452
46 -0.00368275 0.0154426
47 -0.00307339 0.0152055
