0 0.00229767 0.00677111
1 0.00287254 0.00574887
2 0.00185008 0.00580745
3 0.00104127 0.00586165
4 0.000314589 0.00569817
5 -0.00026751 0.00549515
6 -0.000560226 0.00530241
7 -0.000673769 0.00515726
8 -0.000569374 0.00485563
9 -0.000573545 0.00464764
10 -0.000463142 0.00449564
11 -0.000475418 0.00443816
12 -0.000619577 0.004506
13 -0.000802247 0.00462606
14 -0.00104364 0.00479068
15 -0.00109498 0.00505178
16 -0.00107236 0.00553595
17 -0.00110252 0.0061735
18 -0.00101037 0.0063734
19 -0.000839193 0.00642236
20 -0.000622602 0.00670958
21 -0.000234233 0.00706611
22 0.000129045 0.00731144
23 0.000383354 0.00745751
24 0.000691107 0.00705565
25 0.00128077 0.00604073
26 0.00153184 0.00504733
27 0.00144347 0.00424723
28 0.00108201 0.00377661
29 0.000807148 0.00361336
30 0.000634998 0.003349
31 0.000598817 0.00291331
32 0.000598487 0.00280838
33 0.000481834 0.00283144
34 0.000389012 0.00269421
35 0.000103097 0.00284009
36 -8.06435e-05 0.00302871
37 -0.00016186 0.00311377
38 -0.000333804 0.00337461
39 -0.000781635 0.00393525
40 -0.00106527 0.00422011
41 -0.00087863 0.00442671
42 -0.000419994 0.00474726
43 0.000242842 0.00518724
44 0.000709614 0.00588809
45 0.00100844 0.00704969
46 0.00130009 0.00745887
47 0.00175198 0.00798078
