0 0.00117982 0.00420369
1 0.000721239 0.00385731
2 0.000869033 0.00439931
3 0.000764396 0.00451231
4 0.00056571 0.00416994
5 0.000394843 0.00362596
6 0.000328012 0.00319779
7 0.000262928 0.00279604
8 0.000338936 0.00258059
9 0.000572966 0.00258367
10 0.000544876 0.0026414
11 0.000598119 0.00293323
12 0.00077242 0.00338755
13 0.00054675 0.00366657
14 0.000223192 0.00384817
15 -1.02167e-05 0.00410783
16 -4.83073e-05 0.00437192
17 -0.000174325 0.00456035
18 -0.000415269 0.00477251
19 -0.0004373 0.00477649
20 -0.000513911 0.00474804
21 -0.000595864 0.00484066
22 -0.000591905 0.00514365
23 -0.000252246 0.00561692
24 -0.000267159 0.0060133
25 -0.000163652 0.00600443
26 -1.8248e-05 0.00554491
27 1.00636e-05 0.00539168
28 3.18484e-05 0.00547537
29 0.000212244 0.00564751
30 0.000469865 0.00588227
31 0.000636875 0.00621911
32 0.000753701 0.0063267
33 0.000721732 0.00594261
34 0.000679983 0.00561751
35 0.000466562 0.00565344
36 0.000331307 0.00598573
37 4.39266e-05 0.00639957
38 -0.000331511 0.00663502
39 -0.000154257 0.0067989
40 -8.75438e-05 0.00636359
41 -8.1184e-05 0.00584702
42 -5.82635e-05 0.00514944
43 -0.000259528 0.00421355
44 -0.000240311 0.00384654
45 0.000143298 0.00381782
46 0.000657467 0.00399811
47 0.001046 0.00438305
