0 -0.000694913 0.0074689
1 0.000582666 0.0071255
2 0.00106309 0.00693323
3 0.00127109 0.00643426
4 0.00165012 0.00607299
5 0.00194925 0.00594807
6 0.00161465 0.00627497
7 0.00143611 0.00648269
8 0.00158572 0.00652384
9 0.00149667 0.00676704
10 0.0012569 0.00718723
11 0.000677983 0.00716099
12 2.32074e-06 0.00732862
13 -0.000280871 0.00756625
14 -0.000441032 0.00820013
15 -0.000861658 0.00914057
16 -0.00133661 0.00950362
17 -0.00119481 0.00960093
18 -0.00127626 0.00977856
19 -0.00174087 0.00963774
20 -0.00219725 0.00949185
21 -0.00238268 0.00972489
22 -0.00224388 0.0102713
23 -0.00215068 0.0105935
24 -0.00228487 0.0100437
25 -0.00190273 0.00934999
26 -0.00191206 0.00838921
27 -0.00197746 0.00744115
28 -0.00190981 0.00649815
29 -0.00186374 0.00572599
30 -0.00194443 0.00544647
31 -0.00201873 0.00529844
32 -0.00176558 0.00503855
33 -0.00141671 0.00460431
34 -0.00100245 0.00433523
35 -0.000568418 0.00413348
36 -7.22102e-05 0.00402899
37 6.45603e-06 0.00424023
38 -0.000236957 0.0046807
39 -0.000442829 0.00486029
40 -0.000369523 0.00495474
41 -0.00014845 0.00534675
42 0.00017071 0.00581257
43 0.000500525 0.00631144
44 0.000863672 0.00724104
45 0.000985761 0.00815134
46 0.000722576 0.00824387
47 0.000230354 0.00801424
