0 0.00210891 0.00736186
1 0.00241439 0.00762758
2 0.00206512 0.00807267
3 0.00163334 0.00790383
4 0.00146934 0.00748733
5 0.00145535 0.00718192
6 0.00138162 0.00698441
7 0.00143967 0.00663823
8 0.00151951 0.00617108
9 0.00132457 0.00593036
10 0.00101183 0.0056953
11 0.000604171 0.00547306
12 0.000281874 0.0053849
13 -2.00363e-05 0.00551724
14 -0.000229953 0.00566555
15 -0.000365851 0.00585904
16 -0.000326997 0.0060935
17 -0.000445059 0.00645062
18 -0.000620173 0.00674119
19 -0.000615991 0.00711603
20 -0.000570747 0.00774954
21 -0.00057608 0.00837397
22 -0.000677993 0.00817931
23 -0.000743317 0.00768126
24 -0.000522167 0.00632702
25 -0.00112292 0.00525239
26 -0.0012384 0.00474091
27 -0.00136607 0.00455244
28 -0.00132638 0.00432951
29 -0.00147325 0.00396013
30 -0.00125618 0.00372782
31 -0.000964653 0.00348592
32 -0.000846251 0.00321147
33 -0.000526534 0.00288212
34 -3.85325e-05 0.00263865
35 0.000580027 0.00261853
36 0.000937973 0.00275065
37 0.00104055 0.00279271
38 0.00112312 0.00297461
39 0.00103335 0.0032086
40 0.00115333 0.00330848
41 0.00124619 0.00345251
42 0.00123745 0.00370792
43 0.00117228 0.00386308
44 0.00104225 0.00405525
45 0.000936895 0.00464684
46 0.00107269 0.00581268
47 0.00113431 0.00667749
