0 0.000179392
1 0.0010331
2 0.00100366
3 0.000923794
4 0.000823557
5 0.000820076
6 0.000790102
7 0.000763989
8 0.000751672
9 0.000763461
10 0.000794479
11 0.000829839
12 0.000855588
13 0.000870769
14 0.000860175
15 0.000899406
16 0.000931991
17 0.000974763
18 0.000992022
19 0.00103423
20 0.00107887
21 0.00108665
22 0.00113951
23 0.00115382
24 0.000126429
25 -0.000944615
26 -0.000986163
27 -0.00106349
28 -0.00110303
29 -0.0010962
30 -0.00107207
31 -0.00104535
32 -0.00099359
33 -0.000952558
34 -0.000882043
35 -0.000825748
36 -0.000767216
37 -0.000730546
38 -0.000739247
39 -0.000744739
40 -0.000758822
41 -0.000789354
42 -0.000770563
43 -0.000761952
44 -0.000800442
45 -0.000823619
46 -0.000804426
47 -0.000785398
