0 4.96712e-05
1 0.0015862
2 0.00157095
3 0.00157168
4 0.00156788
5 0.00161013
6 0.00162399
7 0.0016404
8 0.00160426
9 0.00159056
10 0.0015771
11 0.00155714
12 0.00153253
13 0.00155233
14 0.00150862
15 0.00149439
16 0.0014724
17 0.00147666
18 0.00145755
19 0.00143144
20 0.00141988
21 0.00141253
22 0.00142854
23 0.00142293
24 5.53193e-05
25 -0.00126586
26 -0.00126793
27 -0.00124904
28 -0.00122814
29 -0.00118634
30 -0.00115843
31 -0.0011481
32 -0.0011689
33 -0.00116442
34 -0.00115253
35 -0.00116668
36 -0.00120832
37 -0.0012385
38 -0.00124257
39 -0.00123898
40 -0.00125245
41 -0.00126081
42 -0.00128327
43 -0.00127517
44 -0.00124369
45 -0.00123544
46 -0.00120386
47 -0.00109408
