0 -0.000636629
1 0.00119805
2 0.00115324
3 0.00125205
4 0.00124959
5 0.00123762
6 0.00128713
7 0.00127885
8 0.00132226
9 0.00135068
10 0.00138436
11 0.00144339
12 0.00153757
13 0.00162212
14 0.00169776
15 0.00177711
16 0.00177736
17 0.00177571
18 0.00179441
19 0.00181752
20 0.00180648
21 0.00179804
22 0.00177003
23 0.00175702
24 8.07572e-05
25 -0.00160522
26 -0.00161534
27 -0.00160759
28 -0.00158433
29 -0.00160658
30 -0.0016128
31 -0.00165624
32 -0.00169748
33 -0.00168376
34 -0.00172044
35 -0.00172286
36 -0.00174667
37 -0.001735
38 -0.00172187
39 -0.00170118
40 -0.00167956
41 -0.0016515
42 -0.00166027
43 -0.00166081
44 -0.00169572
45 -0.001727
46 -0.001706
47 -0.00178828
