0 0.000110783
1 0.00238056
2 0.00240478
3 0.00241295
4 0.00241075
5 0.00240773
6 0.00247238
7 0.00246444
8 0.00242029
9 0.00242516
10 0.00244552
11 0.00241137
12 0.00241409
13 0.00241492
14 0.00242983
15 0.00239917
16 0.00243201
17 0.0024407
18 0.00242516
19 0.00246878
20 0.00248512
21 0.0024728
22 0.00247668
23 0.00244169
24 0.000546404
25 -0.00131917
26 -0.00134467
27 -0.00134256
28 -0.00132874
29 -0.00132726
30 -0.00131589
31 -0.00133966
32 -0.00135524
33 -0.00134195
34 -0.00136283
35 -0.00135519
36 -0.00133777
37 -0.00131733
38 -0.00128945
39 -0.00129731
40 -0.00131233
41 -0.00127153
42 -0.00130277
43 -0.00131665
44 -0.00128616
45 -0.00134366
46 -0.00132889
47 -0.00128564
