0 -1.30319e-05
1 0.000672125
2 0.000662893
3 0.000686544
4 0.000685885
5 0.000721032
6 0.000818129
7 0.000866466
8 0.000920893
9 0.000969905
10 0.00103559
11 0.00107076
12 0.00113884
13 0.00116423
14 0.00120113
15 0.0012272
16 0.00124136
17 0.00126996
18 0.00127851
19 0.00128485
20 0.00129526
21 0.00131108
22 0.00134064
23 0.00132841
24 0.000411078
25 -0.000447517
26 -0.000458481
27 -0.000449312
28 -0.000483821
29 -0.000502713
30 -0.000529377
31 -0.00055526
32 -0.00059478
33 -0.000614674
34 -0.000647107
35 -0.000656489
36 -0.00067646
37 -0.000661074
38 -0.00065125
39 -0.000642068
40 -0.000621384
41 -0.000614571
42 -0.000603675
43 -0.000584712
44 -0.000586164
45 -0.000607004
46 -0.000578628
47 -0.000667399
