0 -6.43324e-05
1 0.00112281
2 0.0010755
3 0.00105038
4 0.00101421
5 0.00099954
6 0.00104028
7 0.00102903
8 0.00102477
9 0.00102088
10 0.00101146
11 0.000974907
12 0.000976522
13 0.000975058
14 0.00100098
15 0.00101499
16 0.00103756
17 0.00104468
18 0.00108165
19 0.0010791
20 0.00108843
21 0.00107152
22 0.00105214
23 0.00104798
24 -8.04985e-05
25 -0.00108127
26 -0.0010458
27 -0.00103038
28 -0.000998298
29 -0.00100816
30 -0.0010052
31 -0.00101636
32 -0.0010029
33 -0.00102886
34 -0.00105878
35 -0.00109697
36 -0.00110594
37 -0.00109515
38 -0.00112386
39 -0.00113702
40 -0.00111521
41 -0.00111169
42 -0.0010983
43 -0.00108528
44 -0.00105957
45 -0.00101228
46 -0.00101461
47 -0.00105184
