0 -0.00016626
1 0.00189714
2 0.00192534
3 0.00193965
4 0.00196191
5 0.00193115
6 0.00194756
7 0.00196811
8 0.00193749
9 0.00194673
10 0.00196448
11 0.00194675
12 0.0019662
13 0.00195216
14 0.00195145
15 0.00193019
16 0.00195723
17 0.0019372
18 0.00195138
19 0.00194183
20 0.00195395
21 0.00196165
22 0.00194839
23 0.0018919
24 -3.47318e-05
25 -0.00188862
26 -0.00193576
27 -0.00192903
28 -0.00192096
29 -0.00191846
30 -0.00193295
31 -0.00194841
32 -0.00194491
33 -0.00195432
34 -0.0019506
35 -0.00195307
36 -0.00194422
37 -0.00192552
38 -0.00192619
39 -0.00194185
40 -0.00193532
41 -0.00195579
42 -0.00194164
43 -0.00194336
44 -0.00195492
45 -0.00197883
46 -0.00195164
47 -0.00191686
