0 -0.00023772
1 0.000627586
2 0.000596406
3 0.000608707
4 0.00056968
5 0.000527104
6 0.000506237
7 0.000522914
8 0.000547436
9 0.00058144
10 0.00062863
11 0.000668079
12 0.000722287
13 0.000748785
14 0.000753354
15 0.000758285
16 0.000792768
17 0.00077789
18 0.000779358
19 0.000779712
20 0.000770773
21 0.000771242
22 0.000785591
23 0.000751942
24 0.000132282
25 -0.000484236
26 -0.000505551
27 -0.000515946
28 -0.000526211
29 -0.000522152
30 -0.000525072
31 -0.000502721
32 -0.000483856
33 -0.000485077
34 -0.000496189
35 -0.000503716
36 -0.000519267
37 -0.00054259
38 -0.000547524
39 -0.000562337
40 -0.000612326
41 -0.000633644
42 -0.000677273
43 -0.00072417
44 -0.000756431
45 -0.000798913
46 -0.000865359
47 -0.000886601
