0 -0.000393869
1 0.00180726
2 0.00190895
3 0.0019708
4 0.00194524
5 0.00194126
6 0.0018996
7 0.00194604
8 0.00194031
9 0.0019514
10 0.00192307
11 0.00192707
12 0.00193264
13 0.00193884
14 0.00193276
15 0.00193061
16 0.00194643
17 0.00194603
18 0.00194941
19 0.00195639
20 0.001934
21 0.00194195
22 0.00192841
23 0.00188276
24 0.000250732
25 -0.00133266
26 -0.00137017
27 -0.00138485
28 -0.00138143
29 -0.0013692
30 -0.00136308
31 -0.00137673
32 -0.00137406
33 -0.00138711
34 -0.00138737
35 -0.00135653
36 -0.00135779
37 -0.00137944
38 -0.00138138
39 -0.00137233
40 -0.00136674
41 -0.00138744
42 -0.00138616
43 -0.00136008
44 -0.00134718
45 -0.00138917
46 -0.00134163
47 -0.00140645
