0 -0.00022488
1 0.00138685
2 0.0014691
3 0.00149839
4 0.00144893
5 0.00144129
6 0.00145419
7 0.00148155
8 0.00147819
9 0.00150115
10 0.00155245
11 0.00155207
12 0.00159651
13 0.00162122
14 0.00167009
15 0.00173673
16 0.00174606
17 0.00178061
18 0.00178246
19 0.00176166
20 0.00174621
21 0.00175051
22 0.00170982
23 0.00162339
24 6.00802e-05
25 -0.00144423
26 -0.00147413
27 -0.00146182
28 -0.00145606
29 -0.00141496
30 -0.00138008
31 -0.00133731
32 -0.00132917
33 -0.00134675
34 -0.00133755
35 -0.00134084
36 -0.00134852
37 -0.00138307
38 -0.00142148
39 -0.00143874
40 -0.00144283
41 -0.00146613
42 -0.00147348
43 -0.00146998
44 -0.00148619
45 -0.00147053
46 -0.0014882
47 -0.00142796
