0 -4.877e-05
1 0.000929464
2 0.000911777
3 0.000896408
4 0.00087993
5 0.000876711
6 0.00091943
7 0.000925282
8 0.000984439
9 0.00105411
10 0.00110701
11 0.00115983
12 0.00118387
13 0.00116749
14 0.00113697
15 0.00114369
16 0.00114439
17 0.00113146
18 0.00114613
19 0.00115472
20 0.00119406
21 0.00118668
22 0.00123583
23 0.00130884
24 0.000431345
25 -0.000562702
26 -0.00055984
27 -0.000541083
28 -0.000541778
29 -0.000515753
30 -0.000514108
31 -0.00050045
32 -0.000483507
33 -0.000469968
34 -0.00044543
35 -0.000418958
36 -0.000409069
37 -0.000399846
38 -0.000382761
39 -0.000374962
40 -0.000357565
41 -0.000361867
42 -0.00040772
43 -0.000430305
44 -0.000496433
45 -0.000587323
46 -0.000722702
47 -0.000938433
