0 -3.70232e-05
1 0.00180336
2 0.00178485
3 0.00175347
4 0.00168924
5 0.00169246
6 0.00166513
7 0.00169309
8 0.00168965
9 0.00166331
10 0.00167002
11 0.00170754
12 0.00171606
13 0.00169981
14 0.00169203
15 0.00170057
16 0.0017119
17 0.001708
18 0.00167177
19 0.00171437
20 0.00172908
21 0.00169546
22 0.00171542
23 0.00164877
24 -0.000205997
25 -0.0021347
26 -0.00218182
27 -0.00217673
28 -0.00218691
29 -0.00220715
30 -0.00220706
31 -0.00220649
32 -0.00221268
33 -0.00221182
34 -0.00220995
35 -0.00220315
36 -0.00225328
37 -0.00226255
38 -0.00227451
39 -0.00229719
40 -0.00226805
41 -0.00231707
42 -0.00227749
43 -0.00233377
44 -0.00231391
45 -0.00233199
46 -0.00244836
47 -0.00235014
