0 8.24671e-05
1 0.000705966
2 0.000677047
3 0.000651902
4 0.000648912
5 0.000635833
6 0.000607392
7 0.000599605
8 0.00057961
9 0.00055519
10 0.00054806
11 0.000537056
12 0.000533309
13 0.000521351
14 0.000487157
15 0.000463653
16 0.000425131
17 0.000400215
18 0.00037397
19 0.000366304
20 0.000366774
21 0.00039581
22 0.000410921
23 0.000420002
24 -0.000184693
25 -0.000817096
26 -0.000809711
27 -0.000780683
28 -0.000764518
29 -0.000747579
30 -0.000726093
31 -0.000709653
32 -0.00068978
33 -0.000678231
34 -0.000679462
35 -0.000658677
36 -0.000671473
37 -0.000661428
38 -0.00063931
39 -0.000644523
40 -0.000651233
41 -0.000650233
42 -0.000626231
43 -0.000618768
44 -0.000611787
45 -0.000636497
46 -0.000651577
47 -0.000672222
