0 -8.50154e-05
1 0.00109371
2 0.000929345
3 0.000796401
4 0.000769637
5 0.00073069
6 0.000720992
7 0.000582379
8 0.000608251
9 0.000577648
10 0.000602493
11 0.000618055
12 0.000660586
13 0.000714334
14 0.000732875
15 0.000766837
16 0.000776375
17 0.000784512
18 0.000786291
19 0.000829793
20 0.000855932
21 0.000919163
22 0.00102138
23 0.00114339
24 -3.92941e-05
25 -0.00127528
26 -0.00111416
27 -0.00103602
28 -0.00101233
29 -0.000978736
30 -0.000945512
31 -0.000895717
32 -0.000908474
33 -0.000879497
34 -0.000898273
35 -0.000952921
36 -0.00101358
37 -0.00108184
38 -0.00109936
39 -0.00114628
40 -0.00116955
41 -0.00121371
42 -0.00131436
43 -0.00129382
44 -0.00136118
45 -0.00141087
46 -0.00148016
47 -0.00159701
