0 0.00064633
1 0.0020865
2 0.00209984
3 0.00208071
4 0.00206465
5 0.00208299
6 0.00212431
7 0.00211653
8 0.00216448
9 0.00212117
10 0.0021572
11 0.0021359
12 0.00216674
13 0.00217593
14 0.00219302
15 0.00219725
16 0.00222508
17 0.00225849
18 0.00229745
19 0.00233081
20 0.00238225
21 0.00243757
22 0.00246508
23 0.00246513
24 0.000524644
25 -0.00133532
26 -0.00136837
27 -0.0013598
28 -0.00132583
29 -0.00129211
30 -0.00129281
31 -0.00125935
32 -0.00127775
33 -0.00127311
34 -0.00128473
35 -0.00126714
36 -0.00126185
37 -0.0012554
38 -0.00125847
39 -0.00126687
40 -0.0012703
41 -0.00126235
42 -0.00127654
43 -0.00127416
44 -0.00127039
45 -0.0012747
46 -0.00125452
47 -0.00126645
