0 0.000407713
1 0.00118436
2 0.00110282
3 0.00101545
4 0.000898581
5 0.000837142
6 0.000823991
7 0.000815429
8 0.000786351
9 0.000787977
10 0.000749005
11 0.000762667
12 0.000784324
13 0.000818023
14 0.000872553
15 0.000876409
16 0.000926468
17 0.000945797
18 0.000971628
19 0.000947048
20 0.000993114
21 0.000966968
22 0.00101875
23 0.00108419
24 0.000327741
25 -0.000409915
26 -0.000385027
27 -0.000387431
28 -0.000381271
29 -0.000394382
30 -0.00037548
31 -0.00037207
32 -0.000413211
33 -0.000419011
34 -0.000362093
35 -0.000317622
36 -0.000302937
37 -0.00032781
38 -0.000354672
39 -0.00038548
40 -0.000439825
41 -0.000501363
42 -0.00054019
43 -0.000543314
44 -0.000553863
45 -0.000620178
46 -0.000637462
47 -0.000761825
