0 -1.25523e-05
1 0.00140249
2 0.00145727
3 0.00143326
4 0.00140585
5 0.00138142
6 0.00135284
7 0.00140494
8 0.00139098
9 0.00137817
10 0.00139842
11 0.00139354
12 0.00142901
13 0.00140633
14 0.00143127
15 0.00143576
16 0.00145032
17 0.00145806
18 0.00144221
19 0.0014307
20 0.0014316
21 0.00145568
22 0.00144652
23 0.00141833
24 0.000104651
25 -0.00132384
26 -0.00135665
27 -0.00136402
28 -0.00135638
29 -0.00136307
30 -0.00135696
31 -0.00136195
32 -0.00135515
33 -0.00138212
34 -0.00137361
35 -0.00135468
36 -0.00133492
37 -0.00132019
38 -0.00132456
39 -0.00130803
40 -0.00130601
41 -0.00130427
42 -0.00131427
43 -0.00132296
44 -0.00132151
45 -0.00131232
46 -0.00133894
47 -0.00126018
