0 -0.000191685
1 0.00152486
2 0.00150678
3 0.00144321
4 0.00132094
5 0.00124902
6 0.00118142
7 0.00116395
8 0.00116372
9 0.00115294
10 0.0011581
11 0.00113644
12 0.00109521
13 0.00107655
14 0.00105791
15 0.00106198
16 0.00108582
17 0.00110139
18 0.00113996
19 0.00118382
20 0.00124582
21 0.00127266
22 0.00130622
23 0.00134219
24 0.000211092
25 -0.00100753
26 -0.00106413
27 -0.00104677
28 -0.00110412
29 -0.0011248
30 -0.00116615
31 -0.00119612
32 -0.00124266
33 -0.00130513
34 -0.00133933
35 -0.00136189
36 -0.00137026
37 -0.00140674
38 -0.00143868
39 -0.00142618
40 -0.00142728
41 -0.00142329
42 -0.00143264
43 -0.00144544
44 -0.00143114
45 -0.00137105
46 -0.00142277
47 -0.00135584
