0 -0.000309467
1 0.00128451
2 0.00133542
3 0.00133141
4 0.00133737
5 0.00134853
6 0.00135827
7 0.00137684
8 0.00137148
9 0.00133371
10 0.00133399
11 0.00127703
12 0.00127905
13 0.00125605
14 0.00123271
15 0.00120697
16 0.00118109
17 0.00117425
18 0.00115308
19 0.00113084
20 0.00111152
21 0.00109077
22 0.00112447
23 0.00112801
24 -0.000344931
25 -0.0016673
26 -0.00170722
27 -0.00168866
28 -0.001671
29 -0.00165798
30 -0.00162599
31 -0.00165315
32 -0.00162762
33 -0.0016449
34 -0.00161962
35 -0.00164684
36 -0.00165426
37 -0.0016576
38 -0.00169064
39 -0.00167244
40 -0.00166898
41 -0.00165535
42 -0.00160667
43 -0.00160262
44 -0.0016073
45 -0.00159004
46 -0.00159188
47 -0.0015325
