0 -0.000274194
1 0.000848373
2 0.0008856
3 0.00095098
4 0.00100777
5 0.00103341
6 0.00106475
7 0.00109233
8 0.00109848
9 0.00110591
10 0.00109761
11 0.00110424
12 0.00110515
13 0.00109846
14 0.00109736
15 0.00110874
16 0.0011103
17 0.00109204
18 0.00104284
19 0.000998689
20 0.000991026
21 0.00100783
22 0.00101439
23 0.000987641
24 -0.000163769
25 -0.00126478
26 -0.00128113
27 -0.00129646
28 -0.00125504
29 -0.00125411
30 -0.00125655
31 -0.00124309
32 -0.00126796
33 -0.00124439
34 -0.0012315
35 -0.00123433
36 -0.00123204
37 -0.00123868
38 -0.00127606
39 -0.00126321
40 -0.00125912
41 -0.00130411
42 -0.00135173
43 -0.00134775
44 -0.00142734
45 -0.00143894
46 -0.00144861
47 -0.00149573
