0 0.000374127
1 0.00151024
2 0.00149798
3 0.00151383
4 0.00149189
5 0.00150386
6 0.0015072
7 0.00151871
8 0.00151992
9 0.00154091
10 0.00156146
11 0.00159481
12 0.00161983
13 0.00163769
14 0.00163845
15 0.00166613
16 0.00172046
17 0.00173494
18 0.00174044
19 0.00173851
20 0.00173079
21 0.00169889
22 0.00167192
23 0.00165412
24 0.000270532
25 -0.00116288
26 -0.00116718
27 -0.00118242
28 -0.00118718
29 -0.00120661
30 -0.00118406
31 -0.00119799
32 -0.00120686
33 -0.00121202
34 -0.00122623
35 -0.00123069
36 -0.00124009
37 -0.00122932
38 -0.0012219
39 -0.00120946
40 -0.00121546
41 -0.00119618
42 -0.00116426
43 -0.00114689
44 -0.00116465
45 -0.00115282
46 -0.00112826
47 -0.00113397
