0 0.000223113
1 0.00123075
2 0.00117464
3 0.00116828
4 0.00113755
5 0.00112026
6 0.0011046
7 0.00110655
8 0.00111876
9 0.00110547
10 0.00110797
11 0.00111408
12 0.00111663
13 0.00112371
14 0.00112861
15 0.0011385
16 0.00113366
17 0.00115084
18 0.00115794
19 0.00114845
20 0.00115994
21 0.00115464
22 0.00117157
23 0.00114817
24 0.000204617
25 -0.000774102
26 -0.000781507
27 -0.000787093
28 -0.000793523
29 -0.000786178
30 -0.000789271
31 -0.000782806
32 -0.00080592
33 -0.000800222
34 -0.000806725
35 -0.000796241
36 -0.000800332
37 -0.000778602
38 -0.000792077
39 -0.000785005
40 -0.000800015
41 -0.000821898
42 -0.000820918
43 -0.000862021
44 -0.000845996
45 -0.00087638
46 -0.000913295
47 -0.000899462
