0 -8.27969e-06
1 0.000820672
2 0.000826986
3 0.000799384
4 0.00079062
5 0.00077532
6 0.000760447
7 0.000756109
8 0.000751168
9 0.000732789
10 0.000726909
11 0.000725619
12 0.000716544
13 0.000715633
14 0.000695098
15 0.000692901
16 0.00067265
17 0.000670055
18 0.000661651
19 0.000652194
20 0.000659935
21 0.000673626
22 0.000672565
23 0.000652752
24 -0.000181739
25 -0.00106535
26 -0.00107996
27 -0.0010555
28 -0.00105699
29 -0.00105412
30 -0.00104135
31 -0.00103026
32 -0.00102106
33 -0.00101028
34 -0.00102039
35 -0.00100554
36 -0.00102451
37 -0.00101676
38 -0.00100702
39 -0.00101631
40 -0.00103523
41 -0.0010284
42 -0.00100655
43 -0.000995196
44 -0.000979385
45 -0.00100195
46 -0.000992504
47 -0.000986232
