0 0.00040376
1 0.00146794
2 0.00147261
3 0.00147738
4 0.00142431
5 0.00143339
6 0.00143072
7 0.0014348
8 0.00144086
9 0.00140468
10 0.00138183
11 0.00136119
12 0.00134356
13 0.0012902
14 0.00131472
15 0.00134154
16 0.00138674
17 0.00145355
18 0.00147816
19 0.00152003
20 0.0014868
21 0.00147938
22 0.00145117
23 0.00144756
24 0.000559226
25 -0.000232707
26 -0.000243808
27 -0.000262056
28 -0.000249922
29 -0.000284619
30 -0.000314465
31 -0.000357472
32 -0.000363769
33 -0.000372191
34 -0.000406649
35 -0.000391922
36 -0.000412945
37 -0.00043161
38 -0.000478128
39 -0.000511207
40 -0.000527642
41 -0.000592469
42 -0.000621949
43 -0.000686639
44 -0.000694233
45 -0.000692151
46 -0.000737445
47 -0.000696513
