0 -0.000934924
1 0.00233337
2 0.00231107
3 0.00230482
4 0.00227615
5 0.00220413
6 0.00219224
7 0.00211921
8 0.00207981
9 0.00207235
10 0.00207342
11 0.00204749
12 0.0020194
13 0.00200148
14 0.0020009
15 0.00201406
16 0.0019682
17 0.00195809
18 0.00194664
19 0.00196903
20 0.00194313
21 0.00191671
22 0.001909
23 0.00182398
24 -0.000617336
25 -0.00298032
26 -0.00307823
27 -0.00304685
28 -0.00307516
29 -0.00311848
30 -0.00309217
31 -0.00310613
32 -0.00311926
33 -0.00313199
34 -0.00310087
35 -0.00315212
36 -0.00313932
37 -0.00311474
38 -0.00311733
39 -0.00313215
40 -0.00316917
41 -0.00317927
42 -0.00323156
43 -0.0031974
44 -0.00310741
45 -0.00316973
46 -0.0032108
47 -0.00320071
