0 0.00022521
1 0.00149376
2 0.00142149
3 0.00140648
4 0.00136578
5 0.00138536
6 0.00139484
7 0.00136266
8 0.00136273
9 0.00136713
10 0.00137547
11 0.00138669
12 0.00140945
13 0.00141204
14 0.00144077
15 0.00143163
16 0.00144563
17 0.00144358
18 0.00144052
19 0.00145803
20 0.00147934
21 0.00152136
22 0.00152946
23 0.00152072
24 0.000218392
25 -0.00103196
26 -0.00103962
27 -0.00104441
28 -0.00103527
29 -0.00102358
30 -0.000995878
31 -0.000967119
32 -0.000977331
33 -0.000991667
34 -0.000999125
35 -0.00101595
36 -0.00103635
37 -0.0010774
38 -0.00110876
39 -0.00112952
40 -0.00111464
41 -0.00114342
42 -0.00115455
43 -0.00123258
44 -0.00127631
45 -0.00136326
46 -0.00145361
47 -0.00152103
