0 -0.000430079
1 0.00116038
2 0.00105424
3 0.00102397
4 0.000990141
5 0.000966952
6 0.000918229
7 0.000875822
8 0.000845121
9 0.000805172
10 0.000773631
11 0.000734975
12 0.00073613
13 0.000721538
14 0.000734405
15 0.000709992
16 0.000712979
17 0.000762707
18 0.000804966
19 0.000829962
20 0.000864472
21 0.000896398
22 0.000931059
23 0.000956836
24 -0.000319193
25 -0.00160964
26 -0.00157425
27 -0.00156945
28 -0.00156711
29 -0.00155234
30 -0.00156103
31 -0.00156129
32 -0.00156374
33 -0.00156861
34 -0.00153275
35 -0.00151795
36 -0.00142134
37 -0.00137035
38 -0.00128234
39 -0.00124896
40 -0.00122728
41 -0.00120652
42 -0.00123693
43 -0.0012708
44 -0.00133152
45 -0.00137888
46 -0.00139774
47 -0.00143478
