0 -0.000256365
1 0.00138207
2 0.00135354
3 0.00138241
4 0.00134237
5 0.00137967
6 0.00143813
7 0.0014593
8 0.00151062
9 0.00156909
10 0.0015774
11 0.00153974
12 0.00153391
13 0.00154113
14 0.00155116
15 0.00150576
16 0.00147183
17 0.00148967
18 0.00145352
19 0.00146928
20 0.00151584
21 0.00152272
22 0.00153414
23 0.00154547
24 -8.43821e-05
25 -0.00171143
26 -0.00172237
27 -0.00167069
28 -0.00165075
29 -0.00167264
30 -0.00162295
31 -0.0016143
32 -0.00156324
33 -0.00156161
34 -0.00147652
35 -0.00147107
36 -0.00144098
37 -0.00140332
38 -0.00139246
39 -0.00140339
40 -0.00139924
41 -0.00139739
42 -0.00139573
43 -0.00142007
44 -0.00141316
45 -0.00139127
46 -0.00141293
47 -0.0014105
