0 -0.000128358
1 0.00211374
2 0.00220392
3 0.00224578
4 0.00219109
5 0.0022187
6 0.00220718
7 0.00217077
8 0.00216712
9 0.00217707
10 0.0021502
11 0.00214517
12 0.00211914
13 0.00212273
14 0.0021205
15 0.00214692
16 0.00215361
17 0.00213544
18 0.00219474
19 0.00218686
20 0.00219339
21 0.00220434
22 0.00219574
23 0.00212789
24 -0.000510343
25 -0.00316657
26 -0.00323521
27 -0.00321546
28 -0.00319543
29 -0.00319348
30 -0.00318563
31 -0.00320027
32 -0.00313039
33 -0.00309207
34 -0.00306212
35 -0.00302109
36 -0.00301641
37 -0.00295517
38 -0.00291266
39 -0.00288607
40 -0.00284731
41 -0.00286854
42 -0.00286165
43 -0.00280151
44 -0.00277071
45 -0.00277832
46 -0.00278443
47 -0.00275303
