0 -2.4308e-05
1 0.000376828
2 0.000380482
3 0.00034158
4 0.00030125
5 0.00026647
6 0.000262083
7 0.000266563
8 0.000265157
9 0.000247786
10 0.000256109
11 0.000269613
12 0.000291235
13 0.00028785
14 0.000327162
15 0.00032513
16 0.000338299
17 0.000339915
18 0.000336189
19 0.000368516
20 0.000427609
21 0.000492392
22 0.000568882
23 0.000648003
24 -4.61815e-05
25 -0.000853921
26 -0.000796908
27 -0.000745013
28 -0.000731564
29 -0.000717833
30 -0.00070501
31 -0.000697299
32 -0.000715265
33 -0.000729305
34 -0.00074455
35 -0.000783365
36 -0.000787784
37 -0.000790892
38 -0.000829347
39 -0.000833881
40 -0.000820953
41 -0.00078945
42 -0.000743207
43 -0.000705635
44 -0.000654663
45 -0.000609273
46 -0.000613598
47 -0.000551302
