0 -0.000129679
1 0.00218443
2 0.0023052
3 0.00230381
4 0.00229586
5 0.00228752
6 0.00228937
7 0.00229591
8 0.00233005
9 0.00231113
10 0.00231609
11 0.00230194
12 0.00230855
13 0.00231821
14 0.00232961
15 0.00233407
16 0.00231713
17 0.00231629
18 0.0023247
19 0.00231298
20 0.00233925
21 0.00232136
22 0.00229767
23 0.00222261
24 9.17511e-05
25 -0.00202335
26 -0.00207386
27 -0.00207986
28 -0.00209743
29 -0.00208389
30 -0.00207766
31 -0.00208568
32 -0.00206753
33 -0.00209328
34 -0.00206911
35 -0.00210071
36 -0.00209293
37 -0.00209731
38 -0.002071
39 -0.00208177
40 -0.00211294
41 -0.00207701
42 -0.00208877
43 -0.00208135
44 -0.00212386
45 -0.00206678
46 -0.00207407
47 -0.00202074
