0 0.000147835
1 0.0010492
2 0.00106641
3 0.00107936
4 0.00111211
5 0.00105639
6 0.00105555
7 0.00105591
8 0.00102789
9 0.000999115
10 0.00101621
11 0.00101236
12 0.00102361
13 0.00101042
14 0.00102015
15 0.0010173
16 0.00105784
17 0.00107952
18 0.0011266
19 0.00115995
20 0.00121228
21 0.00126517
22 0.00132911
23 0.00138303
24 0.000498067
25 -0.000427752
26 -0.000408034
27 -0.000386955
28 -0.000379415
29 -0.000402912
30 -0.00043539
31 -0.000446052
32 -0.000436102
33 -0.000437506
34 -0.000430244
35 -0.000462588
36 -0.000489443
37 -0.000528917
38 -0.000568458
39 -0.000626066
40 -0.000674533
41 -0.000689576
42 -0.000717398
43 -0.000754651
44 -0.000803887
45 -0.000846952
46 -0.000913229
47 -0.00092656
