0 -0.000702825
1 0.00127565
2 0.00131459
3 0.00131611
4 0.00129459
5 0.00126392
6 0.00125522
7 0.00121767
8 0.00120199
9 0.00119406
10 0.00116359
11 0.00114796
12 0.00113729
13 0.00113135
14 0.00112688
15 0.00112919
16 0.00114523
17 0.0011511
18 0.00115828
19 0.00117036
20 0.00112884
21 0.00112885
22 0.00110493
23 0.00107839
24 -0.000375878
25 -0.00199375
26 -0.00203746
27 -0.00206343
28 -0.00207437
29 -0.00205237
30 -0.00202934
31 -0.00205908
32 -0.0020439
33 -0.00203331
34 -0.0020259
35 -0.00201885
36 -0.00203938
37 -0.00204397
38 -0.00204092
39 -0.0020823
40 -0.00210196
41 -0.00208084
42 -0.00210243
43 -0.00212603
44 -0.00212343
45 -0.00215136
46 -0.0021352
47 -0.00215677
