0 -0.000283715
1 0.000233345
2 0.000320544
3 0.000350858
4 0.000373193
5 0.00039304
6 0.000407835
7 0.000414705
8 0.000419355
9 0.000437549
10 0.00043898
11 0.000451643
12 0.000449639
13 0.000464074
14 0.000481321
15 0.000515133
16 0.000539748
17 0.000586269
18 0.000630127
19 0.000678137
20 0.000694245
21 0.000718228
22 0.000732091
23 0.000724053
24 -0.00012196
25 -0.00101464
26 -0.000979077
27 -0.00095502
28 -0.00094427
29 -0.000971715
30 -0.00098665
31 -0.00100437
32 -0.0010244
33 -0.00106567
34 -0.00107762
35 -0.00109518
36 -0.00108255
37 -0.00109262
38 -0.00108627
39 -0.00108575
40 -0.00106345
41 -0.00102849
42 -0.00101447
43 -0.00102832
44 -0.00102877
45 -0.00104822
46 -0.00103963
47 -0.00100656
