0 1.87937e-05
1 0.000577414
2 0.00052084
3 0.000513849
4 0.000508447
5 0.000509252
6 0.00051209
7 0.00048101
8 0.000432169
9 0.000382574
10 0.000368674
11 0.000327748
12 0.000309132
13 0.000282216
14 0.00028387
15 0.000265835
16 0.000254533
17 0.000256214
18 0.000244465
19 0.000214475
20 0.000205554
21 0.000223296
22 0.000238816
23 0.00024519
24 -4.7491e-05
25 -0.00031161
26 -0.000325753
27 -0.000318937
28 -0.000306939
29 -0.000309988
30 -0.000297779
31 -0.000273655
32 -0.000284173
33 -0.000322253
34 -0.000399934
35 -0.000440816
36 -0.000476392
37 -0.000523479
38 -0.000545674
39 -0.000563534
40 -0.000570305
41 -0.000586523
42 -0.000590225
43 -0.00063467
44 -0.000640737
45 -0.000627323
46 -0.000611962
47 -0.000613975
