0 -0.000734965
1 0.000596666
2 0.000621326
3 0.000662075
4 0.000766073
5 0.000823397
6 0.000859018
7 0.00089766
8 0.000933575
9 0.000959633
10 0.00098967
11 0.00102674
12 0.00101429
13 0.000994544
14 0.00100818
15 0.00101142
16 0.00102362
17 0.00109743
18 0.00116647
19 0.00122075
20 0.0012763
21 0.00131193
22 0.00133908
23 0.00134212
24 -7.01208e-05
25 -0.00144508
26 -0.00139869
27 -0.00136157
28 -0.00132347
29 -0.00131056
30 -0.0013139
31 -0.00131456
32 -0.00137047
33 -0.0013564
34 -0.00136107
35 -0.00136042
36 -0.00135927
37 -0.00134902
38 -0.00137589
39 -0.0013158
40 -0.00132243
41 -0.00133299
42 -0.00130765
43 -0.00132107
44 -0.00135044
45 -0.00137268
46 -0.0014685
47 -0.00147903
