0 -0.000295553
1 0.000314721
2 0.000410014
3 0.000441509
4 0.000462678
5 0.000483677
6 0.000498846
7 0.000502118
8 0.000505973
9 0.000524359
10 0.000524644
11 0.000536152
12 0.000534114
13 0.000544551
14 0.000557172
15 0.000584791
16 0.000608715
17 0.000650984
18 0.000692046
19 0.000737721
20 0.000755333
21 0.000782523
22 0.00079521
23 0.000784013
24 -0.000137994
25 -0.00110617
26 -0.00107972
27 -0.00106182
28 -0.00105249
29 -0.00108039
30 -0.00109898
31 -0.00111436
32 -0.00113395
33 -0.00117157
34 -0.00118286
35 -0.00120093
36 -0.00118767
37 -0.00119995
38 -0.00119851
39 -0.00120564
40 -0.00118854
41 -0.00115962
42 -0.00115289
43 -0.00116949
44 -0.00117171
45 -0.00119369
46 -0.00118747
47 -0.00114597
