0 0.000301955
1 0.00112242
2 0.00109588
3 0.00113369
4 0.00115333
5 0.0011525
6 0.00117634
7 0.00117548
8 0.00117554
9 0.0011631
10 0.00115253
11 0.0011489
12 0.00112934
13 0.00113673
14 0.00114817
15 0.00114968
16 0.00115557
17 0.00116334
18 0.00116729
19 0.00118135
20 0.00116381
21 0.00116093
22 0.0011686
23 0.00117025
24 0.000213701
25 -0.000753464
26 -0.000765372
27 -0.000760697
28 -0.000767532
29 -0.000765828
30 -0.000754868
31 -0.000748892
32 -0.000736277
33 -0.000722433
34 -0.000713186
35 -0.000688532
36 -0.000680205
37 -0.000658664
38 -0.000634175
39 -0.00060389
40 -0.000593823
41 -0.00057089
42 -0.000573673
43 -0.00056598
44 -0.000557257
45 -0.000541394
46 -0.000552723
47 -0.00052954
