0 0.00049568
1 0.00141385
2 0.00137006
3 0.00128109
4 0.00123119
5 0.001193
6 0.00120481
7 0.00121045
8 0.00120333
9 0.00121515
10 0.00118355
11 0.00116237
12 0.00113179
13 0.00116528
14 0.00118255
15 0.00122367
16 0.0012633
17 0.00131008
18 0.00132006
19 0.00136305
20 0.0014006
21 0.00147199
22 0.00152217
23 0.00157199
24 0.000260393
25 -0.000990808
26 -0.000915689
27 -0.000828067
28 -0.000769639
29 -0.000756855
30 -0.000751692
31 -0.000751788
32 -0.000757112
33 -0.000756362
34 -0.000771817
35 -0.000753926
36 -0.000788929
37 -0.000852421
38 -0.000850916
39 -0.000868554
40 -0.00089914
41 -0.000904837
42 -0.000921932
43 -0.000904711
44 -0.000899611
45 -0.000936846
46 -0.00104101
47 -0.00106082
