0 0.000183383
1 0.00218153
2 0.00225289
3 0.00222313
4 0.00217932
5 0.00218299
6 0.00218784
7 0.0021905
8 0.0022307
9 0.00221216
10 0.00221745
11 0.00222431
12 0.00220734
13 0.00221641
14 0.00224184
15 0.00222243
16 0.0022313
17 0.00219308
18 0.0022026
19 0.00221139
20 0.00221111
21 0.00225114
22 0.00220676
23 0.00213256
24 -5.55449e-05
25 -0.00213808
26 -0.00223255
27 -0.00223088
28 -0.00221706
29 -0.00221656
30 -0.00221733
31 -0.00220408
32 -0.00222523
33 -0.00222175
34 -0.00223845
35 -0.00224895
36 -0.0022377
37 -0.00223334
38 -0.00222632
39 -0.00221134
40 -0.00222956
41 -0.00222023
42 -0.00223747
43 -0.0022281
44 -0.002208
45 -0.00219609
46 -0.0021858
47 -0.00208957
