0 -0.000213086
1 0.00156491
2 0.00155603
3 0.00160666
4 0.0015613
5 0.00160353
6 0.00166755
7 0.00168459
8 0.00172656
9 0.00178422
10 0.00179293
11 0.00175005
12 0.00174304
13 0.00175102
14 0.00176518
15 0.00172044
16 0.00168797
17 0.00170225
18 0.00166343
19 0.00167621
20 0.00172079
21 0.00173143
22 0.00173617
23 0.00173306
24 -5.96099e-05
25 -0.00184932
26 -0.00187693
27 -0.00183208
28 -0.0018142
29 -0.0018412
30 -0.00179354
31 -0.00178642
32 -0.00174076
33 -0.00174147
34 -0.00165553
35 -0.00165618
36 -0.00163181
37 -0.00159813
38 -0.0015917
39 -0.0016038
40 -0.00160826
41 -0.00161184
42 -0.00160851
43 -0.00163493
44 -0.00162006
45 -0.00159755
46 -0.00161158
47 -0.00159527
