0 -0.000332258
1 0.00137648
2 0.00142599
3 0.00142673
4 0.00143422
5 0.0014489
6 0.00145414
7 0.00147758
8 0.00147647
9 0.00143697
10 0.00144568
11 0.00140421
12 0.00140969
13 0.00139041
14 0.00137662
15 0.00135948
16 0.00133895
17 0.00133261
18 0.0013154
19 0.00129486
20 0.00128361
21 0.00125278
22 0.00127746
23 0.00126492
24 -0.000336229
25 -0.00179194
26 -0.00184937
27 -0.00184388
28 -0.00183076
29 -0.00181941
30 -0.00178212
31 -0.00181714
32 -0.00179187
33 -0.00180652
34 -0.00178386
35 -0.00180825
36 -0.00180974
37 -0.00181069
38 -0.00184295
39 -0.00182344
40 -0.00182446
41 -0.00181317
42 -0.00176647
43 -0.00175878
44 -0.00176252
45 -0.00174889
46 -0.00174787
47 -0.00168863
