0 -0.000599323
1 0.00116618
2 0.00120688
3 0.00121559
4 0.00121176
5 0.00120123
6 0.00118763
7 0.00119324
8 0.00118528
9 0.00117368
10 0.00116649
11 0.00115236
12 0.00115525
13 0.00115858
14 0.00114607
15 0.00114915
16 0.00114417
17 0.00114307
18 0.00114375
19 0.00114003
20 0.0011376
21 0.00113302
22 0.00112635
23 0.00109502
24 -0.000503994
25 -0.00201345
26 -0.00206822
27 -0.00206645
28 -0.00206004
29 -0.00208209
30 -0.0020641
31 -0.00206996
32 -0.0020582
33 -0.00207813
34 -0.00211547
35 -0.00211123
36 -0.00214594
37 -0.00213365
38 -0.00216201
39 -0.00218009
40 -0.00215906
41 -0.00221122
42 -0.00218116
43 -0.00221503
44 -0.00224734
45 -0.00230323
46 -0.00232855
47 -0.00231107
