0 -7.19717e-05
1 0.00183033
2 0.00185727
3 0.00186718
4 0.0018152
5 0.00183403
6 0.00181427
7 0.0018575
8 0.0018529
9 0.0018245
10 0.00181602
11 0.00184454
12 0.0018523
13 0.00183319
14 0.00181723
15 0.00181986
16 0.00183409
17 0.00183684
18 0.00179443
19 0.00184117
20 0.00185368
21 0.00182433
22 0.00184693
23 0.00177286
24 -0.00023538
25 -0.00231868
26 -0.00237056
27 -0.00235539
28 -0.00236863
29 -0.00237971
30 -0.00237267
31 -0.00237425
32 -0.00237446
33 -0.00236552
34 -0.00235061
35 -0.00234123
36 -0.00238139
37 -0.00237481
38 -0.00238229
39 -0.00240559
40 -0.0023574
41 -0.00239719
42 -0.00235209
43 -0.00239233
44 -0.00237891
45 -0.00236278
46 -0.00246241
47 -0.00234916
