0 -0.000123197
1 0.00102034
2 0.000994857
3 0.000964643
4 0.000916261
5 0.000948017
6 0.000961278
7 0.000971659
8 0.000992262
9 0.00100486
10 0.00101284
11 0.00104492
12 0.00105945
13 0.00104764
14 0.00106558
15 0.00105542
16 0.00103349
17 0.00104086
18 0.00105732
19 0.00107807
20 0.00110167
21 0.00112545
22 0.00111978
23 0.00112216
24 -9.11462e-05
25 -0.00136693
26 -0.00139943
27 -0.00138468
28 -0.00138068
29 -0.00137905
30 -0.00137788
31 -0.00142145
32 -0.00147214
33 -0.00153727
34 -0.00157885
35 -0.00159458
36 -0.00159918
37 -0.00160237
38 -0.00161734
39 -0.00161068
40 -0.00158673
41 -0.00158425
42 -0.00156178
43 -0.00152741
44 -0.00153177
45 -0.00153157
46 -0.00150477
47 -0.00152589
