0 0.000531677
1 0.0011679
2 0.00117059
3 0.00119195
4 0.00121839
5 0.00122586
6 0.00125967
7 0.00128069
8 0.00127082
9 0.00127888
10 0.00125282
11 0.00125899
12 0.00123294
13 0.0012435
14 0.00122353
15 0.00120068
16 0.00118573
17 0.00119463
18 0.00119431
19 0.00117254
20 0.00115098
21 0.00115693
22 0.00116418
23 0.00114099
24 6.89047e-05
25 -0.00106203
26 -0.00108977
27 -0.00106472
28 -0.00103822
29 -0.00102732
30 -0.00102299
31 -0.00100889
32 -0.00101256
33 -0.00100314
34 -0.000988911
35 -0.000959889
36 -0.000958093
37 -0.000947255
38 -0.000931907
39 -0.00093315
40 -0.000934587
41 -0.000932045
42 -0.000951272
43 -0.000941574
44 -0.000946713
45 -0.000919222
46 -0.000907582
47 -0.000891369
