0 4.16616e-05
1 0.00179294
2 0.00183571
3 0.0018196
4 0.00183172
5 0.00181332
6 0.00181173
7 0.00180349
8 0.00180764
9 0.00181653
10 0.00180567
11 0.00180641
12 0.00183792
13 0.00184261
14 0.00181674
15 0.00184272
16 0.00184638
17 0.00183392
18 0.00183689
19 0.00185082
20 0.00185877
21 0.00186044
22 0.00186736
23 0.00182853
24 0.000450923
25 -0.000997401
26 -0.00103089
27 -0.00102162
28 -0.00101943
29 -0.00103907
30 -0.00103296
31 -0.00103807
32 -0.00105815
33 -0.00104127
34 -0.00105339
35 -0.00104434
36 -0.00104838
37 -0.00103849
38 -0.00104382
39 -0.00103582
40 -0.00103647
41 -0.00102776
42 -0.00103202
43 -0.00105904
44 -0.00106336
45 -0.00105673
46 -0.00104516
47 -0.000999315
