0 -0.000276262
1 0.000714576
2 0.000695221
3 0.000633909
4 0.000575652
5 0.000568405
6 0.000548833
7 0.000550903
8 0.000566244
9 0.000594247
10 0.000602147
11 0.000596323
12 0.000603669
13 0.000628
14 0.000639332
15 0.000660267
16 0.0006874
17 0.000687255
18 0.000675796
19 0.000676413
20 0.000676916
21 0.000681298
22 0.000673815
23 0.000673161
24 -8.82156e-05
25 -0.000897527
26 -0.000925065
27 -0.000929572
28 -0.000941916
29 -0.000963787
30 -0.000998866
31 -0.00106036
32 -0.00107583
33 -0.00106545
34 -0.00104284
35 -0.00103468
36 -0.00102819
37 -0.00101562
38 -0.00106225
39 -0.00109598
40 -0.00113527
41 -0.00117332
42 -0.00118795
43 -0.00120359
44 -0.00124223
45 -0.00124666
46 -0.00128657
47 -0.00121326
