0 0.000831606
1 0.00255411
2 0.00242643
3 0.00240352
4 0.00238977
5 0.00234836
6 0.00229158
7 0.0022681
8 0.00221145
9 0.00225744
10 0.0021807
11 0.00219916
12 0.0021413
13 0.00214548
14 0.00210321
15 0.00212272
16 0.00208619
17 0.00210157
18 0.00212359
19 0.00206461
20 0.0020553
21 0.00203962
22 0.00203612
23 0.00192383
24 4.91744e-05
25 -0.00168339
26 -0.00175866
27 -0.0017574
28 -0.00177342
29 -0.00177363
30 -0.00173887
31 -0.00176241
32 -0.00173895
33 -0.00172429
34 -0.00170799
35 -0.0016987
36 -0.00170441
37 -0.00167144
38 -0.00161719
39 -0.0016011
40 -0.00160136
41 -0.00159749
42 -0.00157319
43 -0.00157466
44 -0.00153195
45 -0.00149494
46 -0.00150753
47 -0.00142654
