0 0.0003022
1 0.00202488
2 0.00203132
3 0.00211868
4 0.00210614
5 0.00211682
6 0.00207533
7 0.00208546
8 0.00203267
9 0.00204105
10 0.00203854
11 0.00199345
12 0.00198761
13 0.00195397
14 0.00192265
15 0.00191827
16 0.0018982
17 0.00190969
18 0.0018726
19 0.00186386
20 0.00187308
21 0.00187017
22 0.00182142
23 0.00177073
24 -4.80642e-05
25 -0.00193268
26 -0.00202055
27 -0.00197505
28 -0.00199469
29 -0.00201429
30 -0.00201609
31 -0.00200199
32 -0.00202033
33 -0.00204085
34 -0.00201573
35 -0.00202197
36 -0.00200489
37 -0.00197556
38 -0.00199371
39 -0.00200035
40 -0.0020038
41 -0.0019831
42 -0.00193388
43 -0.00191612
44 -0.00192282
45 -0.00190752
46 -0.00194666
47 -0.00185835
