0 -0.000547491
1 0.00172078
2 0.00167933
3 0.00181142
4 0.00180483
5 0.00177546
6 0.0018332
7 0.00181991
8 0.0018536
9 0.00187043
10 0.00187065
11 0.0018953
12 0.00193902
13 0.00198071
14 0.00201471
15 0.00204755
16 0.00203551
17 0.00203099
18 0.00203955
19 0.00205768
20 0.00203341
21 0.00202588
22 0.00198564
23 0.0019526
24 -4.27264e-05
25 -0.00205232
26 -0.00209572
27 -0.00209357
28 -0.00208469
29 -0.00210275
30 -0.00210929
31 -0.00212337
32 -0.00215852
33 -0.00213174
34 -0.00215917
35 -0.00214381
36 -0.00215876
37 -0.00215711
38 -0.00214355
39 -0.00212784
40 -0.00212508
41 -0.00210263
42 -0.00210784
43 -0.00211089
44 -0.00213096
45 -0.00213391
46 -0.00208961
47 -0.00214619
