0 -9.8081e-05
1 0.00100583
2 0.000985463
3 0.000927187
4 0.000834422
5 0.000753785
6 0.000685876
7 0.000632105
8 0.000593575
9 0.000556441
10 0.000520165
11 0.000511669
12 0.000495464
13 0.000500325
14 0.000488068
15 0.000491517
16 0.000508051
17 0.000517568
18 0.000537685
19 0.000547331
20 0.00057088
21 0.000592427
22 0.000644043
23 0.000669469
24 -0.00059611
25 -0.00185984
26 -0.00185013
27 -0.00181606
28 -0.00177215
29 -0.00174541
30 -0.00172924
31 -0.00165653
32 -0.00165542
33 -0.00160754
34 -0.00158351
35 -0.00157035
36 -0.00155333
37 -0.00150768
38 -0.00148837
39 -0.00148925
40 -0.00149875
41 -0.00148517
42 -0.00149833
43 -0.00150872
44 -0.0014382
45 -0.00142762
46 -0.00135171
47 -0.00126048
