0 0.000318169
1 0.000931476
2 0.000899819
3 0.000946283
4 0.000913794
5 0.000912156
6 0.000916303
7 0.000930667
8 0.000994171
9 0.00100515
10 0.00104335
11 0.00103399
12 0.00106289
13 0.00104783
14 0.00108979
15 0.00107781
16 0.00111574
17 0.00113566
18 0.00114524
19 0.00117487
20 0.00125514
21 0.00128592
22 0.00130455
23 0.00137636
24 0.000164345
25 -0.0010276
26 -0.0010392
27 -0.00102429
28 -0.000997202
29 -0.000953385
30 -0.000882893
31 -0.000815097
32 -0.000738925
33 -0.000679358
34 -0.000650065
35 -0.000617618
36 -0.000599683
37 -0.000587015
38 -0.000571773
39 -0.000568931
40 -0.000573925
41 -0.000574876
42 -0.0005868
43 -0.000545414
44 -0.000573652
45 -0.000553594
46 -0.000566183
47 -0.000567981
