0 -0.000323187
1 0.0010293
2 0.00109198
3 0.00107813
4 0.00100327
5 0.000974208
6 0.000923971
7 0.000888879
8 0.000863401
9 0.000857869
10 0.000842162
11 0.000843569
12 0.000819285
13 0.00082918
14 0.000810041
15 0.000787567
16 0.000760156
17 0.000736898
18 0.000697167
19 0.00073311
20 0.000736393
21 0.000746563
22 0.000762708
23 0.000760198
24 -0.000220506
25 -0.00123593
26 -0.00127791
27 -0.00131932
28 -0.00136978
29 -0.00137655
30 -0.00143808
31 -0.00146131
32 -0.00147632
33 -0.001491
34 -0.00149407
35 -0.00150408
36 -0.00151032
37 -0.00149314
38 -0.00148361
39 -0.00145556
40 -0.00143001
41 -0.0013886
42 -0.00138877
43 -0.00134106
44 -0.00139578
45 -0.0013359
46 -0.00130738
47 -0.0012813
