0 -0.000226533
1 0.000819185
2 0.000852829
3 0.000844734
4 0.000879333
5 0.000919122
6 0.000969805
7 0.000950094
8 0.000912982
9 0.000880856
10 0.000851299
11 0.000807872
12 0.000817602
13 0.000781224
14 0.000791869
15 0.00078106
16 0.000823154
17 0.000884397
18 0.000936873
19 0.00104184
20 0.00115555
21 0.00121539
22 0.00128363
23 0.00132678
24 0.000492214
25 -0.000287963
26 -0.000309567
27 -0.000308064
28 -0.000345966
29 -0.000363938
30 -0.000390333
31 -0.000437315
32 -0.000456215
33 -0.000470733
34 -0.000499748
35 -0.000511285
36 -0.000488743
37 -0.00047266
38 -0.000457696
39 -0.000453879
40 -0.000471422
41 -0.000434946
42 -0.000447329
43 -0.000487645
44 -0.000512243
45 -0.000584017
46 -0.00059292
47 -0.000620666
