0 0.000287872
1 0.00172778
2 0.00175213
3 0.00180745
4 0.00184653
5 0.00193228
6 0.00196197
7 0.00202009
8 0.0020643
9 0.00206188
10 0.0020144
11 0.00198019
12 0.00195178
13 0.00194025
14 0.00188212
15 0.0018162
16 0.00178765
17 0.00173036
18 0.00167115
19 0.00171516
20 0.00169369
21 0.00170041
22 0.00173578
23 0.00169971
24 0.000109286
25 -0.00148768
26 -0.00145384
27 -0.00139298
28 -0.00135451
29 -0.00129032
30 -0.00125827
31 -0.00124647
32 -0.00120681
33 -0.00119274
34 -0.00120021
35 -0.00119043
36 -0.00122231
37 -0.00122886
38 -0.00120062
39 -0.0012091
40 -0.00120459
41 -0.00121088
42 -0.00120464
43 -0.00119141
44 -0.00118895
45 -0.00119646
46 -0.00118078
47 -0.00117616
