0 0.00036695
1 0.00186231
2 0.0019052
3 0.00184118
4 0.0018575
5 0.00188078
6 0.00189598
7 0.00181769
8 0.00182385
9 0.00184344
10 0.00183053
11 0.00183182
12 0.0018339
13 0.00179468
14 0.0017837
15 0.00174636
16 0.00175658
17 0.00174474
18 0.00173283
19 0.00172402
20 0.0017089
21 0.00177821
22 0.00178078
23 0.0018133
24 0.000424596
25 -0.000939299
26 -0.000974952
27 -0.000943338
28 -0.000927158
29 -0.0008808
30 -0.000875846
31 -0.000847103
32 -0.00083738
33 -0.000828601
34 -0.000844471
35 -0.000846136
36 -0.000834306
37 -0.000860176
38 -0.000857784
39 -0.000882831
40 -0.000889531
41 -0.000872672
42 -0.000876711
43 -0.000886089
44 -0.000888294
45 -0.00088152
46 -0.000935751
47 -0.000990179
