0 4.30254e-07
1 0.00189303
2 0.00193734
3 0.00195832
4 0.00193801
5 0.00197455
6 0.001959
7 0.00194638
8 0.00195139
9 0.00194675
10 0.00193951
11 0.00193461
12 0.00194745
13 0.0019532
14 0.00195307
15 0.00194182
16 0.0019561
17 0.00198069
18 0.00195833
19 0.00195814
20 0.00197612
21 0.00195773
22 0.00194026
23 0.00187523
24 0.000178663
25 -0.00152255
26 -0.00154498
27 -0.00158268
28 -0.00157263
29 -0.00156196
30 -0.00157971
31 -0.00158758
32 -0.00157727
33 -0.00157837
34 -0.00157356
35 -0.00156264
36 -0.00157833
37 -0.00157932
38 -0.00156437
39 -0.00155439
40 -0.00157032
41 -0.00157488
42 -0.00158618
43 -0.00159347
44 -0.00159219
45 -0.00158125
46 -0.00156809
47 -0.00154409
