0 0.00137114
1 0.0024776
2 0.00252842
3 0.00248411
4 0.00248115
5 0.00241241
6 0.00239769
7 0.00236292
8 0.00228802
9 0.00225583
10 0.00224772
11 0.00222426
12 0.002172
13 0.00214036
14 0.0021146
15 0.00208429
16 0.00205218
17 0.00202952
18 0.00204125
19 0.00204042
20 0.00205193
21 0.00205049
22 0.00209632
23 0.00207446
24 0.000223615
25 -0.00179948
26 -0.00185484
27 -0.00185476
28 -0.00187503
29 -0.00190915
30 -0.00188892
31 -0.00189538
32 -0.00188638
33 -0.00187067
34 -0.00182899
35 -0.0018205
36 -0.00177247
37 -0.00175177
38 -0.00171927
39 -0.00170174
40 -0.00166592
41 -0.00164083
42 -0.00161305
43 -0.00157621
44 -0.0015514
45 -0.00154163
46 -0.00150254
47 -0.00142827
