0 -0.000207147
1 0.00161002
2 0.00170525
3 0.00173603
4 0.00170749
5 0.0017174
6 0.00163731
7 0.00158957
8 0.00157633
9 0.00153038
10 0.00150922
11 0.00147031
12 0.00142909
13 0.0014316
14 0.00139479
15 0.00141038
16 0.00139096
17 0.00139478
18 0.00137026
19 0.00138705
20 0.00135986
21 0.0013501
22 0.00135111
23 0.0013242
24 -0.000193717
25 -0.00164658
26 -0.00166263
27 -0.00164914
28 -0.00166411
29 -0.00165813
30 -0.00167338
31 -0.00167136
32 -0.00164914
33 -0.0016805
34 -0.00166087
35 -0.00166172
36 -0.00164238
37 -0.00163629
38 -0.00162304
39 -0.00161758
40 -0.00157509
41 -0.00155379
42 -0.00151048
43 -0.00145386
44 -0.00146649
45 -0.00149615
46 -0.00144095
47 -0.00137072
