0 0.000133334
1 0.00105899
2 0.00108731
3 0.0010967
4 0.00107331
5 0.00104854
6 0.00106033
7 0.00103546
8 0.00101001
9 0.00103634
10 0.00101466
11 0.00101735
12 0.0010254
13 0.00101336
14 0.00102679
15 0.00102026
16 0.00103626
17 0.0010594
18 0.00103487
19 0.00105266
20 0.00104496
21 0.00106647
22 0.00106078
23 0.00101064
24 -0.00010512
25 -0.00115976
26 -0.00118205
27 -0.00118564
28 -0.0012024
29 -0.00120771
30 -0.00120394
31 -0.00121261
32 -0.00121961
33 -0.00122487
34 -0.00123407
35 -0.00121846
36 -0.00121615
37 -0.00123534
38 -0.0012399
39 -0.00123875
40 -0.00125799
41 -0.0012651
42 -0.00125178
43 -0.00126283
44 -0.00123778
45 -0.00125834
46 -0.00125047
47 -0.00124404
