0 0.000238498
1 0.00199536
2 0.00205194
3 0.00201912
4 0.00197435
5 0.00197038
6 0.00197553
7 0.00198525
8 0.00202945
9 0.00202259
10 0.00203774
11 0.00204754
12 0.0020357
13 0.00205367
14 0.00209077
15 0.00209114
16 0.00212413
17 0.00210526
18 0.00213604
19 0.00217847
20 0.00219102
21 0.00224638
22 0.00221586
23 0.00215679
24 -0.000106631
25 -0.00225337
26 -0.00232737
27 -0.00230843
28 -0.0022777
29 -0.00227602
30 -0.0022732
31 -0.00225405
32 -0.00226229
33 -0.00223828
34 -0.00223976
35 -0.00223311
36 -0.00221147
37 -0.00219127
38 -0.00217124
39 -0.00214161
40 -0.00214732
41 -0.0021289
42 -0.00212428
43 -0.00209011
44 -0.00205754
45 -0.00201833
46 -0.00199263
47 -0.00187405
