0 -0.000164229
1 0.00148437
2 0.00146509
3 0.00142512
4 0.00144924
5 0.00149218
6 0.001469
7 0.00148538
8 0.00150257
9 0.00149451
10 0.00150325
11 0.00152717
12 0.00152163
13 0.00155573
14 0.00155396
15 0.00156661
16 0.00159228
17 0.0015757
18 0.00158115
19 0.00160028
20 0.00160501
21 0.00158574
22 0.0015855
23 0.00157556
24 -0.000172739
25 -0.00183
26 -0.00189563
27 -0.00190968
28 -0.0019052
29 -0.00189502
30 -0.00187549
31 -0.00189728
32 -0.00189113
33 -0.00188688
34 -0.00188689
35 -0.00189413
36 -0.00189062
37 -0.00189897
38 -0.00189194
39 -0.00190595
40 -0.00189982
41 -0.00192302
42 -0.00191056
43 -0.00189446
44 -0.00194226
45 -0.00188471
46 -0.00193097
47 -0.00186387
