0 -0.000279992
1 0.00138921
2 0.00137734
3 0.00134572
4 0.00131174
5 0.00129492
6 0.00130014
7 0.00129659
8 0.00129994
9 0.00132152
10 0.00130868
11 0.00128996
12 0.00131303
13 0.00132307
14 0.00133492
15 0.00134287
16 0.00136894
17 0.00136902
18 0.00137207
19 0.00137584
20 0.00138141
21 0.0013717
22 0.00134477
23 0.00132853
24 -0.000114689
25 -0.00161797
26 -0.00167377
27 -0.00170689
28 -0.0016787
29 -0.00168962
30 -0.00168988
31 -0.00172651
32 -0.00171079
33 -0.00171124
34 -0.00170143
35 -0.001724
36 -0.00172801
37 -0.0016992
38 -0.00173665
39 -0.0017077
40 -0.0017281
41 -0.00176622
42 -0.00176367
43 -0.00177292
44 -0.00178881
45 -0.00176103
46 -0.00180741
47 -0.00173559
