0 -0.000400965
1 0.000549455
2 0.000635189
3 0.000660982
4 0.00067217
5 0.000620531
6 0.000610221
7 0.000610471
8 0.000594469
9 0.000614251
10 0.000596448
11 0.000573876
12 0.000562035
13 0.000531427
14 0.000520906
15 0.000492925
16 0.000478931
17 0.000438246
18 0.000422416
19 0.000423465
20 0.00044832
21 0.000501327
22 0.000587491
23 0.000672647
24 0.00011857
25 -0.000538596
26 -0.000521573
27 -0.000469381
28 -0.000471918
29 -0.000500787
30 -0.000495132
31 -0.000520533
32 -0.000501286
33 -0.000502464
34 -0.000499223
35 -0.000500178
36 -0.000567891
37 -0.000612242
38 -0.00064148
39 -0.000690062
40 -0.00072878
41 -0.000853609
42 -0.000919727
43 -0.000950588
44 -0.00100693
45 -0.0010169
46 -0.00102325
47 -0.00106349
