0 -0.000107174
1 0.0013756
2 0.00143853
3 0.00145111
4 0.00146415
5 0.0014671
6 0.00144789
7 0.00146349
8 0.00147134
9 0.00145438
10 0.00145776
11 0.00146932
12 0.00147563
13 0.00144822
14 0.00145498
15 0.00146191
16 0.00145576
17 0.00145919
18 0.00146101
19 0.00145982
20 0.00145701
21 0.00147003
22 0.00145972
23 0.00141698
24 -0.000123468
25 -0.0016182
26 -0.0016813
27 -0.00167739
28 -0.00168327
29 -0.0016708
30 -0.00166373
31 -0.00167572
32 -0.00166716
33 -0.00166342
34 -0.00168324
35 -0.0016753
36 -0.00167168
37 -0.00165983
38 -0.00166428
39 -0.0016635
40 -0.00166848
41 -0.00165176
42 -0.0016665
43 -0.00169026
44 -0.0016763
45 -0.00166917
46 -0.00166799
47 -0.0016189
