0 0.000252989
1 0.00075313
2 0.000739964
3 0.000707414
4 0.000652143
5 0.000614023
6 0.000580549
7 0.000573963
8 0.000529843
9 0.000480574
10 0.000474587
11 0.000447602
12 0.000415337
13 0.000380132
14 0.000372148
15 0.000337335
16 0.000320093
17 0.000300703
18 0.000318705
19 0.000319226
20 0.000345158
21 0.000388437
22 0.000431589
23 0.000448029
24 -0.000280521
25 -0.0010129
26 -0.00099632
27 -0.000946853
28 -0.000916647
29 -0.000868191
30 -0.000852194
31 -0.000822717
32 -0.000833451
33 -0.000808785
34 -0.000802477
35 -0.000805769
36 -0.000816622
37 -0.000859685
38 -0.000927441
39 -0.00096906
40 -0.00102096
41 -0.00104345
42 -0.0010424
43 -0.00103146
44 -0.00103625
45 -0.00104932
46 -0.00102895
47 -0.00104393
