0 -0.000133594
1 0.000217237
2 0.000216559
3 0.000223014
4 0.000206107
5 0.000195716
6 0.000201167
7 0.000246378
8 0.000266694
9 0.000280566
10 0.000295565
11 0.000289806
12 0.000298034
13 0.000296388
14 0.000326793
15 0.000355311
16 0.000392071
17 0.000414296
18 0.000425926
19 0.000415698
20 0.000452018
21 0.0005038
22 0.0005616
23 0.000651267
24 5.69867e-05
25 -0.000577724
26 -0.000528829
27 -0.000504316
28 -0.000495975
29 -0.000479135
30 -0.00046458
31 -0.000463712
32 -0.000470322
33 -0.00049163
34 -0.000493626
35 -0.000501875
36 -0.000468714
37 -0.000446617
38 -0.000439334
39 -0.000392074
40 -0.00039818
41 -0.000395895
42 -0.000424731
43 -0.000449131
44 -0.000493577
45 -0.000512779
46 -0.000564008
47 -0.000545917
