0 -4.24682e-05
1 0.000813171
2 0.00087267
3 0.000935833
4 0.00092516
5 0.000987078
6 0.00101468
7 0.00108025
8 0.00115938
9 0.00123493
10 0.0012808
11 0.00132162
12 0.00135643
13 0.00132754
14 0.00131272
15 0.0012438
16 0.00117741
17 0.0011247
18 0.00108497
19 0.00104186
20 0.001035
21 0.00106714
22 0.0010921
23 0.0010871
24 -0.000316684
25 -0.00161005
26 -0.00159903
27 -0.00155978
28 -0.00151525
29 -0.00140881
30 -0.00135002
31 -0.00136618
32 -0.00134933
33 -0.00129285
34 -0.00125552
35 -0.00121081
36 -0.0012096
37 -0.0011961
38 -0.00117526
39 -0.00118036
40 -0.00125287
41 -0.00129398
42 -0.00132523
43 -0.00131129
44 -0.00129136
45 -0.00120946
46 -0.00115451
47 -0.00101092
