0 -0.000135151
1 0.000777413
2 0.000771558
3 0.000789971
4 0.000803576
5 0.000840188
6 0.000863945
7 0.000884086
8 0.000925619
9 0.000923398
10 0.00095148
11 0.000953238
12 0.000976563
13 0.000957836
14 0.000959574
15 0.00098427
16 0.00104483
17 0.00108115
18 0.00111295
19 0.00113451
20 0.00118002
21 0.00120597
22 0.00126998
23 0.00130418
24 0.000326875
25 -0.000639942
26 -0.000657295
27 -0.000636711
28 -0.00061984
29 -0.000616427
30 -0.000620721
31 -0.000638153
32 -0.000620294
33 -0.000642916
34 -0.000643641
35 -0.000665638
36 -0.000702537
37 -0.000700742
38 -0.000719623
39 -0.000730979
40 -0.00071299
41 -0.000734813
42 -0.000738832
43 -0.000734154
44 -0.000717216
45 -0.000710932
46 -0.000702542
47 -0.000747992
