0 -0.000171574
1 0.00110705
2 0.00109891
3 0.00107862
4 0.00103524
5 0.0010717
6 0.00108457
7 0.00109575
8 0.00111136
9 0.00111928
10 0.00112993
11 0.0011619
12 0.00117521
13 0.00116185
14 0.00117908
15 0.00116804
16 0.00114678
17 0.00115121
18 0.00116361
19 0.00118202
20 0.00120359
21 0.0012271
22 0.0012175
23 0.00121191
24 -0.00017877
25 -0.00164531
26 -0.00168939
27 -0.00167938
28 -0.00168493
29 -0.0016838
30 -0.00168466
31 -0.00172606
32 -0.0017635
33 -0.001816
34 -0.00184697
35 -0.00185214
36 -0.00184863
37 -0.0018362
38 -0.00183634
39 -0.00182222
40 -0.00179181
41 -0.00178571
42 -0.00176137
43 -0.00172788
44 -0.00173111
45 -0.00173476
46 -0.00170864
47 -0.00172991
