0 0.000416128
1 0.000918765
2 0.000996393
3 0.00100867
4 0.00106478
5 0.00106626
6 0.00109312
7 0.00105098
8 0.00103312
9 0.0010193
10 0.00103579
11 0.000968269
12 0.000984177
13 0.00104922
14 0.00107903
15 0.00112836
16 0.00115319
17 0.00125164
18 0.00129242
19 0.00138068
20 0.00143432
21 0.00145658
22 0.0015068
23 0.00154883
24 0.000376701
25 -0.000788133
26 -0.000762389
27 -0.000751722
28 -0.000723148
29 -0.000717774
30 -0.00070633
31 -0.000654915
32 -0.000646243
33 -0.000623601
34 -0.000591519
35 -0.000569044
36 -0.000530644
37 -0.000514846
38 -0.000505245
39 -0.000499493
40 -0.0004802
41 -0.000470951
42 -0.000497529
43 -0.000484636
44 -0.000494958
45 -0.000495048
46 -0.000502993
47 -0.000505732
