0 -5.18519e-05
1 0.00132699
2 0.00139308
3 0.00141926
4 0.00143664
5 0.0014341
6 0.00140553
7 0.00141388
8 0.0014169
9 0.00139133
10 0.00137877
11 0.00137157
12 0.00136438
13 0.00133361
14 0.00133935
15 0.00134444
16 0.00133478
17 0.00134064
18 0.00134323
19 0.00134409
20 0.00134855
21 0.00136639
22 0.00136146
23 0.00132809
24 -0.000117652
25 -0.001539
26 -0.00160251
27 -0.00160555
28 -0.00162597
29 -0.00162113
30 -0.00162355
31 -0.00165391
32 -0.00165792
33 -0.00166084
34 -0.00168959
35 -0.00168819
36 -0.00169153
37 -0.00167995
38 -0.00169127
39 -0.00168358
40 -0.00169762
41 -0.00167954
42 -0.00168725
43 -0.00170407
44 -0.00167898
45 -0.00165735
46 -0.00164191
47 -0.00161864
