0 9.82835e-05
1 0.00144328
2 0.00148735
3 0.00149279
4 0.00148844
5 0.00144104
6 0.00144075
7 0.00145616
8 0.00146238
9 0.00144929
10 0.00143012
11 0.00139834
12 0.00138041
13 0.00136456
14 0.00136649
15 0.0013341
16 0.00134919
17 0.00134336
18 0.00132034
19 0.00134639
20 0.00137327
21 0.00134459
22 0.00134861
23 0.00134546
24 0.000160259
25 -0.0010619
26 -0.00107946
27 -0.00107527
28 -0.00106243
29 -0.00104856
30 -0.00104651
31 -0.00104436
32 -0.00103005
33 -0.00103904
34 -0.00104048
35 -0.00103016
36 -0.00101619
37 -0.000991621
38 -0.00096557
39 -0.000962891
40 -0.000948323
41 -0.000926428
42 -0.000930663
43 -0.00093092
44 -0.000908375
45 -0.000878317
46 -0.000856379
47 -0.000850581
