0 8.81685e-05
1 0.00226309
2 0.00229799
3 0.00230918
4 0.0022844
5 0.00226352
6 0.00224254
7 0.0022585
8 0.00223169
9 0.00223812
10 0.00221305
11 0.00217222
12 0.0021541
13 0.00214681
14 0.00213306
15 0.00210131
16 0.00209469
17 0.00211303
18 0.00209147
19 0.00207403
20 0.0021169
21 0.00211823
22 0.00210087
23 0.00205255
24 -0.000128618
25 -0.00227566
26 -0.00233111
27 -0.00236985
28 -0.00234327
29 -0.00232305
30 -0.00233115
31 -0.00233441
32 -0.00234207
33 -0.0023103
34 -0.00230881
35 -0.00230179
36 -0.00229493
37 -0.00231376
38 -0.00234633
39 -0.00234514
40 -0.00236339
41 -0.002359
42 -0.00237712
43 -0.00239689
44 -0.00241072
45 -0.00242666
46 -0.00245826
47 -0.00244636
