0 -0.000179402
1 0.000203002
2 0.000213732
3 0.0002408
4 0.000282819
5 0.000287709
6 0.000288934
7 0.000275573
8 0.000273477
9 0.000298823
10 0.000334177
11 0.000359721
12 0.000397302
13 0.000448319
14 0.000468242
15 0.000501672
16 0.000505182
17 0.000504221
18 0.000501195
19 0.000496575
20 0.000503414
21 0.000478992
22 0.000486121
23 0.00050569
24 -7.80916e-05
25 -0.000666967
26 -0.000640694
27 -0.0006085
28 -0.000578737
29 -0.000538323
30 -0.000523826
31 -0.000529142
32 -0.000499307
33 -0.000485905
34 -0.000467625
35 -0.000437998
36 -0.000434655
37 -0.0004251
38 -0.000417389
39 -0.000418835
40 -0.000421462
41 -0.000403203
42 -0.000399847
43 -0.000414136
44 -0.000440776
45 -0.000470203
46 -0.000539277
47 -0.000628948
