0 0.000184621
1 0.00151442
2 0.00151246
3 0.00152563
4 0.00150444
5 0.00151537
6 0.00158678
7 0.0016007
8 0.00163075
9 0.00164931
10 0.00166638
11 0.00167909
12 0.00173132
13 0.00172542
14 0.00176361
15 0.001778
16 0.00179827
17 0.00182438
18 0.00183889
19 0.0018341
20 0.00182627
21 0.00183847
22 0.00184557
23 0.0018038
24 0.000500198
25 -0.000743355
26 -0.000778134
27 -0.000768418
28 -0.00080235
29 -0.000799772
30 -0.000807267
31 -0.000826513
32 -0.000837569
33 -0.00083375
34 -0.000853441
35 -0.000848471
36 -0.000873212
37 -0.000852588
38 -0.000862979
39 -0.000862705
40 -0.000861645
41 -0.000865327
42 -0.000871855
43 -0.000867449
44 -0.000873161
45 -0.000900025
46 -0.000872646
47 -0.000919676
