0 -0.000224836
1 0.00028803
2 0.000321208
3 0.000347558
4 0.000389964
5 0.0004118
6 0.000464778
7 0.000478778
8 0.000491035
9 0.000518993
10 0.000489548
11 0.000481869
12 0.000505675
13 0.000535495
14 0.000539026
15 0.000559043
16 0.000566346
17 0.000561571
18 0.000571497
19 0.000591958
20 0.000623352
21 0.00062429
22 0.000611452
23 0.000560201
24 -8.18627e-06
25 -0.000550953
26 -0.000584174
27 -0.000650489
28 -0.000658313
29 -0.000725092
30 -0.000792913
31 -0.000848307
32 -0.000853264
33 -0.000865177
34 -0.000872801
35 -0.00085385
36 -0.000875366
37 -0.000866777
38 -0.000849611
39 -0.00084568
40 -0.000831586
41 -0.000813403
42 -0.00078741
43 -0.000734556
44 -0.000714758
45 -0.000684916
46 -0.000672952
47 -0.000661083
