0 -0.0004297
1 0.00146072
2 0.00151277
3 0.00153477
4 0.00152657
5 0.00155722
6 0.00156504
7 0.00155978
8 0.00153896
9 0.00154203
10 0.00155369
11 0.00153586
12 0.00154617
13 0.00154818
14 0.00152353
15 0.00150733
16 0.00148824
17 0.0015008
18 0.00149594
19 0.00150088
20 0.00149314
21 0.00149866
22 0.00149414
23 0.00146466
24 2.36003e-05
25 -0.00146338
26 -0.00148194
27 -0.00148814
28 -0.00150999
29 -0.00149273
30 -0.00149434
31 -0.00148394
32 -0.00148434
33 -0.00148221
34 -0.00149894
35 -0.00151407
36 -0.00151381
37 -0.00153091
38 -0.00152611
39 -0.00154172
40 -0.00157225
41 -0.00156738
42 -0.00158808
43 -0.00160677
44 -0.00160371
45 -0.0016088
46 -0.00163679
47 -0.00158107
