0 -3.11332e-05
1 0.00193041
2 0.00194265
3 0.00187429
4 0.00182199
5 0.0017811
6 0.00174223
7 0.00169158
8 0.00167984
9 0.0016398
10 0.00158669
11 0.00157292
12 0.00158766
13 0.00155961
14 0.00157167
15 0.00156847
16 0.00157931
17 0.00156036
18 0.0015274
19 0.00150543
20 0.00149551
21 0.00147752
22 0.00149768
23 0.00145299
24 0.000359674
25 -0.000754627
26 -0.000779466
27 -0.000789802
28 -0.000806734
29 -0.000821509
30 -0.000835133
31 -0.000817964
32 -0.00086771
33 -0.000872247
34 -0.000910307
35 -0.000936714
36 -0.00095408
37 -0.000969064
38 -0.000985068
39 -0.00101207
40 -0.00101702
41 -0.00100563
42 -0.00101783
43 -0.00103461
44 -0.00103992
45 -0.00107929
46 -0.00107561
47 -0.00100503
