0 0.000193116
1 0.00169561
2 0.00164943
3 0.0016282
4 0.0016237
5 0.00158673
6 0.00159346
7 0.00158998
8 0.00159123
9 0.00160242
10 0.00160652
11 0.00160541
12 0.00158914
13 0.00156866
14 0.00156906
15 0.00155027
16 0.00154947
17 0.00155955
18 0.00156037
19 0.0015789
20 0.00157069
21 0.00157522
22 0.00158642
23 0.00151768
24 -0.000177411
25 -0.00174955
26 -0.00179251
27 -0.00178013
28 -0.00181364
29 -0.00178899
30 -0.00182295
31 -0.00178934
32 -0.00180447
33 -0.00180652
34 -0.00181037
35 -0.00180265
36 -0.00182401
37 -0.00182195
38 -0.00182729
39 -0.00182552
40 -0.0018358
41 -0.0018393
42 -0.0018407
43 -0.00183602
44 -0.00183162
45 -0.00184645
46 -0.00184777
47 -0.00179015
