0 6.93034e-05
1 0.000940597
2 0.000848509
3 0.000792951
4 0.000720978
5 0.000670476
6 0.000610615
7 0.000593002
8 0.000597775
9 0.000574411
10 0.000528742
11 0.000459625
12 0.000396817
13 0.000342565
14 0.000306504
15 0.000314163
16 0.000319533
17 0.000333289
18 0.000351795
19 0.000359419
20 0.0003548
21 0.000344944
22 0.000342779
23 0.000374175
24 -1.16508e-05
25 -0.000440333
26 -0.00048273
27 -0.000459801
28 -0.00049532
29 -0.000517075
30 -0.000546039
31 -0.000574805
32 -0.0006275
33 -0.000691932
34 -0.000742853
35 -0.0007561
36 -0.000781606
37 -0.000791184
38 -0.000799508
39 -0.000770937
40 -0.00073377
41 -0.000683101
42 -0.000633119
43 -0.000623025
44 -0.000601539
45 -0.000539675
46 -0.000539082
47 -0.000479024
