0 8.67702e-05
1 0.00134537
2 0.00129162
3 0.00127357
4 0.00122878
5 0.00118239
6 0.00116983
7 0.00113942
8 0.00112015
9 0.0011549
10 0.00121443
11 0.00124294
12 0.00126285
13 0.00124009
14 0.00124374
15 0.00124996
16 0.00125415
17 0.00129524
18 0.00130489
19 0.00132487
20 0.00137915
21 0.00144797
22 0.00146735
23 0.00146087
24 -2.78042e-05
25 -0.00151488
26 -0.00151187
27 -0.0015095
28 -0.0014892
29 -0.00147735
30 -0.00147912
31 -0.00146696
32 -0.00149584
33 -0.00151651
34 -0.00152993
35 -0.00152488
36 -0.0015031
37 -0.00144079
38 -0.00138011
39 -0.00134172
40 -0.00131297
41 -0.00127905
42 -0.00127151
43 -0.00129002
44 -0.00130401
45 -0.00135108
46 -0.00137908
47 -0.00139134
