0 -0.000180096
1 0.000557777
2 0.000576663
3 0.00056582
4 0.000592167
5 0.000641434
6 0.000652245
7 0.000657429
8 0.000663578
9 0.000653972
10 0.000630529
11 0.000614364
12 0.000625582
13 0.000595133
14 0.000593779
15 0.00062234
16 0.000698039
17 0.000704728
18 0.00073382
19 0.000735565
20 0.00075096
21 0.00076723
22 0.000823018
23 0.00087065
24 0.000373188
25 -8.62326e-05
26 -7.12045e-05
27 -4.03213e-05
28 -2.44718e-05
29 -3.91933e-05
30 -5.16699e-05
31 -8.617e-05
32 -0.000113887
33 -0.000143466
34 -0.000198093
35 -0.000260341
36 -0.000292374
37 -0.000358152
38 -0.000419225
39 -0.000471281
40 -0.00051482
41 -0.000542647
42 -0.000590767
43 -0.000614387
44 -0.000633968
45 -0.000700199
46 -0.00070351
47 -0.000731574
