0 0.000308283
1 0.000926952
2 0.000950534
3 0.000927082
4 0.000882273
5 0.000877205
6 0.00086802
7 0.000866688
8 0.000884924
9 0.000903175
10 0.000908441
11 0.000891639
12 0.00090068
13 0.00089239
14 0.000906755
15 0.000916766
16 0.00091873
17 0.000933587
18 0.000927193
19 0.000939702
20 0.000947354
21 0.000950609
22 0.000935525
23 0.000912406
24 -5.51313e-05
25 -0.00102273
26 -0.00105094
27 -0.00103812
28 -0.00103564
29 -0.00105385
30 -0.00105708
31 -0.00105317
32 -0.00106227
33 -0.00108185
34 -0.00107219
35 -0.00108784
36 -0.00109844
37 -0.00109384
38 -0.00106443
39 -0.00109208
40 -0.0010831
41 -0.00109294
42 -0.00108553
43 -0.00107765
44 -0.00106583
45 -0.0010499
46 -0.00106481
47 -0.00106445
