0 0.000653529
1 0.00190911
2 0.00188048
3 0.00188402
4 0.00179714
5 0.00169169
6 0.0016844
7 0.00164565
8 0.0016481
9 0.00157163
10 0.00154359
11 0.00152014
12 0.00150731
13 0.00150235
14 0.00145482
15 0.00145964
16 0.00143411
17 0.00140932
18 0.00138784
19 0.00137404
20 0.00138928
21 0.00138549
22 0.00136029
23 0.00134942
24 7.27633e-05
25 -0.00127013
26 -0.0012873
27 -0.00130011
28 -0.00130424
29 -0.00130005
30 -0.00127915
31 -0.00128542
32 -0.00129867
33 -0.00131461
34 -0.00131483
35 -0.00134724
36 -0.00137478
37 -0.00141344
38 -0.00141379
39 -0.00141074
40 -0.00141731
41 -0.00140702
42 -0.00136099
43 -0.00130439
44 -0.00129989
45 -0.00122894
46 -0.00116176
47 -0.00111841
