0 3.95228e-05
1 0.00157933
2 0.00153937
3 0.00152876
4 0.00152369
5 0.00155232
6 0.00156162
7 0.00153433
8 0.00153137
9 0.00151746
10 0.00155307
11 0.00156608
12 0.00156839
13 0.0015349
14 0.00153516
15 0.00156475
16 0.00154054
17 0.0015428
18 0.00153931
19 0.00154042
20 0.00155271
21 0.00153653
22 0.00154203
23 0.00150099
24 -0.000380349
25 -0.002227
26 -0.00226291
27 -0.00231077
28 -0.00231673
29 -0.00230111
30 -0.00228513
31 -0.00226952
32 -0.00229667
33 -0.00228939
34 -0.00232621
35 -0.00229347
36 -0.0023026
37 -0.00228933
38 -0.00230049
39 -0.00230497
40 -0.00231285
41 -0.0023449
42 -0.00231531
43 -0.0023081
44 -0.00230805
45 -0.00231064
46 -0.00227144
47 -0.00217194
