0 -0.00085536
1 0.00234469
2 0.00238856
3 0.00244473
4 0.0024361
5 0.00241719
6 0.00242723
7 0.00239707
8 0.00237796
9 0.00240718
10 0.00242591
11 0.00241589
12 0.00240869
13 0.00240095
14 0.00241407
15 0.00244055
16 0.00240694
17 0.00240401
18 0.00240912
19 0.00245464
20 0.00244344
21 0.00242901
22 0.00243238
23 0.0023437
24 -0.000439587
25 -0.00313704
26 -0.00324942
27 -0.00320599
28 -0.00322744
29 -0.00325538
30 -0.00321618
31 -0.00321707
32 -0.00323046
33 -0.00323418
34 -0.00320855
35 -0.00324155
36 -0.00324333
37 -0.00321733
38 -0.00321596
39 -0.0032241
40 -0.00324512
41 -0.00325112
42 -0.0032899
43 -0.00325568
44 -0.00317053
45 -0.00321492
46 -0.00320983
47 -0.00317779
