0 -0.000395653
1 0.00105132
2 0.00107675
3 0.0010718
4 0.00102846
5 0.000976909
6 0.000939659
7 0.000906123
8 0.000888947
9 0.000865314
10 0.000832926
11 0.000832784
12 0.000820385
13 0.000824839
14 0.000801986
15 0.000801734
16 0.000804509
17 0.000798702
18 0.000806948
19 0.000801522
20 0.000820517
21 0.000825692
22 0.000868782
23 0.000876497
24 -0.000723727
25 -0.00230169
26 -0.00231804
27 -0.00229906
28 -0.00225847
29 -0.00224563
30 -0.00225092
31 -0.00217905
32 -0.0021933
33 -0.00215725
34 -0.00213655
35 -0.00212769
36 -0.00212155
37 -0.00209566
38 -0.00208852
39 -0.00208703
40 -0.00210262
41 -0.00207411
42 -0.00209734
43 -0.00210633
44 -0.00204099
45 -0.00202986
46 -0.0019679
47 -0.00186939
