0 0.000156537
1 0.00113438
2 0.00102946
3 0.00100361
4 0.000930984
5 0.000882876
6 0.000855071
7 0.000833545
8 0.000811757
9 0.000802898
10 0.000788979
11 0.000768417
12 0.000744629
13 0.000735883
14 0.000739552
15 0.000741195
16 0.000736026
17 0.000760475
18 0.000771906
19 0.000781695
20 0.000778054
21 0.000767686
22 0.000764205
23 0.000754567
24 4.98481e-05
25 -0.000636982
26 -0.000619518
27 -0.00059012
28 -0.000578025
29 -0.000555165
30 -0.00054301
31 -0.00053107
32 -0.000518857
33 -0.000511888
34 -0.00050137
35 -0.000481608
36 -0.000481022
37 -0.000463655
38 -0.000451249
39 -0.000448375
40 -0.000466083
41 -0.000479527
42 -0.000506352
43 -0.00051419
44 -0.000529639
45 -0.000568194
46 -0.000570688
47 -0.000559528
