0 0.000455985
1 0.00346949
2 0.00361498
3 0.00358936
4 0.00350259
5 0.00355007
6 0.00354679
7 0.00350226
8 0.00354374
9 0.00349849
10 0.00347817
11 0.00339178
12 0.00339384
13 0.00342109
14 0.00340047
15 0.00339384
16 0.0034227
17 0.00344461
18 0.00344501
19 0.00339098
20 0.00337257
21 0.00337879
22 0.00337894
23 0.003339
24 0.000632498
25 -0.00195897
26 -0.00199438
27 -0.00197065
28 -0.00200383
29 -0.00200348
30 -0.00203547
31 -0.00201698
32 -0.00201295
33 -0.00201817
34 -0.00200111
35 -0.00200292
36 -0.00197679
37 -0.00200159
38 -0.0020036
39 -0.00200027
40 -0.00198879
41 -0.00197564
42 -0.00198164
43 -0.00199675
44 -0.00198033
45 -0.00205092
46 -0.0020913
47 -0.0020903
