0 8.36753e-05
1 0.000983997
2 0.000972078
3 0.000987107
4 0.0010229
5 0.00104633
6 0.00106921
7 0.00108285
8 0.00107594
9 0.00106842
10 0.00105689
11 0.00105622
12 0.00105629
13 0.00108281
14 0.00113377
15 0.00114693
16 0.00116409
17 0.00117461
18 0.00120648
19 0.0012671
20 0.00126327
21 0.00130873
22 0.00134481
23 0.0013505
24 0.000251069
25 -0.000824878
26 -0.000821239
27 -0.000796272
28 -0.000766064
29 -0.000742443
30 -0.000731748
31 -0.000754362
32 -0.000739936
33 -0.000742373
34 -0.000753782
35 -0.000768512
36 -0.00078494
37 -0.000809838
38 -0.000816616
39 -0.000836399
40 -0.000827887
41 -0.000833777
42 -0.000834536
43 -0.00083922
44 -0.000811822
45 -0.000818776
46 -0.0008139
47 -0.000836391
