0 7.96509e-05
1 0.00108787
2 0.00102412
3 0.000966232
4 0.000862939
5 0.000779282
6 0.000752055
7 0.000717872
8 0.000734385
9 0.000748213
10 0.000768566
11 0.000801373
12 0.000795581
13 0.000750893
14 0.000696216
15 0.000672077
16 0.000660964
17 0.000618506
18 0.000609844
19 0.000613264
20 0.000621139
21 0.000711421
22 0.000771432
23 0.000841985
24 6.0282e-05
25 -0.000681918
26 -0.000655928
27 -0.000603817
28 -0.000565525
29 -0.000559005
30 -0.000536122
31 -0.000548108
32 -0.000532636
33 -0.00054828
34 -0.000542636
35 -0.000529331
36 -0.000552621
37 -0.000579219
38 -0.0006257
39 -0.00064519
40 -0.000702029
41 -0.00072649
42 -0.000739615
43 -0.000733475
44 -0.00076838
45 -0.00077896
46 -0.000877502
47 -0.000921416
