0 3.04316e-05
1 0.00113674
2 0.00115972
3 0.00115324
4 0.00110413
5 0.00106347
6 0.0010047
7 0.000946486
8 0.000925296
9 0.000911795
10 0.000908366
11 0.000878236
12 0.000873129
13 0.000862995
14 0.000834092
15 0.000806835
16 0.000775112
17 0.000742852
18 0.000723866
19 0.000693292
20 0.000644012
21 0.00062467
22 0.000578075
23 0.000572281
24 -0.000168656
25 -0.000875622
26 -0.00087277
27 -0.000849964
28 -0.000845346
29 -0.000826409
30 -0.00081982
31 -0.000799987
32 -0.000806032
33 -0.000799538
34 -0.000792712
35 -0.000774175
36 -0.00075213
37 -0.000747333
38 -0.000753591
39 -0.00076027
40 -0.000760195
41 -0.00077046
42 -0.000753595
43 -0.000749921
44 -0.00074824
45 -0.000741153
46 -0.000744176
47 -0.000692823
