0 0.000235842
1 0.00203015
2 0.00207819
3 0.00219475
4 0.00220716
5 0.00222155
6 0.00219337
7 0.00220854
8 0.00221517
9 0.00228189
10 0.00233131
11 0.00239977
12 0.00243251
13 0.00248173
14 0.00247781
15 0.00250814
16 0.00247659
17 0.00245874
18 0.00243145
19 0.00242609
20 0.00242891
21 0.00243902
22 0.00250599
23 0.00246884
24 0.000317986
25 -0.00187286
26 -0.00189127
27 -0.00184873
28 -0.00184837
29 -0.00181233
30 -0.00176235
31 -0.00173687
32 -0.00168972
33 -0.0016751
34 -0.00168316
35 -0.00170421
36 -0.00174532
37 -0.00178499
38 -0.00179972
39 -0.0018502
40 -0.00186777
41 -0.00187434
42 -0.00188233
43 -0.00192573
44 -0.00200704
45 -0.0019973
46 -0.00203914
47 -0.00186254
