0 3.11312e-05
1 0.00167529
2 0.00181077
3 0.00181686
4 0.00181747
5 0.00178004
6 0.00181416
7 0.00177342
8 0.00180687
9 0.0018203
10 0.0018094
11 0.00181743
12 0.00181825
13 0.00179721
14 0.00180594
15 0.00182677
16 0.00177925
17 0.00178044
18 0.00177945
19 0.00179378
20 0.00179081
21 0.00179842
22 0.00179181
23 0.00176011
24 0.000297236
25 -0.0011749
26 -0.00120999
27 -0.0012206
28 -0.0012127
29 -0.00119896
30 -0.00122852
31 -0.00122338
32 -0.00121057
33 -0.0012162
34 -0.00122044
35 -0.00120939
36 -0.00121445
37 -0.00121349
38 -0.00120307
39 -0.0012244
40 -0.00123505
41 -0.00121947
42 -0.00122716
43 -0.00122548
44 -0.00121151
45 -0.00121995
46 -0.00121903
47 -0.00113845
