0 -0.000269355
1 0.00300781
2 0.00309519
3 0.00313474
4 0.00314996
5 0.00307281
6 0.00315237
7 0.00314546
8 0.00322527
9 0.00320733
10 0.00320518
11 0.00326206
12 0.00322784
13 0.00329189
14 0.00330494
15 0.00332331
16 0.00336972
17 0.00337925
18 0.00339927
19 0.00341865
20 0.003442
21 0.00344428
22 0.00345894
23 0.00341095
24 0.000194262
25 -0.00320836
26 -0.00333689
27 -0.00333009
28 -0.00331181
29 -0.00330104
30 -0.00330727
31 -0.00336153
32 -0.00337981
33 -0.00337954
34 -0.00333113
35 -0.00333735
36 -0.00337072
37 -0.00338569
38 -0.00343463
39 -0.00344461
40 -0.00346276
41 -0.0034937
42 -0.00347769
43 -0.00343975
44 -0.00339868
45 -0.00334602
46 -0.00328412
47 -0.00307629
