0 -0.00045392
1 0.00196444
2 0.00204813
3 0.00203976
4 0.00205792
5 0.00208478
6 0.00203191
7 0.00203132
8 0.0020499
9 0.00203662
10 0.00206368
11 0.0020472
12 0.00201462
13 0.00204308
14 0.00202127
15 0.0020652
16 0.00204484
17 0.00206592
18 0.00204947
19 0.00206167
20 0.00203021
21 0.00201617
22 0.00201186
23 0.00198864
24 -1.23014e-05
25 -0.00197333
26 -0.00203335
27 -0.00204407
28 -0.00205417
29 -0.00202344
30 -0.00203729
31 -0.00204558
32 -0.00201775
33 -0.00206325
34 -0.00203219
35 -0.00205176
36 -0.00202556
37 -0.00205128
38 -0.00204211
39 -0.00204929
40 -0.00203133
41 -0.00202861
42 -0.00203516
43 -0.00199689
44 -0.0020299
45 -0.00208173
46 -0.0020408
47 -0.00194636
