0 0.000315735
1 0.0019773
2 0.00207146
3 0.00209469
4 0.00208777
5 0.0020912
6 0.00214342
7 0.00214406
8 0.00223087
9 0.00225864
10 0.00227875
11 0.00231418
12 0.00234345
13 0.00232973
14 0.00230832
15 0.00231201
16 0.00228912
17 0.00228355
18 0.00232408
19 0.00231283
20 0.00234697
21 0.00231452
22 0.00233387
23 0.002323
24 0.000457419
25 -0.00147387
26 -0.00151402
27 -0.00150707
28 -0.00151615
29 -0.0015145
30 -0.00151856
31 -0.0015343
32 -0.00151937
33 -0.00151852
34 -0.00150157
35 -0.00147968
36 -0.00147919
37 -0.00145939
38 -0.00146307
39 -0.00147695
40 -0.0014983
41 -0.00151971
42 -0.00158234
43 -0.00162678
44 -0.00165758
45 -0.0017411
46 -0.00171401
47 -0.00180041
