0 -0.000439583
1 0.00190337
2 0.00193391
3 0.0019553
4 0.00192141
5 0.00195565
6 0.00191945
7 0.00190452
8 0.00193142
9 0.00189746
10 0.00187929
11 0.00189919
12 0.00187578
13 0.00188194
14 0.00186229
15 0.00182314
16 0.00184543
17 0.00187647
18 0.00186514
19 0.00188906
20 0.00187424
21 0.00189984
22 0.00189548
23 0.00186287
24 6.09378e-05
25 -0.00194032
26 -0.00197737
27 -0.00195188
28 -0.00198851
29 -0.00196941
30 -0.00194999
31 -0.00199547
32 -0.00200026
33 -0.00199443
34 -0.00204267
35 -0.00205796
36 -0.0020758
37 -0.00204529
38 -0.00205036
39 -0.00204645
40 -0.00204733
41 -0.00203099
42 -0.00204142
43 -0.00206543
44 -0.00208723
45 -0.00202945
46 -0.00205225
47 -0.00203694
