0 -8.55612e-05
1 0.000944821
2 0.000904268
3 0.000865951
4 0.000812756
5 0.000839656
6 0.000851676
7 0.000859935
8 0.000883196
9 0.000898505
10 0.000902958
11 0.000933146
12 0.000947828
13 0.000937812
14 0.000956552
15 0.000948683
16 0.0009295
17 0.000940584
18 0.000961364
19 0.000984002
20 0.00100818
21 0.00103034
22 0.00102633
23 0.00103405
24 -2.94238e-05
25 -0.00114273
26 -0.00116541
27 -0.00114635
28 -0.00113348
29 -0.00113022
30 -0.00112597
31 -0.00117038
32 -0.00123068
33 -0.00130482
34 -0.00135399
35 -0.00137763
36 -0.00138938
37 -0.00140695
38 -0.00143732
39 -0.00143843
40 -0.00142086
41 -0.00142197
42 -0.00140201
43 -0.00136884
44 -0.00137448
45 -0.0013717
46 -0.00134515
47 -0.00136397
