0 -0.000150654
1 0.00137591
2 0.00148413
3 0.00145846
4 0.00146552
5 0.00148093
6 0.00147543
7 0.00147679
8 0.00146787
9 0.00144892
10 0.00147273
11 0.00146646
12 0.00148079
13 0.00145943
14 0.00145862
15 0.00146691
16 0.00146682
17 0.00147654
18 0.00145933
19 0.00146558
20 0.00147727
21 0.00145124
22 0.00145915
23 0.00140451
24 5.77198e-06
25 -0.00139149
26 -0.00141071
27 -0.00141869
28 -0.00140506
29 -0.00142498
30 -0.00142302
31 -0.00141855
32 -0.00144129
33 -0.00142405
34 -0.00143344
35 -0.00141524
36 -0.00141456
37 -0.00142709
38 -0.00142372
39 -0.00142482
40 -0.00143067
41 -0.00141285
42 -0.00143491
43 -0.00142639
44 -0.00145221
45 -0.00141358
46 -0.00139563
47 -0.0013979
