0 2.94215e-05
1 0.000777005
2 0.000711412
3 0.000694062
4 0.000681617
5 0.00067048
6 0.000648957
7 0.000612801
8 0.000599069
9 0.000639607
10 0.000678167
11 0.000718186
12 0.000754206
13 0.000773952
14 0.000797044
15 0.000827061
16 0.000839374
17 0.000879347
18 0.000933352
19 0.000978863
20 0.00100801
21 0.0010519
22 0.00107975
23 0.0011127
24 0.000265849
25 -0.000652312
26 -0.000668322
27 -0.000682621
28 -0.000691253
29 -0.000684378
30 -0.000696401
31 -0.000690582
32 -0.000692915
33 -0.000701817
34 -0.000717616
35 -0.000740076
36 -0.000780831
37 -0.000808487
38 -0.000854571
39 -0.000893006
40 -0.000948092
41 -0.000954655
42 -0.00098024
43 -0.00101846
44 -0.00104683
45 -0.00108869
46 -0.00109836
47 -0.00104789
