0 -2.73922e-05
1 0.000548034
2 0.000575844
3 0.000561484
4 0.000561828
5 0.000565373
6 0.000589433
7 0.000625911
8 0.000652224
9 0.000656258
10 0.000698883
11 0.000710399
12 0.000698797
13 0.000666104
14 0.000622484
15 0.000577838
16 0.000584822
17 0.000600516
18 0.00065046
19 0.000690881
20 0.000741002
21 0.000822291
22 0.000890522
23 0.000937543
24 0.000227842
25 -0.000592924
26 -0.000604091
27 -0.0006095
28 -0.000610274
29 -0.000624028
30 -0.000612371
31 -0.000609918
32 -0.000651559
33 -0.000684794
34 -0.000688769
35 -0.000715253
36 -0.00072391
37 -0.000735282
38 -0.000742403
39 -0.000760366
40 -0.000771677
41 -0.000796023
42 -0.000767443
43 -0.000807309
44 -0.000798535
45 -0.000803905
46 -0.000868687
47 -0.000891442
