0 0.000294333
1 0.00168268
2 0.00167905
3 0.0017032
4 0.00169935
5 0.00171789
6 0.00171563
7 0.00170932
8 0.00172929
9 0.00172737
10 0.00172049
11 0.00170004
12 0.00172071
13 0.00170641
14 0.00169843
15 0.0016995
16 0.00172583
17 0.00172659
18 0.00176527
19 0.0017639
20 0.00178453
21 0.00179546
22 0.00179798
23 0.00177398
24 0.000390741
25 -0.000905572
26 -0.000945278
27 -0.000942172
28 -0.000925264
29 -0.000946231
30 -0.000946956
31 -0.000948161
32 -0.00095878
33 -0.000979168
34 -0.000998308
35 -0.00103014
36 -0.00103965
37 -0.00107107
38 -0.00107852
39 -0.00110326
40 -0.00111079
41 -0.00114183
42 -0.00117153
43 -0.00116539
44 -0.00118577
45 -0.00124351
46 -0.00126615
47 -0.0012467
