0 -3.0839e-05
1 0.000746675
2 0.000809233
3 0.000831625
4 0.000839684
5 0.000840821
6 0.000832567
7 0.000776808
8 0.000745159
9 0.000709817
10 0.00069195
11 0.000692183
12 0.000706304
13 0.000716952
14 0.000743422
15 0.00075473
16 0.000760826
17 0.000753621
18 0.00075494
19 0.000759375
20 0.000747305
21 0.000760021
22 0.000765612
23 0.000762902
24 -5.8587e-05
25 -0.000919198
26 -0.000874996
27 -0.000836278
28 -0.000800107
29 -0.000778647
30 -0.000749258
31 -0.000775712
32 -0.000762113
33 -0.00076183
34 -0.000739582
35 -0.000734421
36 -0.000768736
37 -0.000773519
38 -0.000788169
39 -0.000796324
40 -0.000806352
41 -0.000779677
42 -0.000782372
43 -0.000771681
44 -0.000777586
45 -0.000806147
46 -0.000800983
47 -0.000806555
