0 0.000192612
1 0.00170481
2 0.00165326
3 0.00166912
4 0.00168645
5 0.00167661
6 0.00165323
7 0.00166951
8 0.00167855
9 0.0016701
10 0.00164763
11 0.00166789
12 0.00168023
13 0.00168375
14 0.00168207
15 0.00166792
16 0.00167083
17 0.00172261
18 0.00175714
19 0.0017459
20 0.0017584
21 0.00178682
22 0.00176841
23 0.00173293
24 -8.55006e-05
25 -0.00183125
26 -0.00185543
27 -0.00183359
28 -0.00180403
29 -0.00180769
30 -0.00182008
31 -0.00181057
32 -0.00180884
33 -0.00182604
34 -0.00181752
35 -0.00184564
36 -0.00183088
37 -0.00186682
38 -0.0018523
39 -0.00180491
40 -0.00182293
41 -0.00179293
42 -0.0017746
43 -0.00175137
44 -0.00171028
45 -0.00170061
46 -0.00163242
47 -0.00156033
