0 -0.000589042
1 0.00161303
2 0.00156424
3 0.00154682
4 0.00153575
5 0.00151732
6 0.00148467
7 0.00144238
8 0.00140614
9 0.00135613
10 0.00131394
11 0.00127086
12 0.00125825
13 0.00124224
14 0.00125603
15 0.00122577
16 0.00122295
17 0.00126187
18 0.00128558
19 0.001298
20 0.00133997
21 0.00137669
22 0.00140976
23 0.00141499
24 -0.00047976
25 -0.0024058
26 -0.00240393
27 -0.00239159
28 -0.00238678
29 -0.00237177
30 -0.00239955
31 -0.0023879
32 -0.00238033
33 -0.00238595
34 -0.00234286
35 -0.00234292
36 -0.00226676
37 -0.00221196
38 -0.00214532
39 -0.00212423
40 -0.00209469
41 -0.00206701
42 -0.00206721
43 -0.00207024
44 -0.00211046
45 -0.00211961
46 -0.00209737
47 -0.00213036
