0 8.9261e-05
1 0.000939948
2 0.00101393
3 0.00100823
4 0.000995315
5 0.000964256
6 0.000958458
7 0.000940152
8 0.000915807
9 0.000896718
10 0.000862204
11 0.000831392
12 0.000779361
13 0.000726776
14 0.000693043
15 0.000636467
16 0.000585947
17 0.000572396
18 0.000553209
19 0.000544283
20 0.000563001
21 0.000547032
22 0.000568074
23 0.000555271
24 -0.000399777
25 -0.00138913
26 -0.00139818
27 -0.00137788
28 -0.00136962
29 -0.00135713
30 -0.00132415
31 -0.00128343
32 -0.00122882
33 -0.0011924
34 -0.00114436
35 -0.00111022
36 -0.0010848
37 -0.00107237
38 -0.00106514
39 -0.00106944
40 -0.00103933
41 -0.00105158
42 -0.00107259
43 -0.00107683
44 -0.00112412
45 -0.00111942
46 -0.00119899
47 -0.00120471
