0 -0.000182149
1 0.00223323
2 0.00230057
3 0.00235869
4 0.00228881
5 0.00226221
6 0.00223081
7 0.0022167
8 0.00216455
9 0.00221136
10 0.00221956
11 0.00223366
12 0.00225215
13 0.00224622
14 0.00228808
15 0.00234263
16 0.00237823
17 0.00240136
18 0.0024512
19 0.0024637
20 0.00251351
21 0.00254653
22 0.00252842
23 0.00251234
24 0.000433877
25 -0.00177758
26 -0.00185628
27 -0.00188771
28 -0.00188859
29 -0.00191984
30 -0.00192247
31 -0.00193163
32 -0.00193069
33 -0.00189588
34 -0.00192503
35 -0.00195472
36 -0.00194381
37 -0.00195987
38 -0.00194639
39 -0.00195346
40 -0.00195947
41 -0.00195557
42 -0.00193126
43 -0.00195172
44 -0.00189792
45 -0.0019299
46 -0.00190169
47 -0.00192985
