0 -0.000275025
1 0.00107134
2 0.00109974
3 0.00116413
4 0.0011789
5 0.00122532
6 0.00125069
7 0.00127284
8 0.00133007
9 0.00133744
10 0.00137201
11 0.00137277
12 0.00140497
13 0.00139271
14 0.00138997
15 0.0013971
16 0.00143446
17 0.00144231
18 0.001466
19 0.00146306
20 0.00150414
21 0.0015029
22 0.00153696
23 0.00152212
24 0.000201138
25 -0.00109877
26 -0.00114561
27 -0.00114696
28 -0.00114448
29 -0.0011437
30 -0.0011558
31 -0.00116218
32 -0.00114158
33 -0.00115285
34 -0.00113404
35 -0.00113331
36 -0.0011583
37 -0.00114214
38 -0.00115465
39 -0.00115844
40 -0.00112347
41 -0.00112506
42 -0.00113876
43 -0.00114153
44 -0.00112186
45 -0.0011261
46 -0.00111483
47 -0.00111016
