0 -3.30844e-05
1 0.000700263
2 0.000562229
3 0.00050257
4 0.000516571
5 0.000551079
6 0.000586708
7 0.000586875
8 0.00066378
9 0.00070485
10 0.000721557
11 0.000742578
12 0.000768996
13 0.00081001
14 0.000903967
15 0.000957905
16 0.00101917
17 0.0011043
18 0.00114095
19 0.00118942
20 0.00119097
21 0.00124889
22 0.00130593
23 0.00132467
24 0.000283932
25 -0.000705869
26 -0.000688155
27 -0.000609813
28 -0.000636183
29 -0.000639816
30 -0.000696083
31 -0.000729462
32 -0.000737868
33 -0.000759772
34 -0.00076637
35 -0.000783763
36 -0.000775411
37 -0.00077485
38 -0.000749574
39 -0.000771504
40 -0.000720102
41 -0.00070768
42 -0.000694165
43 -0.000630853
44 -0.000611414
45 -0.000589299
46 -0.000634123
47 -0.000597383
