0 0.000114428
1 0.00085105
2 0.000787143
3 0.000782031
4 0.000762842
5 0.000747604
6 0.000734582
7 0.00073891
8 0.000735025
9 0.000720688
10 0.000715958
11 0.000713051
12 0.000707589
13 0.000696742
14 0.000699069
15 0.000704983
16 0.000691553
17 0.000696278
18 0.000696075
19 0.000700046
20 0.000714559
21 0.000713624
22 0.000737814
23 0.00073554
24 0.000143728
25 -0.000488467
26 -0.000483549
27 -0.000468006
28 -0.000468026
29 -0.00045803
30 -0.000470617
31 -0.000483089
32 -0.000505432
33 -0.000505079
34 -0.000514107
35 -0.000511928
36 -0.000513984
37 -0.00049798
38 -0.000501701
39 -0.000492055
40 -0.000503981
41 -0.000518711
42 -0.000532456
43 -0.000575709
44 -0.000588424
45 -0.000619726
46 -0.000657281
47 -0.000682485
