0 0.000126251
1 0.00120542
2 0.00123163
3 0.00122899
4 0.00124745
5 0.00125598
6 0.00126208
7 0.00124433
8 0.00123235
9 0.00123612
10 0.00123486
11 0.00121424
12 0.0012032
13 0.00122758
14 0.00123626
15 0.00123455
16 0.00123959
17 0.00124095
18 0.00124274
19 0.00124087
20 0.00123239
21 0.00121334
22 0.00120732
23 0.00116995
24 -6.22749e-05
25 -0.00138268
26 -0.00142468
27 -0.00143859
28 -0.0014281
29 -0.00141723
30 -0.00140405
31 -0.00140769
32 -0.00140035
33 -0.00137673
34 -0.00139347
35 -0.00137945
36 -0.00139675
37 -0.00140154
38 -0.00139638
39 -0.00140292
40 -0.00143329
41 -0.00144358
42 -0.00143169
43 -0.00145667
44 -0.00147666
45 -0.00147206
46 -0.00142848
47 -0.00131879
