0 0.000588786
1 0.00241647
2 0.00239427
3 0.00242814
4 0.00228741
5 0.00227062
6 0.00216208
7 0.00219725
8 0.00214712
9 0.00213207
10 0.00215312
11 0.00216202
12 0.00219204
13 0.00224364
14 0.00227407
15 0.00235884
16 0.00239006
17 0.00239805
18 0.00248182
19 0.00252174
20 0.00254259
21 0.00258037
22 0.00266141
23 0.00260534
24 0.000557444
25 -0.00146735
26 -0.00147608
27 -0.00146827
28 -0.00144885
29 -0.00144897
30 -0.00145209
31 -0.00145273
32 -0.00143982
33 -0.00144526
34 -0.00141535
35 -0.00138595
36 -0.00136292
37 -0.00128332
38 -0.00126319
39 -0.00126029
40 -0.00129125
41 -0.00131319
42 -0.00133841
43 -0.00136247
44 -0.00137528
45 -0.00136876
46 -0.00136695
47 -0.00137238
