0 -0.00010463
1 0.00113228
2 0.00128172
3 0.00133417
4 0.00132476
5 0.00138841
6 0.00136943
7 0.00137531
8 0.00134725
9 0.00132891
10 0.00130402
11 0.00131374
12 0.00130823
13 0.00134324
14 0.00133312
15 0.00138219
16 0.0014153
17 0.00141996
18 0.00145219
19 0.00147956
20 0.00146985
21 0.00151204
22 0.00155456
23 0.00153665
24 0.000152554
25 -0.00115958
26 -0.00122139
27 -0.00127588
28 -0.00128849
29 -0.00131388
30 -0.00133478
31 -0.00138052
32 -0.00142152
33 -0.00150122
34 -0.00155433
35 -0.00156393
36 -0.00157076
37 -0.00157544
38 -0.00154042
39 -0.00153924
40 -0.00152584
41 -0.00150016
42 -0.00145908
43 -0.0013799
44 -0.00132491
45 -0.00130988
46 -0.0012682
47 -0.00117401
