0 0.000298732
1 0.000709497
2 0.000685079
3 0.000677102
4 0.000689723
5 0.000622819
6 0.000646585
7 0.000650112
8 0.000673617
9 0.000652477
10 0.00062989
11 0.000602284
12 0.000553295
13 0.000515784
14 0.000486638
15 0.000461696
16 0.000473747
17 0.00048298
18 0.00049577
19 0.000517914
20 0.000535089
21 0.000542881
22 0.000547143
23 0.000508308
24 6.20961e-05
25 -0.000385194
26 -0.000422577
27 -0.000446519
28 -0.000501245
29 -0.000512524
30 -0.000531267
31 -0.000518268
32 -0.000489759
33 -0.000468003
34 -0.00045084
35 -0.000450138
36 -0.000445183
37 -0.000432587
38 -0.000446326
39 -0.00043029
40 -0.00040742
41 -0.000377821
42 -0.000335922
43 -0.000302662
44 -0.000316908
45 -0.000327409
46 -0.000339745
47 -0.000354439
