0 0.00081857
1 0.00277736
2 0.00285061
3 0.00282424
4 0.00281498
5 0.00287617
6 0.00281926
7 0.00286269
8 0.00285314
9 0.00281533
10 0.00284581
11 0.00285131
12 0.00281348
13 0.00279472
14 0.00282584
15 0.00283532
16 0.00285012
17 0.00278906
18 0.00279463
19 0.00279914
20 0.00284262
21 0.00283784
22 0.00279939
23 0.00278945
24 0.000617086
25 -0.00140463
26 -0.00148679
27 -0.00145804
28 -0.00144599
29 -0.00145868
30 -0.00148078
31 -0.00147021
32 -0.00144785
33 -0.00147368
34 -0.00147836
35 -0.00147753
36 -0.00149143
37 -0.00149271
38 -0.00153112
39 -0.00153415
40 -0.0015401
41 -0.00155656
42 -0.00158641
43 -0.00160688
44 -0.00159732
45 -0.00162649
46 -0.00157922
47 -0.00155704
