0 9.07496e-05
1 0.00131167
2 0.0013845
3 0.00137573
4 0.0013495
5 0.00136045
6 0.00135242
7 0.00136696
8 0.00136335
9 0.00139289
10 0.00135174
11 0.00136381
12 0.00137276
13 0.00136846
14 0.00134804
15 0.00135233
16 0.00136104
17 0.00135521
18 0.00136845
19 0.00137294
20 0.00135954
21 0.00136298
22 0.00135459
23 0.00133167
24 -0.000221186
25 -0.00171228
26 -0.00174743
27 -0.00175133
28 -0.00174347
29 -0.00176021
30 -0.00175379
31 -0.00173675
32 -0.00173241
33 -0.00175464
34 -0.00175377
35 -0.00174906
36 -0.00175743
37 -0.0017616
38 -0.00175241
39 -0.00175343
40 -0.0017486
41 -0.00175722
42 -0.00174792
43 -0.0017498
44 -0.00176005
45 -0.00172529
46 -0.001737
47 -0.00174047
