0 0.000245028
1 0.00129356
2 0.00117262
3 0.001043
4 0.000996571
5 0.000960083
6 0.000962316
7 0.000968905
8 0.000946422
9 0.000929757
10 0.000917876
11 0.000901371
12 0.000845968
13 0.000824488
14 0.000780094
15 0.000745447
16 0.000728801
17 0.000706744
18 0.000688277
19 0.000714662
20 0.000728608
21 0.000746032
22 0.000747649
23 0.000735267
24 7.36754e-05
25 -0.000588138
26 -0.000605345
27 -0.000586407
28 -0.000610691
29 -0.000613093
30 -0.00062555
31 -0.000659493
32 -0.000655712
33 -0.000669756
34 -0.000647249
35 -0.000649111
36 -0.000633111
37 -0.000626422
38 -0.000632838
39 -0.00063709
40 -0.000640042
41 -0.000612168
42 -0.00062458
43 -0.000611628
44 -0.000660675
45 -0.000717203
46 -0.000825021
47 -0.000903725
