0 0.000288487
1 0.00177527
2 0.00181169
3 0.00176798
4 0.00172281
5 0.00170698
6 0.00170835
7 0.0017238
8 0.00176428
9 0.00176156
10 0.00178076
11 0.00178941
12 0.00178241
13 0.00180015
14 0.00184393
15 0.00185461
16 0.00190159
17 0.00189895
18 0.00194456
19 0.0020128
20 0.00203859
21 0.00210657
22 0.00209717
23 0.00205815
24 -0.000110972
25 -0.00216585
26 -0.00221264
27 -0.00218019
28 -0.00214342
29 -0.00214327
30 -0.002143
31 -0.00212691
32 -0.00213247
33 -0.00210211
34 -0.00209871
35 -0.00208487
36 -0.00206075
37 -0.0020333
38 -0.00200428
39 -0.00196438
40 -0.00196055
41 -0.00193655
42 -0.00191363
43 -0.00186226
44 -0.00182209
45 -0.00176253
46 -0.00172039
47 -0.00159057
