0 -0.000350398
1 0.000660319
2 0.000763337
3 0.000780788
4 0.000817368
5 0.000849786
6 0.000850039
7 0.000831609
8 0.00085579
9 0.000856547
10 0.000865993
11 0.000845924
12 0.000873291
13 0.000878942
14 0.000891933
15 0.00089831
16 0.000925944
17 0.000919256
18 0.000932974
19 0.000943368
20 0.000950829
21 0.000986477
22 0.0010252
23 0.00104156
24 -0.000258443
25 -0.00151595
26 -0.00152548
27 -0.00150284
28 -0.00149768
29 -0.00149396
30 -0.00149259
31 -0.00150903
32 -0.00151046
33 -0.00147239
34 -0.00150671
35 -0.00150633
36 -0.00149897
37 -0.00151878
38 -0.00145153
39 -0.00144444
40 -0.00142234
41 -0.00140877
42 -0.00138917
43 -0.00138902
44 -0.00135746
45 -0.00133876
46 -0.00129805
47 -0.00127762
