0 -0.000488432
1 0.00131991
2 0.00130115
3 0.00135056
4 0.00133564
5 0.00134537
6 0.00136566
7 0.00135216
8 0.00134218
9 0.0013449
10 0.00136077
11 0.00134283
12 0.00135379
13 0.00136447
14 0.00135282
15 0.00134036
16 0.00135206
17 0.00134855
18 0.00133857
19 0.00134751
20 0.00137277
21 0.00136099
22 0.00134243
23 0.00128484
24 -0.000437994
25 -0.00218756
26 -0.00229129
27 -0.00228685
28 -0.00225761
29 -0.00227653
30 -0.00229947
31 -0.00226872
32 -0.00225231
33 -0.00228051
34 -0.00227265
35 -0.00228375
36 -0.00230116
37 -0.00228276
38 -0.00227677
39 -0.00228964
40 -0.00225924
41 -0.00227743
42 -0.00224808
43 -0.0023035
44 -0.00227306
45 -0.00227541
46 -0.00226427
47 -0.00228712
