0 0.00036719
1 0.00177948
2 0.00177776
3 0.00180757
4 0.00180122
5 0.00181534
6 0.00181233
7 0.00180595
8 0.00182348
9 0.0018226
10 0.00181865
11 0.00179862
12 0.0018215
13 0.00180946
14 0.0017994
15 0.00179792
16 0.00181543
17 0.00181443
18 0.00184674
19 0.00184014
20 0.00185866
21 0.0018662
22 0.00185984
23 0.00182711
24 0.000358647
25 -0.00102023
26 -0.00106357
27 -0.00106359
28 -0.00104384
29 -0.0010657
30 -0.00106627
31 -0.00106264
32 -0.00107078
33 -0.00109002
34 -0.00110427
35 -0.00112951
36 -0.00113437
37 -0.00115912
38 -0.00115706
39 -0.00117441
40 -0.00117331
41 -0.00119731
42 -0.00121812
43 -0.00120457
44 -0.00121859
45 -0.00126575
46 -0.00128376
47 -0.00125178
