0 -0.000632125
1 0.0012037
2 0.00119555
3 0.00125333
4 0.0012557
5 0.00127689
6 0.00131541
7 0.00130792
8 0.00130454
9 0.00131195
10 0.00133663
11 0.00133712
12 0.00134521
13 0.00136555
14 0.00135074
15 0.00134931
16 0.00136305
17 0.00136679
18 0.00135856
19 0.00136991
20 0.00139904
21 0.00139409
22 0.00138892
23 0.00134757
24 -0.000282824
25 -0.00193632
26 -0.0020142
27 -0.00199707
28 -0.0019574
29 -0.00195675
30 -0.00197029
31 -0.00193817
32 -0.0019258
33 -0.00195087
34 -0.00195121
35 -0.00197873
36 -0.00201192
37 -0.00202277
38 -0.00203888
39 -0.00207037
40 -0.00206455
41 -0.0020921
42 -0.00208325
43 -0.00215073
44 -0.00213527
45 -0.00216428
46 -0.00218925
47 -0.00224935
