0 -0.000500203
1 0.00200172
2 0.00199013
3 0.00187424
4 0.00188567
5 0.00182268
6 0.00184577
7 0.00177645
8 0.00181118
9 0.00176288
10 0.00175801
11 0.0017539
12 0.0017689
13 0.00179172
14 0.00182402
15 0.00189489
16 0.00192242
17 0.00197587
18 0.00197817
19 0.0020509
20 0.00204122
21 0.00202591
22 0.00205787
23 0.00204718
24 -0.000261909
25 -0.00252424
26 -0.00250982
27 -0.00252422
28 -0.00249269
29 -0.00249873
30 -0.002475
31 -0.0024445
32 -0.0024847
33 -0.00244652
34 -0.00245891
35 -0.00250143
36 -0.00254114
37 -0.00259202
38 -0.00258532
39 -0.00260943
40 -0.0026237
41 -0.00267553
42 -0.00271244
43 -0.00267647
44 -0.00269782
45 -0.0026849
46 -0.00271041
47 -0.00276139
