0 0.00059167
1 0.00265703
2 0.00271258
3 0.0027013
4 0.00273464
5 0.00270625
6 0.00268358
7 0.00271112
8 0.00266211
9 0.00267814
10 0.00269556
11 0.00270976
12 0.00270327
13 0.00268512
14 0.00271659
15 0.00269217
16 0.0026872
17 0.00270117
18 0.00270133
19 0.00269975
20 0.00270991
21 0.0027089
22 0.00267949
23 0.00261956
24 0.000506567
25 -0.00149259
26 -0.00156542
27 -0.00155822
28 -0.00157195
29 -0.00155763
30 -0.00158775
31 -0.00156497
32 -0.0015761
33 -0.00156116
34 -0.00156303
35 -0.00157124
36 -0.00156504
37 -0.00155557
38 -0.00156969
39 -0.00156141
40 -0.00155921
41 -0.00157804
42 -0.00155428
43 -0.00156696
44 -0.00156988
45 -0.00154712
46 -0.00156152
47 -0.00148481
