0 -0.000384183
1 0.00220958
2 0.00217512
3 0.002249
4 0.00228252
5 0.00228571
6 0.00227886
7 0.00227044
8 0.00222992
9 0.00227644
10 0.00226765
11 0.00227773
12 0.00231144
13 0.00228424
14 0.002307
15 0.00230235
16 0.00226597
17 0.0022735
18 0.00228814
19 0.00226571
20 0.00224945
21 0.00227068
22 0.00225867
23 0.00221518
24 -9.45419e-05
25 -0.00239428
26 -0.00250795
27 -0.00248726
28 -0.00247797
29 -0.00248013
30 -0.00252254
31 -0.0025226
32 -0.00249349
33 -0.00247144
34 -0.00250951
35 -0.002524
36 -0.00251623
37 -0.00254318
38 -0.00248833
39 -0.0025385
40 -0.00249816
41 -0.00248659
42 -0.00250465
43 -0.00246497
44 -0.00246667
45 -0.0025153
46 -0.00254844
47 -0.00244162
