0 6.19984e-05
1 0.0006072
2 0.000458301
3 0.000449114
4 0.000430429
5 0.000422092
6 0.000447661
7 0.000518221
8 0.000600328
9 0.000649474
10 0.000733849
11 0.000780953
12 0.000800596
13 0.000883126
14 0.000953732
15 0.00100754
16 0.00100851
17 0.00102898
18 0.00107521
19 0.00108886
20 0.00121288
21 0.00135911
22 0.00150884
23 0.00160098
24 0.00026907
25 -0.00109764
26 -0.00103163
27 -0.00100431
28 -0.000951535
29 -0.000926803
30 -0.000878728
31 -0.000872154
32 -0.00086416
33 -0.000845478
34 -0.000828292
35 -0.000795317
36 -0.000736016
37 -0.000705725
38 -0.000699239
39 -0.000682814
40 -0.000664164
41 -0.000664128
42 -0.000667604
43 -0.000650408
44 -0.000633255
45 -0.000669861
46 -0.00062923
47 -0.000782787
