0 -1.98761e-05
1 0.000593154
2 0.000551524
3 0.000516177
4 0.000486583
5 0.00044925
6 0.000442442
7 0.00041123
8 0.000398587
9 0.000411863
10 0.00039961
11 0.000416438
12 0.000452513
13 0.00045996
14 0.000455715
15 0.000456504
16 0.000465812
17 0.000452943
18 0.000445536
19 0.000451194
20 0.000442394
21 0.000444027
22 0.00045206
23 0.000458086
24 8.70749e-06
25 -0.000477091
26 -0.000482793
27 -0.000507434
28 -0.000509859
29 -0.000543318
30 -0.000552303
31 -0.000595598
32 -0.000599383
33 -0.000590834
34 -0.000566431
35 -0.000547102
36 -0.000539171
37 -0.000545518
38 -0.000540535
39 -0.000531549
40 -0.000514443
41 -0.000520935
42 -0.000521108
43 -0.000533282
44 -0.00055227
45 -0.000582384
46 -0.000601251
47 -0.000624347
