0 -0.000416078
1 0.000457995
2 0.000529805
3 0.000567654
4 0.000570404
5 0.000581099
6 0.000617751
7 0.000612454
8 0.000633475
9 0.000670607
10 0.000707769
11 0.000740737
12 0.00077557
13 0.000785882
14 0.000824245
15 0.0008091
16 0.000790786
17 0.000794654
18 0.000808165
19 0.000831537
20 0.000876981
21 0.000882944
22 0.000907749
23 0.000915445
24 0.000145492
25 -0.000672732
26 -0.000644368
27 -0.000594827
28 -0.000595334
29 -0.000608906
30 -0.000631391
31 -0.000591856
32 -0.000588889
33 -0.000654708
34 -0.000701395
35 -0.000736952
36 -0.000814018
37 -0.000871636
38 -0.000913222
39 -0.000943772
40 -0.000994043
41 -0.0010512
42 -0.00105539
43 -0.00108081
44 -0.00110096
45 -0.00113006
46 -0.00118918
47 -0.00117462
