0 -0.000104395
1 0.00149238
2 0.00157949
3 0.00156738
4 0.00153664
5 0.00154068
6 0.00154458
7 0.00153202
8 0.00152053
9 0.00151135
10 0.0015258
11 0.00153612
12 0.00153384
13 0.00154041
14 0.00155346
15 0.0015925
16 0.00161249
17 0.00161807
18 0.00162833
19 0.00163362
20 0.00165561
21 0.00164973
22 0.00164817
23 0.00160276
24 -2.28541e-05
25 -0.00175526
26 -0.00177382
27 -0.00180923
28 -0.00183948
29 -0.00183173
30 -0.00180728
31 -0.00183736
32 -0.00183201
33 -0.00183987
34 -0.00182305
35 -0.00178558
36 -0.00178511
37 -0.00177474
38 -0.00175792
39 -0.00173714
40 -0.00175771
41 -0.00174724
42 -0.00175166
43 -0.00174106
44 -0.00173121
45 -0.00175974
46 -0.00178423
47 -0.00175154
