0 -0.000249961
1 0.00058822
2 0.000581259
3 0.000600168
4 0.000639972
5 0.00069726
6 0.000716895
7 0.000741275
8 0.000702337
9 0.000667549
10 0.000667786
11 0.000629801
12 0.000636101
13 0.000634025
14 0.00059006
15 0.000544067
16 0.000492414
17 0.00047159
18 0.000431535
19 0.000409529
20 0.000394536
21 0.000394559
22 0.000432683
23 0.00045624
24 5.11227e-05
25 -0.000353725
26 -0.000329897
27 -0.000296121
28 -0.00025592
29 -0.000205098
30 -0.00016844
31 -0.000178113
32 -0.00020864
33 -0.000254795
34 -0.000293853
35 -0.00035287
36 -0.00040955
37 -0.000464413
38 -0.000521671
39 -0.000550991
40 -0.000580669
41 -0.000631014
42 -0.000711461
43 -0.000752063
44 -0.000775844
45 -0.000783171
46 -0.000750118
47 -0.00066269
