0 -6.09659e-05
1 0.000829935
2 0.000852742
3 0.000829422
4 0.000824914
5 0.000813159
6 0.00080858
7 0.000808919
8 0.000810562
9 0.000796617
10 0.000791184
11 0.000793798
12 0.000786045
13 0.000791194
14 0.000779557
15 0.000782704
16 0.000768129
17 0.000771757
18 0.000768445
19 0.000759574
20 0.000768654
21 0.000776115
22 0.000768183
23 0.000740689
24 -0.000161649
25 -0.00112305
26 -0.00114364
27 -0.00112296
28 -0.00113345
29 -0.00113784
30 -0.001131
31 -0.0011242
32 -0.00112128
33 -0.00111004
34 -0.00112429
35 -0.00111278
36 -0.00113099
37 -0.00112137
38 -0.00111398
39 -0.00112375
40 -0.00114763
41 -0.0011409
42 -0.00112332
43 -0.00111495
44 -0.00110144
45 -0.00112529
46 -0.00111078
47 -0.00109721
