0 0.000323105
1 0.00199167
2 0.00192445
3 0.00189559
4 0.00187329
5 0.00185702
6 0.00186833
7 0.00187923
8 0.00188265
9 0.00189547
10 0.00192372
11 0.00198595
12 0.00200456
13 0.00200095
14 0.00202112
15 0.00204061
16 0.00202926
17 0.00205268
18 0.00203162
19 0.00204293
20 0.00201502
21 0.00197645
22 0.00198752
23 0.00190328
24 0.000253598
25 -0.00124005
26 -0.00127448
27 -0.00127391
28 -0.00128916
29 -0.00126331
30 -0.00124343
31 -0.00123543
32 -0.00127222
33 -0.00125888
34 -0.0012764
35 -0.00128448
36 -0.00128632
37 -0.00130073
38 -0.00130735
39 -0.001296
40 -0.00130661
41 -0.00127526
42 -0.0012884
43 -0.00128706
44 -0.00127916
45 -0.00128831
46 -0.0012277
47 -0.0012156
