0 6.22249e-05
1 0.0020853
2 0.00217957
3 0.00219367
4 0.00219893
5 0.00215568
6 0.00220517
7 0.00223834
8 0.00223808
9 0.00222215
10 0.0022453
11 0.00225859
12 0.00228651
13 0.00231836
14 0.00230478
15 0.00233641
16 0.00238618
17 0.0024409
18 0.00243614
19 0.00245325
20 0.00243279
21 0.00244697
22 0.00248129
23 0.00241872
24 3.43419e-05
25 -0.00228298
26 -0.00231667
27 -0.00229333
28 -0.0023342
29 -0.00230475
30 -0.00227944
31 -0.00224085
32 -0.00223574
33 -0.0022116
34 -0.00218118
35 -0.0021464
36 -0.00214022
37 -0.00211958
38 -0.00212899
39 -0.00210926
40 -0.00206379
41 -0.00201761
42 -0.0019885
43 -0.00199703
44 -0.00201192
45 -0.00201504
46 -0.00196659
47 -0.00201836
