0 7.80358e-05
1 0.000475234
2 0.00039537
3 0.000305214
4 0.000268926
5 0.000224754
6 0.000188117
7 0.000151713
8 0.000130236
9 0.000122625
10 9.87688e-05
11 0.000132033
12 0.000163852
13 0.000195313
14 0.00020686
15 0.000261483
16 0.000277999
17 0.000277755
18 0.000266978
19 0.000287703
20 0.000322307
21 0.000351355
22 0.000367943
23 0.000406377
24 7.14836e-05
25 -0.000280487
26 -0.000340483
27 -0.000364731
28 -0.00037837
29 -0.000379666
30 -0.000391416
31 -0.000394207
32 -0.000452299
33 -0.000513462
34 -0.000560185
35 -0.000612743
36 -0.000616766
37 -0.00062428
38 -0.000622458
39 -0.000630565
40 -0.000649701
41 -0.000657433
42 -0.000689838
43 -0.000734088
44 -0.000825519
45 -0.000916228
46 -0.00101421
47 -0.0010761
