0 -4.87886e-05
1 0.001795
2 0.00187527
3 0.00189311
4 0.00188872
5 0.00187156
6 0.00187639
7 0.00190794
8 0.00189488
9 0.00186807
10 0.00187451
11 0.00190637
12 0.00187202
13 0.00188419
14 0.00187235
15 0.00189463
16 0.00186598
17 0.0018812
18 0.00190358
19 0.00186982
20 0.0018707
21 0.00188101
22 0.00186565
23 0.00181125
24 0.000119945
25 -0.00160075
26 -0.00166858
27 -0.00165053
28 -0.00169644
29 -0.00167421
30 -0.001643
31 -0.00166697
32 -0.00164926
33 -0.00166563
34 -0.00167913
35 -0.00168396
36 -0.00167132
37 -0.0016776
38 -0.0016644
39 -0.00168448
40 -0.00168211
41 -0.00168367
42 -0.00166281
43 -0.00165245
44 -0.00168652
45 -0.00166828
46 -0.00169899
47 -0.0016527
