0 -0.000296758
1 0.000920933
2 0.000895322
3 0.000831188
4 0.000774083
5 0.000762435
6 0.000747699
7 0.000744854
8 0.000754062
9 0.000779468
10 0.000783844
11 0.000775269
12 0.00079064
13 0.000815315
14 0.00082923
15 0.000852313
16 0.000881933
17 0.000884276
18 0.000878324
19 0.000886249
20 0.000892761
21 0.000892265
22 0.000879357
23 0.00087522
24 -0.000120171
25 -0.00115487
26 -0.00118842
27 -0.00120232
28 -0.00120601
29 -0.00122305
30 -0.00124757
31 -0.00130147
32 -0.00131082
33 -0.00130826
34 -0.00129034
35 -0.00129555
36 -0.0012922
37 -0.00127202
38 -0.00132187
39 -0.0013383
40 -0.00137638
41 -0.00141781
42 -0.00142969
43 -0.00144658
44 -0.00148162
45 -0.00147533
46 -0.00152472
47 -0.00144861
