0 0.000204661
1 0.00176455
2 0.00184208
3 0.00180502
4 0.0017831
5 0.00182857
6 0.00178591
7 0.00182456
8 0.00180999
9 0.00180658
10 0.00178098
11 0.0017427
12 0.00180939
13 0.00181931
14 0.00180004
15 0.0018068
16 0.00181648
17 0.0018531
18 0.00181192
19 0.00180538
20 0.0017947
21 0.00178583
22 0.0017948
23 0.00175808
24 -5.41712e-06
25 -0.00161717
26 -0.00167946
27 -0.00165852
28 -0.00164432
29 -0.00164378
30 -0.00163084
31 -0.00161875
32 -0.00160936
33 -0.00159605
34 -0.00161385
35 -0.00160573
36 -0.00161393
37 -0.00160793
38 -0.00158612
39 -0.00160692
40 -0.00159592
41 -0.00162422
42 -0.00158488
43 -0.00154681
44 -0.0015346
45 -0.00151073
46 -0.00149167
47 -0.00139515
