0 -0.000443034
1 0.00175378
2 0.00183223
3 0.00179164
4 0.00174867
5 0.00176564
6 0.00174398
7 0.00173531
8 0.00172263
9 0.00170404
10 0.00171906
11 0.00169184
12 0.00168168
13 0.00165719
14 0.00166725
15 0.00165033
16 0.00161614
17 0.00160148
18 0.00157236
19 0.0015462
20 0.00154564
21 0.00150394
22 0.00156127
23 0.00155167
24 -0.00035729
25 -0.00240234
26 -0.0024315
27 -0.00241211
28 -0.00242074
29 -0.00239041
30 -0.00238938
31 -0.00237625
32 -0.0023516
33 -0.00232378
34 -0.00227026
35 -0.00220567
36 -0.00219859
37 -0.00220434
38 -0.00220425
39 -0.00219219
40 -0.00218313
41 -0.00222835
42 -0.00221257
43 -0.00224988
44 -0.00231765
45 -0.00234272
46 -0.00231427
47 -0.00229019
