0 -0.000145371
1 0.00178101
2 0.00181669
3 0.0017808
4 0.00177421
5 0.00175366
6 0.00174091
7 0.00174512
8 0.00174114
9 0.00174114
10 0.00174697
11 0.00178241
12 0.00177535
13 0.00174448
14 0.00175855
15 0.00177057
16 0.00175406
17 0.00176261
18 0.00174471
19 0.00177831
20 0.00173748
21 0.00174731
22 0.00174272
23 0.0016964
24 -0.000325134
25 -0.00225124
26 -0.00228061
27 -0.00229477
28 -0.00231822
29 -0.00230874
30 -0.00230499
31 -0.00230414
32 -0.00228691
33 -0.00228442
34 -0.00230184
35 -0.00229982
36 -0.00228768
37 -0.00227012
38 -0.00227145
39 -0.00229226
40 -0.00229324
41 -0.00227224
42 -0.00229981
43 -0.00225954
44 -0.00230915
45 -0.00231076
46 -0.00232148
47 -0.00229975
