0 -3.71883e-06
1 0.00143961
2 0.00152715
3 0.00146954
4 0.00144292
5 0.00142874
6 0.00138355
7 0.00134832
8 0.0013017
9 0.00126126
10 0.0012447
11 0.00121313
12 0.0011961
13 0.00115636
14 0.0011307
15 0.00112454
16 0.0011136
17 0.00110716
18 0.00108148
19 0.00107301
20 0.00107803
21 0.00105739
22 0.00106749
23 0.00102624
24 -9.24756e-05
25 -0.00119966
26 -0.0012025
27 -0.0012018
28 -0.00117758
29 -0.00117662
30 -0.00118109
31 -0.00117366
32 -0.00118749
33 -0.00117401
34 -0.00118173
35 -0.00118105
36 -0.00119633
37 -0.00123439
38 -0.00124281
39 -0.00125701
40 -0.00128319
41 -0.00127774
42 -0.0013097
43 -0.00131747
44 -0.00135718
45 -0.00134555
46 -0.00133691
47 -0.00135546
