0 0.000291944
1 0.00129244
2 0.00127234
3 0.00126777
4 0.00124155
5 0.00117893
6 0.00115547
7 0.00121065
8 0.00121169
9 0.00121939
10 0.00115993
11 0.00114507
12 0.00112563
13 0.00110876
14 0.0011477
15 0.001153
16 0.00116931
17 0.00118481
18 0.0012012
19 0.001266
20 0.00133729
21 0.00143071
22 0.00145595
23 0.00148222
24 7.49225e-07
25 -0.00139842
26 -0.00143665
27 -0.00141074
28 -0.00138919
29 -0.00135966
30 -0.00137703
31 -0.00136584
32 -0.00137336
33 -0.00135312
34 -0.00133356
35 -0.00130231
36 -0.00129856
37 -0.00128581
38 -0.00125566
39 -0.00123426
40 -0.00122882
41 -0.00123301
42 -0.00121201
43 -0.00119939
44 -0.00124615
45 -0.00125046
46 -0.00124327
47 -0.00124419
