0 0.000110008
1 0.00198812
2 0.00196804
3 0.0019683
4 0.0019996
5 0.00198054
6 0.0019783
7 0.00200645
8 0.00204363
9 0.00211554
10 0.00217061
11 0.00224076
12 0.0022976
13 0.00226284
14 0.00232072
15 0.00231991
16 0.00233415
17 0.00233449
18 0.00231216
19 0.00227433
20 0.00229089
21 0.00234421
22 0.00225931
23 0.00219925
24 2.62264e-05
25 -0.00188615
26 -0.00191939
27 -0.00189977
28 -0.00188309
29 -0.00189795
30 -0.00189893
31 -0.00193475
32 -0.00195492
33 -0.00198621
34 -0.00197413
35 -0.00198122
36 -0.00201688
37 -0.00202642
38 -0.00201357
39 -0.00205373
40 -0.00203543
41 -0.00199373
42 -0.00197704
43 -0.00198931
44 -0.00203303
45 -0.00201981
46 -0.00197236
47 -0.00198963
