0 0.000292622
1 0.00198557
2 0.00195653
3 0.00188071
4 0.00183181
5 0.00177296
6 0.00173199
7 0.00171923
8 0.00168451
9 0.00169514
10 0.00165761
11 0.00167319
12 0.00162667
13 0.00163101
14 0.00164297
15 0.00165468
16 0.00164406
17 0.00162053
18 0.00160613
19 0.00159496
20 0.00161328
21 0.00163397
22 0.00166355
23 0.00165572
24 0.000242127
25 -0.0011101
26 -0.00112165
27 -0.00109289
28 -0.00106876
29 -0.00105474
30 -0.00102669
31 -0.0010333
32 -0.00106372
33 -0.00107131
34 -0.00109075
35 -0.00109375
36 -0.00113295
37 -0.0010998
38 -0.00107726
39 -0.00107149
40 -0.00109388
41 -0.00106414
42 -0.00105088
43 -0.000988819
44 -0.000992585
45 -0.00100962
46 -0.00100574
47 -0.000941741
