0 0.000749769
1 0.00221547
2 0.00228758
3 0.00226483
4 0.0022882
5 0.00233185
6 0.00233779
7 0.0023497
8 0.00234553
9 0.00238427
10 0.00241305
11 0.00242146
12 0.00244788
13 0.00245195
14 0.00244434
15 0.00243426
16 0.00243117
17 0.00240226
18 0.00242138
19 0.00238743
20 0.00235891
21 0.00234945
22 0.0023224
23 0.00226891
24 0.000341196
25 -0.00160727
26 -0.00166894
27 -0.00165839
28 -0.00165241
29 -0.00170961
30 -0.00165145
31 -0.00166189
32 -0.0016649
33 -0.00166706
34 -0.00163773
35 -0.00165144
36 -0.00161225
37 -0.00161374
38 -0.00162678
39 -0.00164351
40 -0.00159277
41 -0.00160459
42 -0.00159097
43 -0.00158129
44 -0.00156704
45 -0.00159314
46 -0.00151461
47 -0.00148952
