0 0.000741929
1 0.000948152
2 0.00102081
3 0.000993372
4 0.000997525
5 0.00101363
6 0.00105098
7 0.00109074
8 0.00113641
9 0.00113104
10 0.00112307
11 0.00112622
12 0.00107492
13 0.00105763
14 0.000993831
15 0.000987507
16 0.000976543
17 0.000984165
18 0.00099492
19 0.000996404
20 0.00102094
21 0.00103696
22 0.00108918
23 0.00108905
24 0.000124124
25 -0.000877622
26 -0.000854395
27 -0.000844771
28 -0.000813377
29 -0.00081913
30 -0.000852994
31 -0.000888698
32 -0.000924081
33 -0.000984829
34 -0.00103748
35 -0.00103852
36 -0.00105709
37 -0.00104627
38 -0.00103567
39 -0.00103998
40 -0.00103207
41 -0.00102774
42 -0.00109745
43 -0.00114638
44 -0.00117626
45 -0.00122994
46 -0.00124564
47 -0.00120511
