0 0.000148595
1 0.00171229
2 0.00178559
3 0.00178567
4 0.00174937
5 0.00176612
6 0.00177598
7 0.00180887
8 0.00178796
9 0.00179829
10 0.00177498
11 0.00177818
12 0.0017936
13 0.00179172
14 0.00175971
15 0.00176809
16 0.00177122
17 0.00180077
18 0.00177626
19 0.00176821
20 0.00177067
21 0.00177539
22 0.00175761
23 0.0017063
24 0.000220078
25 -0.00125804
26 -0.00131533
27 -0.00132003
28 -0.0013326
29 -0.00132012
30 -0.00133245
31 -0.00132516
32 -0.00132369
33 -0.00132649
34 -0.00132796
35 -0.00133482
36 -0.00133463
37 -0.00132965
38 -0.00133099
39 -0.00133197
40 -0.00130854
41 -0.00132008
42 -0.00132106
43 -0.0013174
44 -0.00132693
45 -0.00133706
46 -0.00130658
47 -0.00124382
