0 -0.000543116
1 0.00180067
2 0.00186757
3 0.00181966
4 0.00178798
5 0.00176101
6 0.00171892
7 0.00172747
8 0.00171525
9 0.00173233
10 0.00176441
11 0.00179091
12 0.00180828
13 0.00182696
14 0.00185721
15 0.00187573
16 0.00189104
17 0.00188992
18 0.00191593
19 0.00189223
20 0.00196932
21 0.00197258
22 0.00196349
23 0.00198255
24 -1.29498e-05
25 -0.00188974
26 -0.00189384
27 -0.00189388
28 -0.00188395
29 -0.00184708
30 -0.00183188
31 -0.00180151
32 -0.00183381
33 -0.00181865
34 -0.00183511
35 -0.00183904
36 -0.00185962
37 -0.00188064
38 -0.00190445
39 -0.00192391
40 -0.00197191
41 -0.00195687
42 -0.00201937
43 -0.00201898
44 -0.00205521
45 -0.00213396
46 -0.00219594
47 -0.00220441
