0 -0.0002581
1 0.00106823
2 0.00116101
3 0.00114013
4 0.001135
5 0.00114739
6 0.00116062
7 0.00115736
8 0.00115217
9 0.00116064
10 0.0011637
11 0.0011352
12 0.00115243
13 0.00115477
14 0.00117045
15 0.00118433
16 0.00119104
17 0.00121262
18 0.00122093
19 0.00123452
20 0.00123668
21 0.00122525
22 0.00124918
23 0.001218
24 -0.000185341
25 -0.00155631
26 -0.00158049
27 -0.0015558
28 -0.00154094
29 -0.00155562
30 -0.00152357
31 -0.00154279
32 -0.00152037
33 -0.00152375
34 -0.00151255
35 -0.00152588
36 -0.00154456
37 -0.00157293
38 -0.00155453
39 -0.00157505
40 -0.00158801
41 -0.00158243
42 -0.00160322
43 -0.00162655
44 -0.0016126
45 -0.00161333
46 -0.00161935
47 -0.00170667
