0 -0.000286285
1 0.00135824
2 0.00139772
3 0.0014662
4 0.00143679
5 0.00145249
6 0.00144395
7 0.00142433
8 0.00144088
9 0.00143533
10 0.0014525
11 0.00143076
12 0.00144742
13 0.00142809
14 0.00142277
15 0.00142719
16 0.00144664
17 0.00142938
18 0.0014424
19 0.0014222
20 0.00144634
21 0.00142581
22 0.00142925
23 0.00137864
24 1.38866e-05
25 -0.0013178
26 -0.00136986
27 -0.00138499
28 -0.00138979
29 -0.00138815
30 -0.00139483
31 -0.00140426
32 -0.00138556
33 -0.0013975
34 -0.00138223
35 -0.00137817
36 -0.00140128
37 -0.00138961
38 -0.00140899
39 -0.00140638
40 -0.00137503
41 -0.00136281
42 -0.00138902
43 -0.00138907
44 -0.00136986
45 -0.00136937
46 -0.0013564
47 -0.00131128
