0 0.000220643
1 0.00139738
2 0.00141859
3 0.00141229
4 0.00138639
5 0.00136118
6 0.00133059
7 0.00133918
8 0.00129333
9 0.00127592
10 0.00124739
11 0.00123901
12 0.00121917
13 0.00122126
14 0.00120647
15 0.00120762
16 0.00122014
17 0.00120977
18 0.00122323
19 0.00122929
20 0.00124369
21 0.00126332
22 0.00126396
23 0.00123296
24 -0.000195017
25 -0.00164116
26 -0.00163847
27 -0.00163529
28 -0.00163743
29 -0.00162138
30 -0.0016407
31 -0.00163873
32 -0.00163039
33 -0.0016502
34 -0.00164761
35 -0.00166794
36 -0.00168039
37 -0.0017072
38 -0.00172051
39 -0.00173436
40 -0.00174268
41 -0.00171885
42 -0.00171672
43 -0.00173548
44 -0.0017323
45 -0.00168705
46 -0.00166442
47 -0.00176438
