0 0.0001853
1 0.000798544
2 0.000806331
3 0.000783973
4 0.000769464
5 0.000766785
6 0.000791601
7 0.000803701
8 0.00080394
9 0.000791357
10 0.000803403
11 0.000773702
12 0.000776505
13 0.000765137
14 0.00075216
15 0.000755784
16 0.000772333
17 0.000780979
18 0.000810049
19 0.00082441
20 0.000857548
21 0.000866448
22 0.000897231
23 0.000904734
24 0.00019795
25 -0.000564403
26 -0.000525167
27 -0.000503401
28 -0.000484433
29 -0.00048382
30 -0.000475979
31 -0.000472874
32 -0.000476684
33 -0.000502747
34 -0.000512574
35 -0.000509733
36 -0.000514607
37 -0.000513999
38 -0.000521558
39 -0.000523099
40 -0.000514872
41 -0.000540924
42 -0.000559307
43 -0.000577446
44 -0.000627787
45 -0.000680825
46 -0.000692863
47 -0.000709015
