0 -0.000177089
1 0.00124439
2 0.00129305
3 0.00131323
4 0.00128383
5 0.00130206
6 0.00129715
7 0.00129198
8 0.00128336
9 0.00127412
10 0.00125241
11 0.00125804
12 0.00122872
13 0.00122536
14 0.00121994
15 0.0012161
16 0.00122066
17 0.00121259
18 0.00122447
19 0.00120091
20 0.00121786
21 0.00122599
22 0.00120925
23 0.00119115
24 -0.000434141
25 -0.00211767
26 -0.00212629
27 -0.00215242
28 -0.0021175
29 -0.00213891
30 -0.00211455
31 -0.00211993
32 -0.00210165
33 -0.00206924
34 -0.00207478
35 -0.00205121
36 -0.00203434
37 -0.00201823
38 -0.00203759
39 -0.00202376
40 -0.00197046
41 -0.00196863
42 -0.00196432
43 -0.00196352
44 -0.00190123
45 -0.00192879
46 -0.00189916
47 -0.00188313
