0 -0.000620804
1 0.00185191
2 0.00192582
3 0.00197411
4 0.00194892
5 0.00195249
6 0.00195243
7 0.00195624
8 0.00193693
9 0.00190718
10 0.00188799
11 0.00187576
12 0.00188106
13 0.00185888
14 0.00185647
15 0.00185242
16 0.00187195
17 0.00184964
18 0.00189744
19 0.00190272
20 0.00191025
21 0.00191735
22 0.00192882
23 0.00188356
24 8.81627e-05
25 -0.00192999
26 -0.00199855
27 -0.00197859
28 -0.00198812
29 -0.0020088
30 -0.00198056
31 -0.00200503
32 -0.00197552
33 -0.00197408
34 -0.00196505
35 -0.00196346
36 -0.00196186
37 -0.00195577
38 -0.00199297
39 -0.002005
40 -0.00203661
41 -0.0020557
42 -0.00208714
43 -0.00214619
44 -0.00220554
45 -0.00215307
46 -0.00213406
47 -0.00209527
