0 0.000152453
1 0.000735575
2 0.000681195
3 0.000620073
4 0.000536017
5 0.000508969
6 0.000464781
7 0.000468941
8 0.000440398
9 0.000425069
10 0.000414106
11 0.000414326
12 0.000416319
13 0.0004175
14 0.000418029
15 0.000387572
16 0.000386531
17 0.000379071
18 0.000379821
19 0.000401248
20 0.000389281
21 0.000394385
22 0.000380496
23 0.000400535
24 5.25751e-06
25 -0.000399771
26 -0.000389642
27 -0.000361333
28 -0.00035279
29 -0.000319041
30 -0.000338395
31 -0.000323187
32 -0.000352252
33 -0.000392293
34 -0.000417616
35 -0.000456991
36 -0.000517255
37 -0.000566715
38 -0.000604956
39 -0.000604741
40 -0.000609733
41 -0.000596182
42 -0.000633663
43 -0.000671941
44 -0.000706259
45 -0.000695563
46 -0.000683022
47 -0.00077498
