0 -0.000134713
1 0.000588633
2 0.000653098
3 0.000681881
4 0.000651804
5 0.000613775
6 0.000587357
7 0.000579604
8 0.000557233
9 0.000546487
10 0.000568056
11 0.000557518
12 0.0005897
13 0.000627079
14 0.000667082
15 0.000737174
16 0.000773442
17 0.000817544
18 0.000814568
19 0.000798237
20 0.000785871
21 0.000785296
22 0.000764552
23 0.000741089
24 0.0001627
25 -0.000436803
26 -0.000430969
27 -0.000434199
28 -0.000453984
29 -0.000472269
30 -0.000481863
31 -0.000513636
32 -0.000548733
33 -0.000529128
34 -0.000521551
35 -0.000522388
36 -0.000563311
37 -0.000617352
38 -0.00067103
39 -0.000712789
40 -0.000732902
41 -0.000755883
42 -0.000783488
43 -0.000816354
44 -0.000850975
45 -0.000871319
46 -0.000881702
47 -0.000822509
