0 0.000257981
1 0.000795305
2 0.000754089
3 0.000694429
4 0.000671707
5 0.000654431
6 0.000627843
7 0.000599638
8 0.000582521
9 0.000581124
10 0.000576321
11 0.00052752
12 0.000512341
13 0.000500649
14 0.000498991
15 0.000492705
16 0.000478049
17 0.000483335
18 0.000489169
19 0.000509095
20 0.000501271
21 0.000497461
22 0.000492071
23 0.000536755
24 -3.39132e-05
25 -0.000592021
26 -0.000536281
27 -0.00048163
28 -0.000427256
29 -0.000386444
30 -0.000338736
31 -0.000331064
32 -0.000319631
33 -0.000351382
34 -0.000411906
35 -0.000452593
36 -0.000484448
37 -0.000538652
38 -0.000602731
39 -0.000641036
40 -0.000636248
41 -0.000639106
42 -0.000616414
43 -0.000614797
44 -0.000638592
45 -0.000656585
46 -0.000643866
47 -0.000599278
