0 -8.77467e-05
1 0.00109786
2 0.00108433
3 0.00108055
4 0.00106696
5 0.00104529
6 0.00103056
7 0.00103582
8 0.0010649
9 0.00107175
10 0.00110938
11 0.00112336
12 0.00115219
13 0.00116702
14 0.00115759
15 0.0011579
16 0.00119476
17 0.00116974
18 0.00119269
19 0.00117909
20 0.00118372
21 0.00118644
22 0.00119887
23 0.00116375
24 0.000151546
25 -0.00087497
26 -0.000896099
27 -0.000894467
28 -0.000904411
29 -0.000887676
30 -0.000885408
31 -0.000881076
32 -0.000868691
33 -0.000871524
34 -0.00087033
35 -0.000877513
36 -0.00088803
37 -0.000889288
38 -0.000880138
39 -0.000874525
40 -0.000912741
41 -0.000914453
42 -0.000933343
43 -0.000958101
44 -0.00097359
45 -0.000986569
46 -0.00102996
47 -0.00101009
