0 -0.000431886
1 -0.000120129
2 -8.26972e-05
3 -5.22637e-05
4 -1.89693e-05
5 -5.81734e-06
6 4.78877e-06
7 3.0638e-05
8 7.94639e-05
9 0.000116134
10 0.00014094
11 0.000157626
12 0.000155771
13 0.000126207
14 9.27945e-05
15 7.7604e-05
16 6.89715e-05
17 7.85741e-05
18 7.82951e-05
19 6.61832e-05
20 4.19325e-05
21 3.82334e-05
22 2.77186e-05
23 3.13111e-05
24 -0.000242721
25 -0.000558707
26 -0.000564971
27 -0.000558038
28 -0.000546377
29 -0.000525294
30 -0.000528337
31 -0.000548299
32 -0.000572542
33 -0.000579595
34 -0.000603309
35 -0.000619871
36 -0.000624282
37 -0.000649941
38 -0.000659262
39 -0.000635937
40 -0.000635891
41 -0.000624007
42 -0.000628875
43 -0.00063044
44 -0.000632327
45 -0.000644642
46 -0.000687483
47 -0.000747573
