0 0.000204646
1 0.0010215
2 0.00107937
3 0.00107078
4 0.00103777
5 0.00103978
6 0.00103676
7 0.00103465
8 0.00104975
9 0.00106571
10 0.00107396
11 0.00105598
12 0.00106585
13 0.00105494
14 0.00106243
15 0.00106731
16 0.00106632
17 0.0010766
18 0.00106682
19 0.00107156
20 0.00107605
21 0.00107784
22 0.00105878
23 0.00103082
24 -6.82406e-05
25 -0.00116177
26 -0.00120404
27 -0.0012001
28 -0.00120124
29 -0.00121612
30 -0.0012187
31 -0.00121525
32 -0.00122456
33 -0.00124243
34 -0.00122633
35 -0.00123675
36 -0.00124612
37 -0.00124584
38 -0.0012145
39 -0.00124585
40 -0.00123668
41 -0.00124938
42 -0.00123918
43 -0.00123711
44 -0.00123514
45 -0.00121858
46 -0.00123886
47 -0.0012351
