0 0.000138942
1 0.000366977
2 0.000339912
3 0.000310641
4 0.000250309
5 0.00018256
6 0.000140878
7 8.40338e-05
8 6.39434e-05
9 7.2422e-05
10 6.82032e-05
11 6.09761e-05
12 6.19279e-05
13 6.51372e-05
14 7.25382e-05
15 7.10957e-05
16 0.000100591
17 0.00011938
18 0.000107171
19 0.000105881
20 9.24297e-05
21 0.000105089
22 0.000113219
23 0.000124931
24 -0.000158598
25 -0.000403545
26 -0.000385214
27 -0.000372181
28 -0.000372946
29 -0.000372041
30 -0.00037722
31 -0.000382517
32 -0.000382485
33 -0.000370975
34 -0.000381571
35 -0.000406928
36 -0.000412761
37 -0.000424758
38 -0.000444641
39 -0.000437179
40 -0.000451236
41 -0.000480358
42 -0.000458774
43 -0.000451765
44 -0.000423276
45 -0.00043059
46 -0.000446827
47 -0.000431776
