0 0.000534229
1 0.00263988
2 0.00261922
3 0.00275489
4 0.0027519
5 0.00276643
6 0.00274125
7 0.00274318
8 0.00275149
9 0.00279548
10 0.00282454
11 0.00286616
12 0.00287325
13 0.00289095
14 0.0028603
15 0.00288651
16 0.00286512
17 0.00286025
18 0.00285284
19 0.00285063
20 0.00284336
21 0.00282884
22 0.00287289
23 0.00280639
24 0.000314403
25 -0.00222011
26 -0.00229781
27 -0.00229128
28 -0.00231602
29 -0.00230785
30 -0.00227407
31 -0.00225818
32 -0.00224521
33 -0.0022404
34 -0.00223497
35 -0.00223873
36 -0.00225038
37 -0.00227275
38 -0.00226659
39 -0.00227875
40 -0.00226639
41 -0.00224624
42 -0.00224707
43 -0.00225707
44 -0.00227492
45 -0.0022604
46 -0.00231413
47 -0.00214324
