0 0.000162966
1 0.00271603
2 0.00274507
3 0.0027982
4 0.00281309
5 0.00278149
6 0.00280529
7 0.00278939
8 0.00280484
9 0.00277826
10 0.00282493
11 0.00279932
12 0.00280606
13 0.00281018
14 0.00281325
15 0.00279099
16 0.00279543
17 0.00281691
18 0.00278014
19 0.00281392
20 0.00276436
21 0.00278609
22 0.00277646
23 0.00269042
24 0.000272911
25 -0.00200561
26 -0.00204897
27 -0.002077
28 -0.002079
29 -0.00208879
30 -0.00207916
31 -0.00206294
32 -0.00205525
33 -0.00206396
34 -0.00205156
35 -0.00208193
36 -0.00208152
37 -0.00205098
38 -0.00204087
39 -0.00205364
40 -0.00205439
41 -0.00208171
42 -0.00210403
43 -0.00207471
44 -0.00207707
45 -0.00210698
46 -0.00199189
47 -0.002021
