0 -0.000263922
1 0.00199855
2 0.00197323
3 0.00195965
4 0.00193468
5 0.00191934
6 0.00186031
7 0.00187564
8 0.00184394
9 0.00185823
10 0.00185578
11 0.00179495
12 0.00182583
13 0.00182724
14 0.00178098
15 0.00180641
16 0.00179426
17 0.00175462
18 0.00174717
19 0.00174727
20 0.00177032
21 0.0017176
22 0.00170566
23 0.00164488
24 -0.000150885
25 -0.00192412
26 -0.00196641
27 -0.00197711
28 -0.00202289
29 -0.0020176
30 -0.00205001
31 -0.00205626
32 -0.00208198
33 -0.00210851
34 -0.00206695
35 -0.00209248
36 -0.00207127
37 -0.00209255
38 -0.00206703
39 -0.00204266
40 -0.0020374
41 -0.00204022
42 -0.00202053
43 -0.00209818
44 -0.00206778
45 -0.00203771
46 -0.00206795
47 -0.00209018
