0 -0.000117856
1 0.00143322
2 0.00151048
3 0.00149562
4 0.00146304
5 0.00146211
6 0.00146229
7 0.00144248
8 0.00142989
9 0.00141805
10 0.00143207
11 0.00144345
12 0.00144615
13 0.00145912
14 0.00148045
15 0.00151991
16 0.00154057
17 0.00154977
18 0.00156351
19 0.00157169
20 0.0015944
21 0.00159509
22 0.0015964
23 0.00155777
24 5.46445e-06
25 -0.0016454
26 -0.00165863
27 -0.00168859
28 -0.00171567
29 -0.00171105
30 -0.00168745
31 -0.00171837
32 -0.00171054
33 -0.00171521
34 -0.00169463
35 -0.00165879
36 -0.00165882
37 -0.00164448
38 -0.0016276
39 -0.00160802
40 -0.00162533
41 -0.0016118
42 -0.00161228
43 -0.00160155
44 -0.00159678
45 -0.00162699
46 -0.00165257
47 -0.00163299
