0 -0.000354034
1 0.0015996
2 0.00149556
3 0.00136096
4 0.0013498
5 0.00128873
6 0.00130752
7 0.00121379
8 0.0012479
9 0.00121142
10 0.00122277
11 0.00122801
12 0.0012535
13 0.00129398
14 0.00132706
15 0.00138811
16 0.00142031
17 0.0014702
18 0.00148012
19 0.00153662
20 0.00153743
21 0.00154504
22 0.00160007
23 0.00163662
24 -0.000162812
25 -0.00196656
26 -0.00188374
27 -0.00186235
28 -0.00183372
29 -0.0018185
30 -0.00178745
31 -0.00174514
32 -0.00177873
33 -0.001743
34 -0.00176429
35 -0.00181664
36 -0.001871
37 -0.00193497
38 -0.00193965
39 -0.00197491
40 -0.00199641
41 -0.00204943
42 -0.00211838
43 -0.00208244
44 -0.00212144
45 -0.00213215
46 -0.00217271
47 -0.00227258
