0 0.000515215
1 0.00147484
2 0.0016063
3 0.00161596
4 0.00157968
5 0.00158032
6 0.00154405
7 0.00146684
8 0.00140462
9 0.00135555
10 0.00132093
11 0.00127235
12 0.0012624
13 0.00124531
14 0.00125483
15 0.00123519
16 0.00126081
17 0.00127952
18 0.00127474
19 0.00132019
20 0.00130799
21 0.00132608
22 0.00135031
23 0.00135218
24 0.000420286
25 -0.00057997
26 -0.00059645
27 -0.000577015
28 -0.000567341
29 -0.000531955
30 -0.000522817
31 -0.000531941
32 -0.00051785
33 -0.000534137
34 -0.000561261
35 -0.000570278
36 -0.000595274
37 -0.000597665
38 -0.000590123
39 -0.000618137
40 -0.000631057
41 -0.000625067
42 -0.0006327
43 -0.000598614
44 -0.00057025
45 -0.000579073
46 -0.00058762
47 -0.000507496
