0 -0.000886033
1 0.00155757
2 0.00165967
3 0.00164623
4 0.00164262
5 0.00162467
6 0.00160094
7 0.00156533
8 0.00155779
9 0.00156046
10 0.00155588
11 0.0015448
12 0.00155584
13 0.00155445
14 0.0015398
15 0.00154672
16 0.00152395
17 0.0015458
18 0.00151348
19 0.00149547
20 0.00149768
21 0.001472
22 0.00149036
23 0.00143607
24 -0.000542208
25 -0.00245941
26 -0.00250904
27 -0.00254484
28 -0.00253366
29 -0.00256006
30 -0.00255404
31 -0.00255142
32 -0.00255185
33 -0.00254427
34 -0.00254599
35 -0.00258944
36 -0.00257831
37 -0.00259851
38 -0.00262152
39 -0.0026233
40 -0.00263007
41 -0.0026598
42 -0.00266424
43 -0.00268562
44 -0.00267825
45 -0.00273377
46 -0.00266279
47 -0.00263684
