0 -2.38639e-05
1 0.00109534
2 0.00109208
3 0.00109328
4 0.00110322
5 0.00114188
6 0.00114817
7 0.00114755
8 0.00116654
9 0.00115766
10 0.00113402
11 0.00111445
12 0.00113077
13 0.00110887
14 0.00110989
15 0.00112958
16 0.00119465
17 0.00120123
18 0.00124964
19 0.00125833
20 0.00127973
21 0.00129722
22 0.00133531
23 0.00135541
24 0.000451261
25 -0.000390389
26 -0.000401546
27 -0.000383396
28 -0.00036955
29 -0.0003818
30 -0.000383274
31 -0.000402098
32 -0.000418461
33 -0.000445063
34 -0.000487901
35 -0.000541513
36 -0.000570902
37 -0.000634298
38 -0.000686515
39 -0.000745004
40 -0.000786393
41 -0.000833623
42 -0.000888923
43 -0.000911712
44 -0.000947031
45 -0.00103283
46 -0.00105493
47 -0.0010762
