0 0.000116855
1 0.00153192
2 0.00147298
3 0.00147995
4 0.00147483
5 0.00147696
6 0.00149938
7 0.00148463
8 0.00145063
9 0.00145958
10 0.0014792
11 0.00146793
12 0.00144489
13 0.00145257
14 0.00144934
15 0.00144227
16 0.00145798
17 0.00144871
18 0.00147022
19 0.00145654
20 0.00144427
21 0.0014404
22 0.0014476
23 0.00140153
24 6.79042e-05
25 -0.00125743
26 -0.00127048
27 -0.00128214
28 -0.00128464
29 -0.00129329
30 -0.00129638
31 -0.00129487
32 -0.00130572
33 -0.00132139
34 -0.00134274
35 -0.00134881
36 -0.00137347
37 -0.00138996
38 -0.00140023
39 -0.0014054
40 -0.00140501
41 -0.00141358
42 -0.00142594
43 -0.00144452
44 -0.00144445
45 -0.00144799
46 -0.00146787
47 -0.00139496
