0 3.96258e-05
1 0.000949243
2 0.000899416
3 0.000850982
4 0.000801595
5 0.00075687
6 0.000709809
7 0.000666018
8 0.000639064
9 0.000614416
10 0.000583011
11 0.000615715
12 0.000624861
13 0.000660675
14 0.000680231
15 0.000722307
16 0.000734842
17 0.000747821
18 0.000751048
19 0.000773121
20 0.000772944
21 0.000791937
22 0.00079906
23 0.000787226
24 -0.000131089
25 -0.00106013
26 -0.00110277
27 -0.00110082
28 -0.00111763
29 -0.00112731
30 -0.00114467
31 -0.00116253
32 -0.0012172
33 -0.00127042
34 -0.00132546
35 -0.00139816
36 -0.0014124
37 -0.0014356
38 -0.00143511
39 -0.00144369
40 -0.00145824
41 -0.00144584
42 -0.00145617
43 -0.00147234
44 -0.00153765
45 -0.00154652
46 -0.00157768
47 -0.00159028
