0 0.000123623
1 0.00104459
2 0.00101435
3 0.00103016
4 0.000990935
5 0.000954503
6 0.000940063
7 0.000929898
8 0.000911055
9 0.000905114
10 0.000873523
11 0.000798551
12 0.000710079
13 0.000610521
14 0.000527211
15 0.000443832
16 0.0004328
17 0.000406144
18 0.000442496
19 0.000434609
20 0.000478648
21 0.000526904
22 0.000588282
23 0.000680998
24 -0.000433014
25 -0.00145352
26 -0.00139259
27 -0.00130407
28 -0.00121212
29 -0.00114936
30 -0.00108111
31 -0.00102332
32 -0.000971318
33 -0.000900964
34 -0.000838029
35 -0.000862568
36 -0.0008648
37 -0.000838521
38 -0.000857055
39 -0.00079948
40 -0.00077676
41 -0.000773592
42 -0.000790902
43 -0.00082794
44 -0.000852184
45 -0.000908795
46 -0.000978252
47 -0.00111958
