0 0.000237473
1 0.00114296
2 0.00118611
3 0.00116911
4 0.00119977
5 0.0012005
6 0.00118778
7 0.00118034
8 0.00115127
9 0.001085
10 0.00102796
11 0.000996805
12 0.0009576
13 0.000905451
14 0.000856417
15 0.000794274
16 0.000751203
17 0.000729518
18 0.000711641
19 0.000712561
20 0.000717321
21 0.000724965
22 0.000717107
23 0.000743097
24 -0.000272731
25 -0.00126268
26 -0.00122737
27 -0.00119923
28 -0.00118519
29 -0.00115539
30 -0.00114133
31 -0.00112135
32 -0.00110948
33 -0.00111732
34 -0.00109769
35 -0.00109883
36 -0.00109874
37 -0.00104015
38 -0.00101221
39 -0.00100162
40 -0.000987523
41 -0.000999593
42 -0.000993642
43 -0.000997635
44 -0.00100712
45 -0.00104451
46 -0.00100814
47 -0.000991179
