0 -0.000232227
1 0.000358166
2 0.000357444
3 0.000356307
4 0.000348298
5 0.000378805
6 0.000392713
7 0.000387835
8 0.000349657
9 0.000299539
10 0.00025643
11 0.000250347
12 0.000234989
13 0.000218757
14 0.000210606
15 0.000213756
16 0.000240611
17 0.000252975
18 0.000260424
19 0.000269865
20 0.000278919
21 0.000314576
22 0.00035254
23 0.000386897
24 -6.02301e-05
25 -0.000467497
26 -0.000462664
27 -0.000485071
28 -0.000486608
29 -0.000494245
30 -0.000508758
31 -0.000542103
32 -0.000617177
33 -0.000673665
34 -0.000708951
35 -0.000758154
36 -0.00075047
37 -0.000680774
38 -0.000626642
39 -0.000544097
40 -0.000501385
41 -0.000472682
42 -0.000460763
43 -0.00048609
44 -0.000529565
45 -0.00055541
46 -0.000615477
47 -0.000705097
