0 0.000102196
1 0.0016782
2 0.00172413
3 0.00168314
4 0.00165564
5 0.00168444
6 0.00164724
7 0.00167809
8 0.00162198
9 0.00162011
10 0.00157847
11 0.00156658
12 0.00156726
13 0.00154963
14 0.00152028
15 0.00150926
16 0.001494
17 0.00150411
18 0.00151263
19 0.00151623
20 0.00150814
21 0.00154337
22 0.00153836
23 0.00149239
24 -0.000197293
25 -0.00179551
26 -0.00181424
27 -0.00179349
28 -0.00177568
29 -0.00178638
30 -0.00180504
31 -0.00182388
32 -0.00182016
33 -0.00179005
34 -0.00181075
35 -0.00179228
36 -0.00182781
37 -0.00184552
38 -0.001827
39 -0.00182874
40 -0.00182845
41 -0.00182383
42 -0.00181121
43 -0.00181674
44 -0.00182649
45 -0.00185261
46 -0.00186682
47 -0.00191134
