0 0.000159245
1 0.000729304
2 0.000790751
3 0.000755784
4 0.000716351
5 0.000713158
6 0.000718486
7 0.000708876
8 0.000693311
9 0.000676041
10 0.000710303
11 0.000720189
12 0.00069844
13 0.000699064
14 0.000713709
15 0.000738253
16 0.000767854
17 0.000765216
18 0.000795081
19 0.00081066
20 0.000843998
21 0.000857782
22 0.000895598
23 0.000941936
24 -0.000131882
25 -0.00120114
26 -0.00117122
27 -0.00115043
28 -0.00114044
29 -0.00112325
30 -0.00114768
31 -0.00112693
32 -0.00111293
33 -0.00102633
34 -0.000990782
35 -0.000894388
36 -0.000794373
37 -0.000683557
38 -0.00062066
39 -0.000586381
40 -0.000549958
41 -0.000498716
42 -0.00045454
43 -0.000380513
44 -0.000382469
45 -0.00040961
46 -0.000454135
47 -0.000553369
