0 0.000653578
1 0.00194901
2 0.00181304
3 0.00176319
4 0.00171212
5 0.00162062
6 0.00153404
7 0.00145765
8 0.00137989
9 0.0013718
10 0.00132344
11 0.00131721
12 0.00125288
13 0.0012084
14 0.00118898
15 0.00119907
16 0.00118939
17 0.00123212
18 0.00124528
19 0.00120581
20 0.0011889
21 0.00113432
22 0.00111621
23 0.00102853
24 -0.000112406
25 -0.0011376
26 -0.00120784
27 -0.00121118
28 -0.00123077
29 -0.00123462
30 -0.00119716
31 -0.0012104
32 -0.00117794
33 -0.00114965
34 -0.00111096
35 -0.00107591
36 -0.00106031
37 -0.000991706
38 -0.000932047
39 -0.000898062
40 -0.000892264
41 -0.000884765
42 -0.000851886
43 -0.000852305
44 -0.000837456
45 -0.000806044
46 -0.000807321
47 -0.000730489
