0 -3.72904e-05
1 0.00175515
2 0.00184601
3 0.00184913
4 0.00180921
5 0.00184433
6 0.00183263
7 0.00179557
8 0.00182713
9 0.00180558
10 0.00178786
11 0.00173762
12 0.00173312
13 0.00169038
14 0.00167866
15 0.00167381
16 0.00168792
17 0.00169021
18 0.00166923
19 0.00171551
20 0.00169484
21 0.00169594
22 0.00171711
23 0.00167587
24 -3.40334e-05
25 -0.00171968
26 -0.00176974
27 -0.00176407
28 -0.00177652
29 -0.00176519
30 -0.00178586
31 -0.0017699
32 -0.00177277
33 -0.00177571
34 -0.00179464
35 -0.00181807
36 -0.00183058
37 -0.00184364
38 -0.00187932
39 -0.00184653
40 -0.00188072
41 -0.00186634
42 -0.00185442
43 -0.00186052
44 -0.00187187
45 -0.00182916
46 -0.00178416
47 -0.00171416
