0 0.000111532
1 0.0011418
2 0.00122142
3 0.00129774
4 0.00133939
5 0.00137909
6 0.00140304
7 0.00139533
8 0.00144294
9 0.0013993
10 0.00140756
11 0.00141493
12 0.00140585
13 0.00138878
14 0.00138407
15 0.00135044
16 0.00133625
17 0.00135723
18 0.00138736
19 0.00139592
20 0.00143035
21 0.00148058
22 0.00151571
23 0.00154775
24 0.000471098
25 -0.000676423
26 -0.000698676
27 -0.000708134
28 -0.000740076
29 -0.000736106
30 -0.000761913
31 -0.000769748
32 -0.00076417
33 -0.00077908
34 -0.000776872
35 -0.000758156
36 -0.000756789
37 -0.000749511
38 -0.000741661
39 -0.000743922
40 -0.000746841
41 -0.000736279
42 -0.000726962
43 -0.000712284
44 -0.000740675
45 -0.000759282
46 -0.000787458
47 -0.000771884
