0 9.1875e-05
1 0.0011268
2 0.00123046
3 0.00118111
4 0.00116464
5 0.00121293
6 0.0011985
7 0.00122551
8 0.00123031
9 0.00122327
10 0.00118445
11 0.00115494
12 0.00120673
13 0.00120073
14 0.0011748
15 0.00116252
16 0.00115481
17 0.00116865
18 0.00110795
19 0.00110704
20 0.00108461
21 0.00107706
22 0.00109601
23 0.0010813
24 -0.00022483
25 -0.00139887
26 -0.00140273
27 -0.00134938
28 -0.00131585
29 -0.00128077
30 -0.00125142
31 -0.00120889
32 -0.00118062
33 -0.00116534
34 -0.00117598
35 -0.00116548
36 -0.00118239
37 -0.00118566
38 -0.0011601
39 -0.00119436
40 -0.00116894
41 -0.00119111
42 -0.00116939
43 -0.00115049
44 -0.00112974
45 -0.00113267
46 -0.00110493
47 -0.0010315
