0 0.000289601
1 0.00135578
2 0.00132552
3 0.00138849
4 0.00138675
5 0.00137836
6 0.00137827
7 0.00144399
8 0.00142323
9 0.00145269
10 0.0014417
11 0.00146129
12 0.00146761
13 0.00142024
14 0.00137052
15 0.00137799
16 0.00138832
17 0.00137841
18 0.00139376
19 0.00144903
20 0.00144894
21 0.00148305
22 0.0015786
23 0.00162333
24 0.000468784
25 -0.000599183
26 -0.000595529
27 -0.000579268
28 -0.000584487
29 -0.000570587
30 -0.000557608
31 -0.000579806
32 -0.000596085
33 -0.000616334
34 -0.000663164
35 -0.000679725
36 -0.000700185
37 -0.000728209
38 -0.000759295
39 -0.000799985
40 -0.000807584
41 -0.000806338
42 -0.000768596
43 -0.000761264
44 -0.000723728
45 -0.000763832
46 -0.000780786
47 -0.000792869
