0 0.000203393
1 0.00238984
2 0.00245301
3 0.0025076
4 0.00250975
5 0.00251714
6 0.00251364
7 0.00253006
8 0.0025614
9 0.00256222
10 0.00256778
11 0.00255542
12 0.00257499
13 0.00259901
14 0.00262627
15 0.00261068
16 0.00260011
17 0.00261776
18 0.00263608
19 0.00265731
20 0.00263912
21 0.0026802
22 0.00266071
23 0.00260903
24 -0.000128827
25 -0.00280943
26 -0.00284434
27 -0.00285367
28 -0.00287069
29 -0.00284063
30 -0.00278743
31 -0.00276392
32 -0.00271383
33 -0.00269257
34 -0.0026858
35 -0.00265644
36 -0.00263446
37 -0.0026357
38 -0.00258767
39 -0.00255792
40 -0.00255071
41 -0.00255138
42 -0.00245169
43 -0.00243653
44 -0.00239412
45 -0.00237124
46 -0.00237678
47 -0.00229321
