0 -0.00044528
1 0.00132581
2 0.00129205
3 0.00129004
4 0.00126796
5 0.00125957
6 0.00126617
7 0.00126274
8 0.00124862
9 0.00122058
10 0.00121511
11 0.00124092
12 0.00123912
13 0.00124942
14 0.00125117
15 0.00128002
16 0.00129044
17 0.00131737
18 0.00133749
19 0.00134438
20 0.00136434
21 0.00138684
22 0.00138515
23 0.00138923
24 -0.000139009
25 -0.00181038
26 -0.00191939
27 -0.00188917
28 -0.00190954
29 -0.00193119
30 -0.00193897
31 -0.00196676
32 -0.00201281
33 -0.00201561
34 -0.00202583
35 -0.00201215
36 -0.00201438
37 -0.00201682
38 -0.00201984
39 -0.00206091
40 -0.00206477
41 -0.00213081
42 -0.0021473
43 -0.00217926
44 -0.00224753
45 -0.00233825
46 -0.00244176
47 -0.0025043
