0 0.000272211
1 0.00186981
2 0.00183058
3 0.00172698
4 0.00170159
5 0.00166397
6 0.00165605
7 0.00166598
8 0.00165398
9 0.00163073
10 0.00161654
11 0.00161417
12 0.00155671
13 0.00154836
14 0.00153148
15 0.00152153
16 0.00153736
17 0.0015016
18 0.0014975
19 0.00149085
20 0.00152597
21 0.00153731
22 0.00153729
23 0.00151294
24 0.000176131
25 -0.00123899
26 -0.00127093
27 -0.00125428
28 -0.001252
29 -0.00125573
30 -0.00125612
31 -0.0012635
32 -0.00125568
33 -0.00126782
34 -0.00126578
35 -0.00127477
36 -0.00126493
37 -0.00127052
38 -0.00129583
39 -0.00131855
40 -0.00132757
41 -0.00129756
42 -0.00132861
43 -0.0013253
44 -0.00136109
45 -0.00135429
46 -0.00141534
47 -0.00147371
