0 0.000103308
1 0.00137196
2 0.00126538
3 0.00123292
4 0.00124951
5 0.00125023
6 0.00124609
7 0.00121162
8 0.00118942
9 0.00117406
10 0.0011708
11 0.00115003
12 0.00110752
13 0.00107305
14 0.00105053
15 0.00104946
16 0.00101699
17 0.00102971
18 0.00104918
19 0.00106504
20 0.00109637
21 0.00109005
22 0.0011187
23 0.00111516
24 -0.000349758
25 -0.00171081
26 -0.00169971
27 -0.00170961
28 -0.00170297
29 -0.0016839
30 -0.00168328
31 -0.00167238
32 -0.00168981
33 -0.00168863
34 -0.00172058
35 -0.00170156
36 -0.00169824
37 -0.00168275
38 -0.00165718
39 -0.00162908
40 -0.00160937
41 -0.00163615
42 -0.00161635
43 -0.0016627
44 -0.00169757
45 -0.00174029
46 -0.00175547
47 -0.00173418
