0 0.0004061
1 0.00134513
2 0.00136599
3 0.00135373
4 0.00136593
5 0.00134533
6 0.00139078
7 0.00140366
8 0.0014354
9 0.00142904
10 0.00142681
11 0.00142286
12 0.00145141
13 0.00142086
14 0.00141078
15 0.00142884
16 0.00146025
17 0.00147832
18 0.00150145
19 0.0015306
20 0.00154228
21 0.00154188
22 0.00157308
23 0.00156227
24 0.000204598
25 -0.00114519
26 -0.00116731
27 -0.00113399
28 -0.00114632
29 -0.00110015
30 -0.00105095
31 -0.00105166
32 -0.0010237
33 -0.00100856
34 -0.000993573
35 -0.000992432
36 -0.000957788
37 -0.000924362
38 -0.000900731
39 -0.00087402
40 -0.000863706
41 -0.00088633
42 -0.000858999
43 -0.000866297
44 -0.00086652
45 -0.000832204
46 -0.000795071
47 -0.000728523
