0 0.000329723
1 0.00169926
2 0.00162002
3 0.00151441
4 0.00142557
5 0.00131994
6 0.00125376
7 0.00120865
8 0.00112257
9 0.00107741
10 0.000989467
11 0.000949064
12 0.0008742
13 0.000847781
14 0.000858704
15 0.000863166
16 0.000849356
17 0.000832934
18 0.000816917
19 0.000788359
20 0.00080352
21 0.000820254
22 0.000874399
23 0.000904636
24 3.62515e-05
25 -0.000785584
26 -0.000774942
27 -0.00071995
28 -0.000674338
29 -0.000651286
30 -0.000621914
31 -0.000625782
32 -0.000652166
33 -0.000671198
34 -0.000699466
35 -0.000715653
36 -0.000741672
37 -0.000701329
38 -0.000646551
39 -0.000612188
40 -0.00060436
41 -0.000553056
42 -0.000512045
43 -0.000428967
44 -0.000410163
45 -0.000442906
46 -0.000438308
47 -0.00039605
