0 8.82648e-05
1 0.000749086
2 0.000690979
3 0.000690978
4 0.000678672
5 0.000666546
6 0.000656785
7 0.000660402
8 0.000653269
9 0.00063745
10 0.000629919
11 0.000623535
12 0.000616087
13 0.000601313
14 0.000602481
15 0.000606105
16 0.000588246
17 0.000589138
18 0.000585708
19 0.000591446
20 0.000606693
21 0.000606659
22 0.000632095
23 0.0006329
24 0.000113364
25 -0.000443368
26 -0.000436441
27 -0.000415624
28 -0.000413263
29 -0.000403535
30 -0.000417144
31 -0.000431934
32 -0.000453173
33 -0.000453347
34 -0.000462199
35 -0.000460092
36 -0.000460332
37 -0.000444853
38 -0.000445194
39 -0.000434154
40 -0.000443339
41 -0.000453647
42 -0.000467693
43 -0.000508525
44 -0.000523721
45 -0.000551842
46 -0.000586599
47 -0.000615687
