0 9.37362e-05
1 0.00124039
2 0.00112314
3 0.00108441
4 0.00110554
5 0.00110463
6 0.00109581
7 0.00106588
8 0.0010369
9 0.00101536
10 0.00100077
11 0.000967019
12 0.000917503
13 0.000885627
14 0.000860493
15 0.000854244
16 0.000824303
17 0.000840538
18 0.000868314
19 0.000886434
20 0.00091632
21 0.000911819
22 0.00094139
23 0.000943757
24 -0.000340333
25 -0.00151664
26 -0.00149159
27 -0.00149276
28 -0.00148511
29 -0.00146635
30 -0.0014684
31 -0.00145359
32 -0.00146908
33 -0.00146345
34 -0.00148596
35 -0.00146445
36 -0.00145083
37 -0.00143368
38 -0.00140092
39 -0.00136249
40 -0.00133474
41 -0.00134998
42 -0.00133326
43 -0.00138123
44 -0.00142332
45 -0.00148057
46 -0.00150885
47 -0.00151671
