0 0.000167136
1 0.00225436
2 0.00224733
3 0.00227038
4 0.00230899
5 0.00229096
6 0.00227887
7 0.00229095
8 0.00230412
9 0.00235468
10 0.00238697
11 0.00243232
12 0.00248436
13 0.00244097
14 0.00249309
15 0.0024937
16 0.00251091
17 0.00251654
18 0.00248287
19 0.00245028
20 0.002474
21 0.00252907
22 0.00244806
23 0.00238247
24 -1.75022e-05
25 -0.00214484
26 -0.0022068
27 -0.00219946
28 -0.00219368
29 -0.00220721
30 -0.00219703
31 -0.00221672
32 -0.00222115
33 -0.0022332
34 -0.00221344
35 -0.00220946
36 -0.00224185
37 -0.00225095
38 -0.00223078
39 -0.00227249
40 -0.00225674
41 -0.00221551
42 -0.00221257
43 -0.00223172
44 -0.00227244
45 -0.00224552
46 -0.00219172
47 -0.00219263
