0 -0.00040613
1 0.00136739
2 0.00136937
3 0.00137031
4 0.0013508
5 0.001289
6 0.00125344
7 0.00121969
8 0.00120235
9 0.00118195
10 0.00115915
11 0.00113281
12 0.00109116
13 0.00110286
14 0.0010913
15 0.00108522
16 0.00104818
17 0.00104012
18 0.00103989
19 0.00105858
20 0.00105634
21 0.00106395
22 0.00107257
23 0.00105367
24 -0.000273395
25 -0.00158641
26 -0.00160685
27 -0.00156812
28 -0.00154967
29 -0.00156667
30 -0.00156102
31 -0.00159079
32 -0.00157417
33 -0.00156995
34 -0.00153406
35 -0.00156815
36 -0.00153703
37 -0.00153266
38 -0.00151529
39 -0.00153378
40 -0.00152439
41 -0.00151744
42 -0.00153466
43 -0.00154793
44 -0.00153436
45 -0.0015198
46 -0.0015104
47 -0.0014459
