0 -0.000229489
1 0.000722711
2 0.000659992
3 0.000633141
4 0.000626204
5 0.00061964
6 0.000621611
7 0.000576433
8 0.000537084
9 0.000545322
10 0.000561591
11 0.000562623
12 0.000549221
13 0.000550799
14 0.000545617
15 0.000545014
16 0.000519935
17 0.000530538
18 0.000530106
19 0.000499768
20 0.000482004
21 0.000474084
22 0.000476029
23 0.000424978
24 -0.000694705
25 -0.00177602
26 -0.00179731
27 -0.00181228
28 -0.00186393
29 -0.00180864
30 -0.00180045
31 -0.00174107
32 -0.00169718
33 -0.00161723
34 -0.00155989
35 -0.00148146
36 -0.00140815
37 -0.00132835
38 -0.00128489
39 -0.00123226
40 -0.00118894
41 -0.00118296
42 -0.00119173
43 -0.0012183
44 -0.00129779
45 -0.00138563
46 -0.00145636
47 -0.00158603
