0 -0.000129248
1 0.00200997
2 0.00197386
3 0.00199944
4 0.00199635
5 0.002022
6 0.00200136
7 0.00203809
8 0.00204246
9 0.00205913
10 0.00204449
11 0.00205478
12 0.00204051
13 0.0020824
14 0.00211794
15 0.00210868
16 0.0020614
17 0.0020701
18 0.0021033
19 0.00206958
20 0.00206749
21 0.00204648
22 0.00205242
23 0.00200715
24 -0.000362964
25 -0.00263024
26 -0.0026924
27 -0.00268873
28 -0.00267064
29 -0.00267252
30 -0.00266878
31 -0.00265705
32 -0.00264962
33 -0.00263469
34 -0.00264079
35 -0.00264107
36 -0.00269199
37 -0.00266552
38 -0.0027028
39 -0.00268451
40 -0.0026594
41 -0.00266464
42 -0.00269847
43 -0.00261256
44 -0.0026531
45 -0.00264799
46 -0.00267109
47 -0.00267404
