0 0.000494674
1 0.0015929
2 0.00156618
3 0.00149008
4 0.00144825
5 0.00140882
6 0.00142323
7 0.00142787
8 0.00142397
9 0.00143575
10 0.00140918
11 0.00139082
12 0.00136121
13 0.00138923
14 0.00140444
15 0.00144922
16 0.00148702
17 0.00153107
18 0.00153947
19 0.00158799
20 0.00161927
21 0.00169496
22 0.00173785
23 0.00178066
24 0.000316639
25 -0.00108986
26 -0.00103591
27 -0.000962387
28 -0.000914385
29 -0.000907604
30 -0.000900083
31 -0.000899014
32 -0.000896299
33 -0.000892108
34 -0.000904732
35 -0.000885254
36 -0.000924426
37 -0.000993343
38 -0.0009985
39 -0.00101971
40 -0.00105734
41 -0.00107144
42 -0.00110264
43 -0.00109246
44 -0.0010925
45 -0.00113305
46 -0.00123052
47 -0.00122752
