0 0.000424544
1 0.00139839
2 0.00133057
3 0.00123876
4 0.00111109
5 0.00103938
6 0.00102173
7 0.00101746
8 0.000988668
9 0.000990964
10 0.000966102
11 0.000983964
12 0.00100896
13 0.00105067
14 0.00111145
15 0.00111525
16 0.0011584
17 0.00118447
18 0.00119661
19 0.00116904
20 0.00122026
21 0.00119709
22 0.00124859
23 0.00130467
24 0.000345365
25 -0.000586029
26 -0.000562034
27 -0.000564248
28 -0.000554965
29 -0.000574777
30 -0.000548264
31 -0.000545848
32 -0.000578429
33 -0.000587939
34 -0.000530982
35 -0.000479013
36 -0.000466516
37 -0.000487162
38 -0.000513312
39 -0.000539171
40 -0.000593934
41 -0.000650536
42 -0.000689717
43 -0.000691042
44 -0.000711842
45 -0.000796508
46 -0.000816239
47 -0.000955243
