0 6.7876e-05
1 0.00173826
2 0.00171209
3 0.00169259
4 0.00171617
5 0.00169843
6 0.00170462
7 0.00174432
8 0.00179992
9 0.00188816
10 0.00195845
11 0.0020434
12 0.00209646
13 0.00206254
14 0.0021173
15 0.00211204
16 0.0021204
17 0.0021126
18 0.00210149
19 0.00205994
20 0.00207179
21 0.00212252
22 0.00204291
23 0.00199089
24 8.433e-05
25 -0.00158531
26 -0.00159313
27 -0.00156278
28 -0.00154258
29 -0.00155915
30 -0.00157241
31 -0.00162219
32 -0.00166129
33 -0.00171131
34 -0.00170998
35 -0.00172663
36 -0.00176427
37 -0.00177299
38 -0.00176499
39 -0.00180064
40 -0.00177965
41 -0.00173878
42 -0.00171024
43 -0.00171725
44 -0.00176282
45 -0.00176417
46 -0.00172233
47 -0.0017512
