0 0.000333638
1 0.000592433
2 0.000590664
3 0.000510358
4 0.000465316
5 0.000420703
6 0.00041141
7 0.000416237
8 0.000391621
9 0.000338773
10 0.000339053
11 0.000369623
12 0.000423364
13 0.000459289
14 0.000537447
15 0.000586629
16 0.000639612
17 0.000675592
18 0.000744081
19 0.000847837
20 0.000904806
21 0.000952295
22 0.000984421
23 0.000963048
24 0.000174069
25 -0.000577681
26 -0.000557634
27 -0.000548753
28 -0.000573442
29 -0.00063405
30 -0.000688436
31 -0.000698521
32 -0.000720097
33 -0.000734071
34 -0.000763456
35 -0.000761286
36 -0.000790067
37 -0.000801182
38 -0.000786899
39 -0.000752138
40 -0.000759742
41 -0.000741453
42 -0.000715506
43 -0.00064548
44 -0.000610228
45 -0.000552242
46 -0.000440856
47 -0.000300686
