0 4.58652e-06
1 0.00170497
2 0.00175703
3 0.00176275
4 0.00172761
5 0.00174822
6 0.00173004
7 0.0016979
8 0.00169811
9 0.00166594
10 0.00163639
11 0.00157724
12 0.00156054
13 0.00150314
14 0.0014825
15 0.00147253
16 0.00149714
17 0.00151224
18 0.00150555
19 0.00156667
20 0.00156057
21 0.00156801
22 0.00160645
23 0.00158632
24 0.000142136
25 -0.00126827
26 -0.00132076
27 -0.00132112
28 -0.00134576
29 -0.00134297
30 -0.00134837
31 -0.00133282
32 -0.00134143
33 -0.00134234
34 -0.00135965
35 -0.00139704
36 -0.00143195
37 -0.00145946
38 -0.0014952
39 -0.00146511
40 -0.00148641
41 -0.0014801
42 -0.00146698
43 -0.00147328
44 -0.00148495
45 -0.00142682
46 -0.00139566
47 -0.00133849
