0 0.000253622
1 0.00154033
2 0.00152575
3 0.00152002
4 0.00148887
5 0.00148203
6 0.00146542
7 0.00149388
8 0.00151768
9 0.00154313
10 0.00158654
11 0.00162646
12 0.00167564
13 0.00170816
14 0.0017533
15 0.00176493
16 0.00177128
17 0.00180186
18 0.00181926
19 0.00180596
20 0.00184242
21 0.0018736
22 0.00187808
23 0.00187883
24 0.000204508
25 -0.00141621
26 -0.00143811
27 -0.00144529
28 -0.00145763
29 -0.00144553
30 -0.00143154
31 -0.00143768
32 -0.00143969
33 -0.00142604
34 -0.00140492
35 -0.001399
36 -0.00140118
37 -0.0013651
38 -0.00136074
39 -0.00136306
40 -0.00135683
41 -0.00134813
42 -0.0013365
43 -0.0013818
44 -0.00137976
45 -0.00140832
46 -0.00145498
47 -0.00152552
