0 0.000247237
1 0.00302249
2 0.00318786
3 0.00312023
4 0.00310716
5 0.00315706
6 0.00316397
7 0.00314999
8 0.00316455
9 0.00313722
10 0.00316082
11 0.0031789
12 0.00324505
13 0.0032347
14 0.00325653
15 0.00319999
16 0.00332654
17 0.00342723
18 0.00342292
19 0.00342611
20 0.00343527
21 0.00343345
22 0.00353492
23 0.00338034
24 0.000188934
25 -0.00293901
26 -0.0029738
27 -0.00296872
28 -0.00298449
29 -0.00288583
30 -0.00285046
31 -0.00276977
32 -0.00273769
33 -0.00266661
34 -0.00260381
35 -0.00252423
36 -0.00255753
37 -0.00255156
38 -0.00256065
39 -0.0025425
40 -0.00256032
41 -0.00255518
42 -0.00253229
43 -0.00245837
44 -0.00247646
45 -0.00246678
46 -0.00242837
47 -0.0023787
