0 -0.000116149
1 0.000807375
2 0.000843542
3 0.000830523
4 0.000834222
5 0.000827961
6 0.000835276
7 0.000841225
8 0.000848398
9 0.000838209
10 0.000833934
11 0.000838495
12 0.00083336
13 0.000842837
14 0.000839467
15 0.000843006
16 0.000831672
17 0.000838359
18 0.000838395
19 0.00083105
20 0.000840002
21 0.000841459
22 0.00082696
23 0.000795202
24 -0.000144914
25 -0.00115391
26 -0.00117658
27 -0.00115971
28 -0.00117903
29 -0.00118852
30 -0.00118638
31 -0.00118386
32 -0.00118628
33 -0.00117122
34 -0.00118688
35 -0.00117631
36 -0.0011884
37 -0.00117301
38 -0.00116066
39 -0.00116836
40 -0.00119559
41 -0.00118994
42 -0.00117943
43 -0.00117611
44 -0.00116879
45 -0.00119558
46 -0.00118044
47 -0.00116116
