0 7.23806e-05
1 0.00214207
2 0.00212274
3 0.00214651
4 0.00209231
5 0.00208286
6 0.00210228
7 0.00208156
8 0.00209395
9 0.00207415
10 0.00210741
11 0.00214195
12 0.00214325
13 0.00212247
14 0.00211996
15 0.00213349
16 0.00211222
17 0.00209444
18 0.00205194
19 0.00207152
20 0.00203892
21 0.00206227
22 0.00205716
23 0.0020088
24 -3.53853e-05
25 -0.0020878
26 -0.00214992
27 -0.0021482
28 -0.00215702
29 -0.00214996
30 -0.00215003
31 -0.00216113
32 -0.00215152
33 -0.00218668
34 -0.00217209
35 -0.00211223
36 -0.00215268
37 -0.00213378
38 -0.00214429
39 -0.00211165
40 -0.00213499
41 -0.0021169
42 -0.00209091
43 -0.00209737
44 -0.00205549
45 -0.00199887
46 -0.00201427
47 -0.00189937
