0 -0.000389054
1 0.00208426
2 0.00210094
3 0.00210713
4 0.0021947
5 0.00223144
6 0.00223992
7 0.0022589
8 0.00230768
9 0.00232475
10 0.00234166
11 0.00238455
12 0.00237856
13 0.00235858
14 0.00234907
15 0.00234472
16 0.00233631
17 0.00238012
18 0.0023987
19 0.00242028
20 0.00246938
21 0.00247621
22 0.00249168
23 0.00243144
24 0.000165589
25 -0.00217805
26 -0.0022311
27 -0.00222268
28 -0.00220582
29 -0.00222272
30 -0.00226533
31 -0.00227231
32 -0.00235026
33 -0.00233486
34 -0.00234056
35 -0.00237336
36 -0.00234513
37 -0.00232524
38 -0.00237621
39 -0.00229006
40 -0.00232398
41 -0.00232215
42 -0.00229314
43 -0.00228075
44 -0.00233393
45 -0.00232194
46 -0.00237359
47 -0.00232497
