0 0.00034761
1 0.00150538
2 0.00148569
3 0.00138723
4 0.00133146
5 0.00130281
6 0.0012707
7 0.00123336
8 0.00120011
9 0.00118328
10 0.00120078
11 0.00115524
12 0.00115426
13 0.00114879
14 0.00115517
15 0.00115996
16 0.00113947
17 0.00115882
18 0.00117045
19 0.00117489
20 0.00116883
21 0.00118042
22 0.00116399
23 0.00119024
24 -3.74756e-05
25 -0.00121005
26 -0.00120106
27 -0.00116856
28 -0.00112877
29 -0.00109079
30 -0.00104541
31 -0.00104078
32 -0.00102277
33 -0.00103838
34 -0.00107603
35 -0.00111198
36 -0.00114403
37 -0.00118292
38 -0.0012338
39 -0.00127284
40 -0.00129219
41 -0.00129053
42 -0.00126716
43 -0.00126749
44 -0.00130032
45 -0.00128677
46 -0.00127935
47 -0.00116671
