0 0.000218445
1 0.000974844
2 0.000860573
3 0.000824715
4 0.000760116
5 0.000710525
6 0.000682099
7 0.000660102
8 0.000630072
9 0.000605084
10 0.00058498
11 0.0005478
12 0.00051394
13 0.000486863
14 0.000487949
15 0.000484145
16 0.00046811
17 0.000487548
18 0.000495822
19 0.000502359
20 0.000501791
21 0.000480479
22 0.000472406
23 0.00046877
24 -2.4796e-05
25 -0.000508911
26 -0.000475759
27 -0.000441892
28 -0.000433793
29 -0.000412217
30 -0.000400149
31 -0.000388498
32 -0.000379238
33 -0.000373106
34 -0.000357702
35 -0.000334937
36 -0.000333103
37 -0.000311571
38 -0.000302064
39 -0.000299795
40 -0.000312065
41 -0.000327292
42 -0.000341912
43 -0.000344761
44 -0.000347202
45 -0.000366117
46 -0.000354048
47 -0.000342573
