0 0.000163691
1 0.000714513
2 0.000638776
3 0.000618443
4 0.000574643
5 0.000547307
6 0.000536992
7 0.000516089
8 0.000514898
9 0.000517686
10 0.000527384
11 0.000541268
12 0.000573176
13 0.000593903
14 0.000629135
15 0.000644793
16 0.000655859
17 0.000654867
18 0.00067205
19 0.000663641
20 0.000666737
21 0.000676301
22 0.000692561
23 0.000692422
24 -0.000129196
25 -0.000911735
26 -0.000904816
27 -0.000897519
28 -0.0008951
29 -0.000882855
30 -0.000872576
31 -0.000886139
32 -0.000947936
33 -0.000958408
34 -0.000967496
35 -0.00100667
36 -0.00100548
37 -0.00105144
38 -0.00104485
39 -0.000955599
40 -0.00095442
41 -0.000913276
42 -0.000877673
43 -0.000860189
44 -0.000923525
45 -0.00098367
46 -0.00109855
47 -0.00122418
