0 -0.00013099
1 0.000790246
2 0.000858832
3 0.000870508
4 0.000900803
5 0.00089884
6 0.000898115
7 0.000882097
8 0.000847436
9 0.000814015
10 0.000779969
11 0.00073428
12 0.000696706
13 0.000659
14 0.000632582
15 0.000601317
16 0.000578218
17 0.00056379
18 0.000550722
19 0.000551241
20 0.000548874
21 0.000569785
22 0.000586412
23 0.000588964
24 -0.000393546
25 -0.00145963
26 -0.0014418
27 -0.00142333
28 -0.00138244
29 -0.00137849
30 -0.00131625
31 -0.00125974
32 -0.00121709
33 -0.00119185
34 -0.00111261
35 -0.00110401
36 -0.00106323
37 -0.00103502
38 -0.0010214
39 -0.00099943
40 -0.000972648
41 -0.000981218
42 -0.000994737
43 -0.000985126
44 -0.00102181
45 -0.00104578
46 -0.00110741
47 -0.0011745
