0 0.000686276
1 0.00212823
2 0.00209623
3 0.00209928
4 0.00202761
5 0.00192005
6 0.00192432
7 0.0018867
8 0.00189332
9 0.00181892
10 0.00179671
11 0.00177096
12 0.00175626
13 0.00175122
14 0.00170706
15 0.00171204
16 0.00169098
17 0.00167335
18 0.00164925
19 0.00163572
20 0.00164689
21 0.00164982
22 0.00163217
23 0.00161642
24 8.98499e-05
25 -0.00149078
26 -0.00152647
27 -0.00153492
28 -0.0015465
29 -0.00153124
30 -0.00150888
31 -0.00151582
32 -0.00152226
33 -0.00153168
34 -0.00152369
35 -0.00154518
36 -0.00156432
37 -0.00159866
38 -0.00159548
39 -0.00158566
40 -0.00158764
41 -0.00158009
42 -0.00153933
43 -0.00149476
44 -0.00150369
45 -0.00144402
46 -0.00137902
47 -0.00132844
