0 0.000181876
1 0.00147546
2 0.00141061
3 0.00137398
4 0.0012811
5 0.00121611
6 0.00121521
7 0.00120195
8 0.00122972
9 0.00124497
10 0.0012802
11 0.00132895
12 0.00133264
13 0.00129498
14 0.00125527
15 0.0012384
16 0.0012228
17 0.00118024
18 0.00115928
19 0.00117108
20 0.00116752
21 0.00124179
22 0.00128697
23 0.00133222
24 0.000101116
25 -0.00109226
26 -0.00108703
27 -0.00104967
28 -0.00102294
29 -0.00102374
30 -0.00101376
31 -0.0010357
32 -0.00103084
33 -0.00105674
34 -0.00104952
35 -0.00101449
36 -0.00104303
37 -0.00105338
38 -0.00108921
39 -0.00108127
40 -0.00112884
41 -0.00112661
42 -0.00112119
43 -0.00111342
44 -0.00111772
45 -0.00109786
46 -0.00117307
47 -0.00117183
