0 -0.000129994
1 0.00016911
2 0.000203176
3 0.000212992
4 0.000205819
5 0.000192645
6 0.000190226
7 0.000186216
8 0.000197494
9 0.00022168
10 0.000237934
11 0.000249585
12 0.00025455
13 0.000254919
14 0.000251562
15 0.000252038
16 0.000281027
17 0.000304684
18 0.000354081
19 0.000403242
20 0.000428156
21 0.000471137
22 0.000493145
23 0.000535425
24 0.000101828
25 -0.000367015
26 -0.000333138
27 -0.000277509
28 -0.000276897
29 -0.000248778
30 -0.000232397
31 -0.000213121
32 -0.000176469
33 -0.000140489
34 -0.000143282
35 -0.00013455
36 -0.000142572
37 -0.000158548
38 -0.000198453
39 -0.000273798
40 -0.000336209
41 -0.000378973
42 -0.000392995
43 -0.000406519
44 -0.000407569
45 -0.000429393
46 -0.000443312
47 -0.000397975
