0 0.000158724
1 0.00202216
2 0.00211947
3 0.00214096
4 0.00216528
5 0.00214748
6 0.00214604
7 0.00215942
8 0.00215803
9 0.00216759
10 0.00213812
11 0.00214095
12 0.00215517
13 0.00214399
14 0.0021446
15 0.00216617
16 0.00217992
17 0.00215744
18 0.00217971
19 0.00215315
20 0.0021509
21 0.00215252
22 0.00215236
23 0.00209855
24 8.70219e-05
25 -0.00183785
26 -0.00188199
27 -0.00190529
28 -0.00193215
29 -0.00192574
30 -0.00190038
31 -0.00190735
32 -0.00191523
33 -0.0019184
34 -0.00194831
35 -0.00193226
36 -0.00191441
37 -0.00192916
38 -0.00193486
39 -0.00190855
40 -0.00193263
41 -0.00193097
42 -0.00192101
43 -0.00190505
44 -0.00193129
45 -0.00192697
46 -0.00191929
47 -0.00185764
