0 -0.000606567
1 0.00157716
2 0.00153683
3 0.00166614
4 0.00166315
5 0.00164058
6 0.00169888
7 0.00168988
8 0.00172918
9 0.00175198
10 0.00176163
11 0.00179671
12 0.00185534
13 0.00190962
14 0.00195553
15 0.00199937
16 0.00198991
17 0.00198567
18 0.00199772
19 0.00201813
20 0.00199659
21 0.00198682
22 0.00194687
23 0.00191775
24 -1.73199e-05
25 -0.00196896
26 -0.00200559
27 -0.00200315
28 -0.00199216
29 -0.00201134
30 -0.00201893
31 -0.00204134
32 -0.00207924
33 -0.00205621
34 -0.00208646
35 -0.00207577
36 -0.00209463
37 -0.00208918
38 -0.0020745
39 -0.00205803
40 -0.00204995
41 -0.00202599
42 -0.0020315
43 -0.00203339
44 -0.00205627
45 -0.00206589
46 -0.0020296
47 -0.002096
