0 0.000104613
1 0.0020055
2 0.00203979
3 0.00202105
4 0.00205756
5 0.00203851
6 0.00202173
7 0.00203511
8 0.00201978
9 0.00198382
10 0.00193631
11 0.00190121
12 0.00188358
13 0.0018475
14 0.00182469
15 0.00184027
16 0.00183342
17 0.0018187
18 0.00183498
19 0.00183968
20 0.00185431
21 0.00187411
22 0.00189655
23 0.00185973
24 0.000154851
25 -0.0015099
26 -0.00154308
27 -0.00158515
28 -0.00161113
29 -0.00161084
30 -0.00159827
31 -0.0016221
32 -0.00164041
33 -0.00166903
34 -0.00172172
35 -0.00172621
36 -0.00172884
37 -0.00174729
38 -0.001766
39 -0.00174457
40 -0.00176027
41 -0.00173539
42 -0.00169335
43 -0.00164574
44 -0.00165846
45 -0.00166198
46 -0.00166057
47 -0.00160833
