0 0.00054839
1 0.00243459
2 0.0025132
3 0.00256172
4 0.00257919
5 0.00265435
6 0.00264092
7 0.00268836
8 0.00270561
9 0.00269181
10 0.00262857
11 0.00257833
12 0.00254147
13 0.00254974
14 0.00249608
15 0.00244016
16 0.00242964
17 0.00238642
18 0.00233673
19 0.00240259
20 0.00236429
21 0.0023589
22 0.0023849
23 0.00231422
24 0.000288162
25 -0.00174246
26 -0.00175378
27 -0.00170954
28 -0.00167198
29 -0.00162352
30 -0.0015845
31 -0.00155334
32 -0.00150319
33 -0.00149473
34 -0.00149865
35 -0.00147769
36 -0.00150471
37 -0.00151869
38 -0.00148934
39 -0.00150112
40 -0.0015014
41 -0.0015028
42 -0.00149489
43 -0.00146758
44 -0.0014479
45 -0.00144731
46 -0.00141771
47 -0.00138978
