0 -0.000544484
1 0.00105704
2 0.000994809
3 0.000974404
4 0.000941243
5 0.000911127
6 0.000888436
7 0.000829114
8 0.000797364
9 0.000752432
10 0.000714569
11 0.000692087
12 0.000685522
13 0.000669566
14 0.000676255
15 0.000676163
16 0.000698604
17 0.000719189
18 0.000722509
19 0.000725566
20 0.000677855
21 0.000659582
22 0.00062382
23 0.000596182
24 -0.000260282
25 -0.001209
26 -0.00124364
27 -0.0012571
28 -0.00126849
29 -0.00124625
30 -0.00122123
31 -0.00123454
32 -0.00121972
33 -0.00119882
34 -0.00118827
35 -0.00118108
36 -0.00117767
37 -0.00119152
38 -0.00119132
39 -0.00121767
40 -0.00122863
41 -0.0012291
42 -0.00125208
43 -0.00127571
44 -0.00125193
45 -0.00125661
46 -0.0012886
47 -0.00136359
