0 1.77953e-05
1 0.00133254
2 0.00130616
3 0.00122456
4 0.00110883
5 0.00101122
6 0.000940117
7 0.000862002
8 0.000802498
9 0.000745514
10 0.000666024
11 0.00064861
12 0.000670822
13 0.000670486
14 0.000705068
15 0.000722444
16 0.00074231
17 0.000739989
18 0.00070718
19 0.00070748
20 0.000717556
21 0.00073491
22 0.000776712
23 0.000778778
24 0.000320787
25 -0.000160325
26 -0.00018954
27 -0.000234678
28 -0.000268635
29 -0.000283876
30 -0.000289229
31 -0.000289057
32 -0.000331042
33 -0.000331695
34 -0.000363831
35 -0.000395971
36 -0.000414041
37 -0.00044326
38 -0.000475347
39 -0.000520308
40 -0.000547167
41 -0.000552543
42 -0.000570633
43 -0.000601139
44 -0.000618967
45 -0.000642698
46 -0.000631678
47 -0.000573472
