0 0.000403589
1 0.00162083
2 0.00155858
3 0.00152963
4 0.00151024
5 0.00145987
6 0.00142598
7 0.0014265
8 0.00142221
9 0.00144156
10 0.00145869
11 0.00145563
12 0.00146579
13 0.0014939
14 0.00150636
15 0.0015171
16 0.001523
17 0.00153131
18 0.00154052
19 0.00153602
20 0.0015583
21 0.00155325
22 0.0015573
23 0.0015525
24 1.6572e-05
25 -0.00156942
26 -0.00159985
27 -0.00162067
28 -0.00162562
29 -0.00164109
30 -0.00164893
31 -0.00165227
32 -0.00164309
33 -0.00165879
34 -0.00164888
35 -0.00163876
36 -0.00164669
37 -0.00165291
38 -0.0016221
39 -0.0016344
40 -0.00163936
41 -0.00164532
42 -0.00163997
43 -0.00165441
44 -0.00163692
45 -0.00165715
46 -0.00160216
47 -0.00159074
