0 -0.000256157
1 0.0013936
2 0.00136702
3 0.00142506
4 0.00138859
5 0.0014323
6 0.00145277
7 0.00149476
8 0.00153452
9 0.00157493
10 0.00160811
11 0.00163914
12 0.00162977
13 0.0016078
14 0.00160292
15 0.00160811
16 0.0016236
17 0.00164329
18 0.00168754
19 0.00168731
20 0.00167321
21 0.00166624
22 0.00164728
23 0.00155739
24 -5.66191e-05
25 -0.00173177
26 -0.00183262
27 -0.00187542
28 -0.00194133
29 -0.00198315
30 -0.00198891
31 -0.00198577
32 -0.00200436
33 -0.00200233
34 -0.00201404
35 -0.00201488
36 -0.00203413
37 -0.00205089
38 -0.00202882
39 -0.00204486
40 -0.00202092
41 -0.00201955
42 -0.00200895
43 -0.0020215
44 -0.00196963
45 -0.00194185
46 -0.00195102
47 -0.00188522
