0 0.000779909
1 0.00307693
2 0.00316526
3 0.00323341
4 0.00322126
5 0.00325537
6 0.00322973
7 0.00334974
8 0.00334235
9 0.00335554
10 0.00336975
11 0.00341622
12 0.00347405
13 0.0034869
14 0.00343412
15 0.00345904
16 0.003517
17 0.00347675
18 0.00353647
19 0.00360851
20 0.00362179
21 0.00362161
22 0.00366411
23 0.0036107
24 0.000980875
25 -0.00149228
26 -0.0015495
27 -0.00153634
28 -0.00154394
29 -0.00153963
30 -0.00150813
31 -0.00150334
32 -0.00151143
33 -0.00149603
34 -0.00148988
35 -0.00147254
36 -0.00148869
37 -0.00149638
38 -0.00150041
39 -0.00152436
40 -0.0015345
41 -0.00154076
42 -0.00153015
43 -0.0015379
44 -0.00150224
45 -0.00156979
46 -0.00153125
47 -0.00145577
