0 0.000325023
1 0.00194031
2 0.00212038
3 0.00210527
4 0.00210205
5 0.00207954
6 0.00207098
7 0.00200938
8 0.00196354
9 0.00193341
10 0.00191658
11 0.00188595
12 0.00191117
13 0.00192607
14 0.00193126
15 0.00192898
16 0.00194652
17 0.00195405
18 0.00194381
19 0.00197874
20 0.00197286
21 0.00197275
22 0.00196172
23 0.00193677
24 0.000410345
25 -0.00113181
26 -0.00118634
27 -0.00118861
28 -0.00119921
29 -0.00119304
30 -0.00119807
31 -0.00121252
32 -0.00119307
33 -0.00120142
34 -0.00121079
35 -0.00121986
36 -0.00124457
37 -0.00123862
38 -0.00124802
39 -0.00126119
40 -0.00127924
41 -0.00130017
42 -0.00131658
43 -0.00130491
44 -0.00130475
45 -0.00133568
46 -0.00137582
47 -0.00126805
