0 0.000341245
1 0.00183017
2 0.00180275
3 0.00188592
4 0.00186256
5 0.0018574
6 0.00180561
7 0.00181357
8 0.00175964
9 0.00176254
10 0.0017652
11 0.00171987
12 0.00170825
13 0.00166797
14 0.00162879
15 0.00161985
16 0.00160412
17 0.00161046
18 0.0015679
19 0.00156084
20 0.00156095
21 0.00155606
22 0.00151293
23 0.00147493
24 -3.76977e-05
25 -0.00161101
26 -0.00170095
27 -0.00166884
28 -0.0017014
29 -0.00172558
30 -0.00172939
31 -0.00171719
32 -0.00173225
33 -0.00175134
34 -0.00172796
35 -0.00172502
36 -0.00170906
37 -0.00168406
38 -0.0016952
39 -0.00170376
40 -0.00170402
41 -0.00167687
42 -0.00162121
43 -0.0015925
44 -0.00159021
45 -0.00156804
46 -0.00160226
47 -0.00154372
