0 -9.66092e-06
1 0.00201997
2 0.00208397
3 0.00206149
4 0.00203078
5 0.0020139
6 0.0020019
7 0.00198988
8 0.00197717
9 0.0019916
10 0.00200542
11 0.00200205
12 0.00199992
13 0.00198507
14 0.00201445
15 0.00198376
16 0.00197646
17 0.00197234
18 0.0019489
19 0.00193144
20 0.00190428
21 0.0019145
22 0.00188334
23 0.00186078
24 2.81212e-05
25 -0.00181288
26 -0.00184688
27 -0.00185634
28 -0.00182567
29 -0.00186216
30 -0.00183459
31 -0.00182941
32 -0.00181809
33 -0.00182887
34 -0.00180179
35 -0.00177135
36 -0.00173777
37 -0.00172457
38 -0.00174614
39 -0.00167226
40 -0.00164653
41 -0.00158335
42 -0.00158319
43 -0.00155844
44 -0.00155699
45 -0.00156333
46 -0.00156826
47 -0.00153945
