0 0.000436272
1 0.00144739
2 0.00159947
3 0.00159174
4 0.00164662
5 0.00165379
6 0.00165659
7 0.00167935
8 0.00167165
9 0.00171432
10 0.00169641
11 0.0016951
12 0.00168865
13 0.00168662
14 0.00165716
15 0.00164394
16 0.00164852
17 0.00165203
18 0.0016479
19 0.00163894
20 0.00163268
21 0.0016396
22 0.00162785
23 0.00158554
24 0.00015195
25 -0.00137446
26 -0.00140652
27 -0.0014034
28 -0.00142128
29 -0.00141817
30 -0.00142046
31 -0.00142384
32 -0.00143719
33 -0.00143154
34 -0.00143762
35 -0.00143384
36 -0.00141365
37 -0.00141964
38 -0.00144246
39 -0.00145663
40 -0.00145215
41 -0.00147326
42 -0.0014642
43 -0.001466
44 -0.00147479
45 -0.00150077
46 -0.00147557
47 -0.00145366
