0 0.000635278
1 0.001892
2 0.00193057
3 0.00191072
4 0.00190151
5 0.00190342
6 0.00191948
7 0.0019226
8 0.00192112
9 0.0019162
10 0.0019169
11 0.0019272
12 0.00190948
13 0.00191546
14 0.00192651
15 0.00192912
16 0.00190008
17 0.00190205
18 0.00192208
19 0.00192816
20 0.00192426
21 0.00191745
22 0.00193676
23 0.00185774
24 0.0003066
25 -0.00114578
26 -0.00117545
27 -0.00119152
28 -0.00118744
29 -0.00119629
30 -0.00119465
31 -0.00119441
32 -0.00118598
33 -0.00119717
34 -0.00119104
35 -0.00119516
36 -0.00120227
37 -0.00120571
38 -0.00119472
39 -0.00119987
40 -0.00119694
41 -0.00119994
42 -0.00118461
43 -0.00116724
44 -0.00117393
45 -0.00118828
46 -0.00118968
47 -0.00116781
