0 -0.000101175
1 0.000828039
2 0.000899997
3 0.000878409
4 0.000893952
5 0.00088083
6 0.00088623
7 0.00090548
8 0.000872887
9 0.000864595
10 0.000848335
11 0.000844982
12 0.00081054
13 0.000805265
14 0.000788786
15 0.000781007
16 0.000769822
17 0.00076985
18 0.000767501
19 0.00076982
20 0.000769343
21 0.000784972
22 0.000803672
23 0.000794586
24 -0.000186874
25 -0.00119589
26 -0.00121576
27 -0.0012167
28 -0.00121677
29 -0.00122148
30 -0.00121341
31 -0.00122856
32 -0.00122194
33 -0.0012394
34 -0.00121642
35 -0.00121083
36 -0.00121072
37 -0.00121834
38 -0.00121098
39 -0.00123376
40 -0.00125354
41 -0.00126509
42 -0.00130147
43 -0.00127095
44 -0.0012833
45 -0.00130384
46 -0.00133404
47 -0.00132999
