0 0.000896946
1 0.00265087
2 0.00269367
3 0.00267563
4 0.0027193
5 0.00266927
6 0.0026534
7 0.00265061
8 0.00267834
9 0.0026962
10 0.00269097
11 0.00266892
12 0.00267021
13 0.00270509
14 0.00270726
15 0.00267644
16 0.00268822
17 0.00269543
18 0.00266135
19 0.00267255
20 0.00271094
21 0.00271125
22 0.00270121
23 0.0026071
24 0.000705544
25 -0.00105406
26 -0.00107841
27 -0.00106967
28 -0.00106064
29 -0.00106503
30 -0.00106613
31 -0.00109367
32 -0.00106754
33 -0.00107134
34 -0.00109107
35 -0.00107884
36 -0.00107682
37 -0.00106982
38 -0.00106281
39 -0.00107465
40 -0.001077
41 -0.00109073
42 -0.00108325
43 -0.00107775
44 -0.00108105
45 -0.00107921
46 -0.00106299
47 -0.0009695
