0 1.08912e-05
1 0.00209114
2 0.00201933
3 0.0020532
4 0.00208052
5 0.00208374
6 0.00208009
7 0.00204392
8 0.00203732
9 0.00206998
10 0.00205915
11 0.00207015
12 0.00208194
13 0.00205599
14 0.00210529
15 0.00212212
16 0.00211475
17 0.00214698
18 0.002175
19 0.00216797
20 0.00213514
21 0.00217375
22 0.00218549
23 0.0021644
24 7.50736e-05
25 -0.00199691
26 -0.00204363
27 -0.00196378
28 -0.00193581
29 -0.00192391
30 -0.0019796
31 -0.0019889
32 -0.00198004
33 -0.00199723
34 -0.00204169
35 -0.00206014
36 -0.00203447
37 -0.00203254
38 -0.00197578
39 -0.00200725
40 -0.00194171
41 -0.00192093
42 -0.00190241
43 -0.00182619
44 -0.00178684
45 -0.00178317
46 -0.001807
47 -0.00167271
