0 -5.51543e-05
1 0.00141186
2 0.00150446
3 0.00155699
4 0.00159204
5 0.00162059
6 0.00161275
7 0.00162559
8 0.00167461
9 0.00167656
10 0.0017065
11 0.00173417
12 0.00177775
13 0.00182314
14 0.00183261
15 0.00181092
16 0.00182341
17 0.0017702
18 0.00177173
19 0.001768
20 0.00178041
21 0.00179888
22 0.00183761
23 0.00183373
24 -0.000153318
25 -0.00212899
26 -0.00213654
27 -0.00211466
28 -0.00213249
29 -0.00213646
30 -0.00213542
31 -0.00212707
32 -0.00211271
33 -0.00212586
34 -0.00211192
35 -0.00209428
36 -0.00207011
37 -0.0020555
38 -0.00200898
39 -0.0019609
40 -0.00193075
41 -0.00189515
42 -0.00184035
43 -0.00183691
44 -0.00177662
45 -0.00181114
46 -0.00175448
47 -0.0017976
