0 -0.000549914
1 0.000517754
2 0.000564681
3 0.000611735
4 0.000627535
5 0.000701779
6 0.000754834
7 0.000801293
8 0.000870143
9 0.000904568
10 0.000910455
11 0.000899472
12 0.000914172
13 0.000893439
14 0.000863941
15 0.000853964
16 0.000869631
17 0.0008777
18 0.000876715
19 0.000894027
20 0.000911236
21 0.000943079
22 0.000973043
23 0.000975979
24 -0.000273104
25 -0.00164626
26 -0.00157943
27 -0.00156024
28 -0.00150373
29 -0.00151523
30 -0.00153242
31 -0.00159403
32 -0.00162949
33 -0.00164589
34 -0.00169533
35 -0.00173676
36 -0.00177737
37 -0.00179291
38 -0.00178976
39 -0.00181601
40 -0.00183782
41 -0.00182555
42 -0.00178537
43 -0.00174891
44 -0.00168529
45 -0.00170851
46 -0.00174274
47 -0.0018214
