0 0.000226838
1 0.00100752
2 0.00105696
3 0.00111563
4 0.00109706
5 0.00105959
6 0.00101568
7 0.000970025
8 0.000921693
9 0.000890092
10 0.000853388
11 0.000843267
12 0.000853872
13 0.000828019
14 0.000822188
15 0.000800367
16 0.000764231
17 0.000748161
18 0.000744343
19 0.000749123
20 0.000768652
21 0.000789141
22 0.00078377
23 0.000774735
24 -0.000267083
25 -0.00137779
26 -0.00134293
27 -0.00128282
28 -0.00126001
29 -0.00119229
30 -0.00116212
31 -0.00112973
32 -0.00111357
33 -0.0011227
34 -0.00116915
35 -0.00120361
36 -0.00124546
37 -0.00127716
38 -0.00128378
39 -0.00126603
40 -0.00126057
41 -0.00126238
42 -0.00120973
43 -0.00118997
44 -0.00122177
45 -0.00122948
46 -0.00118723
47 -0.00110828
