0 0.00020906
1 0.00258113
2 0.00271083
3 0.00264296
4 0.0026391
5 0.00269637
6 0.00270434
7 0.00269991
8 0.00272461
9 0.00269197
10 0.002725
11 0.00274622
12 0.00282028
13 0.0028068
14 0.0028366
15 0.0028014
16 0.00294399
17 0.00305591
18 0.00306331
19 0.00308459
20 0.00311322
21 0.00311994
22 0.00322925
23 0.00310044
24 0.000164436
25 -0.00272561
26 -0.00273512
27 -0.00271599
28 -0.00271281
29 -0.00260835
30 -0.00255514
31 -0.00246228
32 -0.00241305
33 -0.00231307
34 -0.00223251
35 -0.00214416
36 -0.00216995
37 -0.00217117
38 -0.00218865
39 -0.00217893
40 -0.00220213
41 -0.00220979
42 -0.00219042
43 -0.00213435
44 -0.00216127
45 -0.00214704
46 -0.00212697
47 -0.00208803
