0 0.000188718
1 0.00143392
2 0.0015141
3 0.00158776
4 0.00163517
5 0.00168213
6 0.00170915
7 0.00170482
8 0.00176654
9 0.00172422
10 0.00173906
11 0.00173917
12 0.00172195
13 0.00169772
14 0.00169456
15 0.00166498
16 0.00164972
17 0.00167085
18 0.00169761
19 0.0017001
20 0.00172904
21 0.00176631
22 0.00179384
23 0.00181608
24 0.000545944
25 -0.000795149
26 -0.000826251
27 -0.000825082
28 -0.000854
29 -0.00084141
30 -0.00086084
31 -0.000869998
32 -0.000864261
33 -0.000878293
34 -0.000877961
35 -0.000858094
36 -0.000859243
37 -0.000853932
38 -0.000846866
39 -0.000848623
40 -0.000857193
41 -0.000849302
42 -0.000844747
43 -0.000830165
44 -0.000859498
45 -0.000871388
46 -0.000896142
47 -0.000860094
