0 5.06751e-05
1 0.00105276
2 0.00107327
3 0.00109273
4 0.00108879
5 0.00110858
6 0.00109952
7 0.00109798
8 0.00111023
9 0.00110777
10 0.00112692
11 0.00115977
12 0.00119965
13 0.00122095
14 0.00124376
15 0.0012503
16 0.00126222
17 0.00126163
18 0.00122922
19 0.00122857
20 0.00125307
21 0.00125133
22 0.00125503
23 0.00123046
24 -3.7231e-05
25 -0.00123652
26 -0.00123137
27 -0.00123296
28 -0.00120426
29 -0.00116875
30 -0.00114743
31 -0.00112375
32 -0.00110242
33 -0.00108699
34 -0.00108468
35 -0.00105507
36 -0.00106904
37 -0.00106287
38 -0.0010592
39 -0.00106142
40 -0.0010848
41 -0.00108902
42 -0.00108503
43 -0.00109806
44 -0.00110262
45 -0.00110446
46 -0.00105646
47 -0.00102923
