0 0.000144939
1 0.00169144
2 0.00170991
3 0.00175636
4 0.00174653
5 0.00174006
6 0.00172227
7 0.00172199
8 0.00168929
9 0.00166042
10 0.0016343
11 0.00162396
12 0.00160319
13 0.00159375
14 0.00159731
15 0.00160438
16 0.00159639
17 0.00160513
18 0.00157075
19 0.00158901
20 0.00160383
21 0.00160522
22 0.00158515
23 0.00153916
24 2.1302e-05
25 -0.00155864
26 -0.00163616
27 -0.00163951
28 -0.00164107
29 -0.00166434
30 -0.00164894
31 -0.00164287
32 -0.0016301
33 -0.00161293
34 -0.00159259
35 -0.00156559
36 -0.0015428
37 -0.0015176
38 -0.00151044
39 -0.00150111
40 -0.00149023
41 -0.00146586
42 -0.00147904
43 -0.00148318
44 -0.00147699
45 -0.00147697
46 -0.00149143
47 -0.00146569
