0 0.000639062
1 0.0024777
2 0.00251485
3 0.00248898
4 0.00247684
5 0.00244361
6 0.00246447
7 0.00246238
8 0.00247388
9 0.00247473
10 0.00246837
11 0.00246021
12 0.00243744
13 0.00243706
14 0.00244628
15 0.00248714
16 0.00251143
17 0.0025288
18 0.00252148
19 0.00257441
20 0.00256193
21 0.00262926
22 0.0026103
23 0.00260068
24 0.000495372
25 -0.00152927
26 -0.00156179
27 -0.00153221
28 -0.00152549
29 -0.00154035
30 -0.00151589
31 -0.00151831
32 -0.00149438
33 -0.0014914
34 -0.00149674
35 -0.00147297
36 -0.00151226
37 -0.00156736
38 -0.0015696
39 -0.00156969
40 -0.00159766
41 -0.00161323
42 -0.00166379
43 -0.00166946
44 -0.00167305
45 -0.00169729
46 -0.00174243
47 -0.00164219
