0 -0.00113417
1 0.00153699
2 0.00164501
3 0.00173602
4 0.00171884
5 0.00173596
6 0.00172853
7 0.00176936
8 0.00178927
9 0.0017926
10 0.00182288
11 0.00185206
12 0.00188979
13 0.00187188
14 0.00186095
15 0.0018732
16 0.00190254
17 0.00192117
18 0.00189044
19 0.0019149
20 0.00192704
21 0.00189797
22 0.00190721
23 0.00179464
24 -0.000746691
25 -0.00335719
26 -0.00343383
27 -0.00350094
28 -0.00348639
29 -0.00348613
30 -0.00349139
31 -0.00344747
32 -0.00346272
33 -0.00347635
34 -0.00351071
35 -0.00348391
36 -0.00347188
37 -0.00344039
38 -0.0034322
39 -0.00346298
40 -0.00346743
41 -0.00344637
42 -0.00341027
43 -0.00344843
44 -0.00345775
45 -0.00347251
46 -0.00343116
47 -0.00351216
