0 -0.000114611
1 0.00138715
2 0.00148825
3 0.00150116
4 0.0015066
5 0.00148446
6 0.00148032
7 0.00148722
8 0.00147513
9 0.00151806
10 0.00151593
11 0.00150672
12 0.00150579
13 0.0014933
14 0.00151069
15 0.00151136
16 0.00149741
17 0.00150027
18 0.00150774
19 0.00152471
20 0.00152899
21 0.00157035
22 0.00156467
23 0.00153131
24 1.89029e-05
25 -0.00149515
26 -0.00151088
27 -0.00151422
28 -0.00153421
29 -0.00155374
30 -0.00153846
31 -0.00154955
32 -0.00153394
33 -0.00151252
34 -0.00152011
35 -0.00152695
36 -0.00155906
37 -0.00159077
38 -0.00157612
39 -0.00159786
40 -0.00160023
41 -0.00160693
42 -0.00164007
43 -0.00163469
44 -0.00163045
45 -0.00162545
46 -0.00165097
47 -0.00161216
