0 0.000114248
1 0.000372798
2 0.000336588
3 0.000286571
4 0.000247306
5 0.000266065
6 0.000248587
7 0.000255412
8 0.000266015
9 0.000265186
10 0.000262138
11 0.000266238
12 0.000307194
13 0.000322348
14 0.000338921
15 0.000372873
16 0.000398468
17 0.000435607
18 0.000444547
19 0.000450353
20 0.000438428
21 0.000441439
22 0.000469397
23 0.000518114
24 -0.000165972
25 -0.000839706
26 -0.0007792
27 -0.000712496
28 -0.000683168
29 -0.000657196
30 -0.000635367
31 -0.000634227
32 -0.000621864
33 -0.000636725
34 -0.000625062
35 -0.000661626
36 -0.000666164
37 -0.000701675
38 -0.000702008
39 -0.000716226
40 -0.000740786
41 -0.000731675
42 -0.0007078
43 -0.000693912
44 -0.000665165
45 -0.000610515
46 -0.000608242
47 -0.00064855
