0 -0.000246863
1 0.00121555
2 0.00122881
3 0.00122222
4 0.00118444
5 0.00122554
6 0.00123562
7 0.00124522
8 0.00125239
9 0.00125283
10 0.0012644
11 0.00129187
12 0.00130268
13 0.00128785
14 0.00130411
15 0.00129432
16 0.00127862
17 0.00128118
18 0.00128977
19 0.00130415
20 0.00132114
21 0.00134116
22 0.00132346
23 0.00130556
24 -0.000313356
25 -0.00202252
26 -0.00208054
27 -0.00207489
28 -0.00209134
29 -0.00208899
30 -0.00208959
31 -0.00212675
32 -0.00214496
33 -0.00217929
34 -0.00219579
35 -0.00218801
36 -0.00217647
37 -0.0021483
38 -0.00213639
39 -0.00211636
40 -0.00208107
41 -0.0020726
42 -0.002048
43 -0.00201917
44 -0.00202193
45 -0.00203125
46 -0.00200633
47 -0.00202306
