0 2.22721e-05
1 0.00120521
2 0.00129118
3 0.00136708
4 0.00137114
5 0.0013664
6 0.0013453
7 0.00134085
8 0.0013387
9 0.00132767
10 0.0012976
11 0.00131568
12 0.00132579
13 0.00131908
14 0.00132119
15 0.00131526
16 0.00129998
17 0.0012919
18 0.00130655
19 0.00131317
20 0.00131661
21 0.00131678
22 0.0013237
23 0.00129189
24 -0.000311076
25 -0.0020248
26 -0.00205045
27 -0.00202565
28 -0.0020492
29 -0.00202616
30 -0.00200094
31 -0.0019919
32 -0.001975
33 -0.00197983
34 -0.00199836
35 -0.00201312
36 -0.00203268
37 -0.00203761
38 -0.002026
39 -0.00201499
40 -0.00202851
41 -0.00206064
42 -0.00201613
43 -0.00202253
44 -0.00206803
45 -0.00209979
46 -0.0020767
47 -0.00199014
