0 -0.000598691
1 0.00202131
2 0.00214538
3 0.00209747
4 0.00218935
5 0.00217583
6 0.00211596
7 0.00212419
8 0.00217753
9 0.00219774
10 0.00216222
11 0.00215649
12 0.00216525
13 0.002182
14 0.002125
15 0.00215678
16 0.00217207
17 0.00218057
18 0.002127
19 0.00214041
20 0.00215944
21 0.00215166
22 0.00209022
23 0.00201297
24 -0.000404023
25 -0.00285724
26 -0.00291098
27 -0.00294616
28 -0.00300119
29 -0.00296068
30 -0.00306252
31 -0.00305464
32 -0.00300797
33 -0.00299406
34 -0.00300419
35 -0.00299459
36 -0.00298356
37 -0.00293499
38 -0.00292695
39 -0.00295616
40 -0.00297915
41 -0.00298982
42 -0.00301674
43 -0.00305382
44 -0.00305691
45 -0.0031519
46 -0.00305451
47 -0.00306823
