0 -0.000537574
1 0.00116241
2 0.00123515
3 0.00123005
4 0.00123191
5 0.00123665
6 0.00123522
7 0.00123422
8 0.00124973
9 0.0012224
10 0.00123534
11 0.00123878
12 0.00123407
13 0.00122752
14 0.00123571
15 0.00124544
16 0.00124174
17 0.0012337
18 0.00123219
19 0.001229
20 0.00121419
21 0.00123902
22 0.0012148
23 0.00119752
24 -0.000251188
25 -0.00172435
26 -0.00177375
27 -0.00178187
28 -0.00179398
29 -0.00177091
30 -0.00178888
31 -0.00178659
32 -0.00178994
33 -0.00177356
34 -0.00178474
35 -0.00177943
36 -0.00175741
37 -0.00175997
38 -0.00176387
39 -0.00175558
40 -0.00176594
41 -0.00177525
42 -0.00178354
43 -0.00177458
44 -0.00176554
45 -0.00179045
46 -0.00177913
47 -0.00172747
