0 -0.000285769
1 0.00121365
2 0.00124963
3 0.00120792
4 0.00119797
5 0.0011579
6 0.0011221
7 0.00114244
8 0.00112053
9 0.00110407
10 0.00115589
11 0.00116547
12 0.00116531
13 0.00118036
14 0.00118299
15 0.00111077
16 0.00110298
17 0.00111214
18 0.00112616
19 0.0011404
20 0.00111167
21 0.00112692
22 0.00112026
23 0.0011195
24 4.04673e-05
25 -0.00101397
26 -0.00102355
27 -0.000995327
28 -0.000964539
29 -0.000950908
30 -0.000953492
31 -0.0009495
32 -0.000958448
33 -0.000970431
34 -0.00101001
35 -0.00104608
36 -0.00106643
37 -0.00108024
38 -0.00109916
39 -0.00113491
40 -0.00116706
41 -0.00121832
42 -0.00122169
43 -0.00127469
44 -0.00128929
45 -0.00131541
46 -0.00139521
47 -0.00149492
