0 0.000506327
1 0.00159582
2 0.00173887
3 0.00174461
4 0.00170973
5 0.00170034
6 0.00166677
7 0.001585
8 0.00152082
9 0.00147058
10 0.00143825
11 0.00139135
12 0.00138879
13 0.00137845
14 0.00138867
15 0.0013735
16 0.00139898
17 0.00141642
18 0.00141035
19 0.00145609
20 0.00144616
21 0.00146213
22 0.00148083
23 0.00147791
24 0.000435132
25 -0.000663793
26 -0.000690982
27 -0.000675124
28 -0.000671592
29 -0.000640121
30 -0.000636551
31 -0.000647335
32 -0.000632543
33 -0.000646706
34 -0.000671352
35 -0.000681031
36 -0.000706048
37 -0.000708027
38 -0.000702535
39 -0.00072933
40 -0.000747314
41 -0.000749214
42 -0.000759832
43 -0.000726461
44 -0.000699689
45 -0.000713475
46 -0.000729158
47 -0.000642708
