0 -0.000128786
1 0.000129373
2 0.000143678
3 0.000168206
4 0.000188515
5 0.000221951
6 0.000268527
7 0.000323014
8 0.000351991
9 0.00036897
10 0.000350674
11 0.000331573
12 0.000348463
13 0.000373409
14 0.000397115
15 0.000424827
16 0.000455785
17 0.000495508
18 0.00052757
19 0.000536905
20 0.000569141
21 0.000578178
22 0.000610747
23 0.000607111
24 0.00011899
25 -0.000362829
26 -0.000362822
27 -0.000350074
28 -0.000370187
29 -0.000383785
30 -0.000393354
31 -0.000390599
32 -0.000406619
33 -0.000422334
34 -0.000448181
35 -0.000478297
36 -0.000492049
37 -0.0005019
38 -0.000520167
39 -0.000564336
40 -0.000586793
41 -0.000619236
42 -0.000656666
43 -0.00068868
44 -0.000743252
45 -0.000787988
46 -0.000837293
47 -0.000864353
