0 0.000546304
1 0.00133036
2 0.00134386
3 0.0013645
4 0.00139343
5 0.00139962
6 0.00142795
7 0.00144493
8 0.0014319
9 0.00144612
10 0.00142619
11 0.00144117
12 0.00142025
13 0.00143726
14 0.00142016
15 0.00139755
16 0.00138374
17 0.00139422
18 0.00140145
19 0.00137688
20 0.0013556
21 0.00136088
22 0.00136327
23 0.00132998
24 0.000133769
25 -0.00113048
26 -0.0011721
27 -0.0011508
28 -0.00112714
29 -0.00111596
30 -0.00111679
31 -0.00110747
32 -0.00111192
33 -0.00110967
34 -0.00109715
35 -0.00107067
36 -0.00106959
37 -0.00105884
38 -0.00104088
39 -0.00104155
40 -0.00104298
41 -0.00104358
42 -0.00106157
43 -0.00104693
44 -0.00105092
45 -0.00101873
46 -0.00101068
47 -0.000994383
