0 4.5634e-05
1 0.00059508
2 0.000606895
3 0.000612064
4 0.000585346
5 0.000583943
6 0.000609398
7 0.000594398
8 0.000575255
9 0.000625662
10 0.000715706
11 0.000780624
12 0.000849259
13 0.000906085
14 0.000922806
15 0.000916038
16 0.000883415
17 0.000890181
18 0.000857451
19 0.000875732
20 0.000869899
21 0.000957886
22 0.000979853
23 0.000983071
24 -5.73626e-05
25 -0.00111039
26 -0.00108652
27 -0.00103895
28 -0.00100167
29 -0.00101085
30 -0.00100067
31 -0.000956222
32 -0.000956572
33 -0.000913909
34 -0.000860274
35 -0.00081419
36 -0.000764357
37 -0.000747829
38 -0.000747855
39 -0.000752347
40 -0.00078159
41 -0.0007927
42 -0.000832881
43 -0.00086727
44 -0.000916733
45 -0.000929728
46 -0.000887027
47 -0.000949862
