0 -0.000284001
1 0.00108667
2 0.00111201
3 0.00106638
4 0.00105221
5 0.00100663
6 0.000972406
7 0.000991271
8 0.000973635
9 0.000962421
10 0.00101235
11 0.00102553
12 0.00102095
13 0.0010336
14 0.0010348
15 0.000959426
16 0.00094527
17 0.000949415
18 0.000961996
19 0.000969921
20 0.000939038
21 0.000950004
22 0.000942336
23 0.000938737
24 1.97512e-05
25 -0.000872038
26 -0.000874278
27 -0.000846319
28 -0.000814552
29 -0.000797065
30 -0.000798393
31 -0.000790249
32 -0.000799171
33 -0.000807472
34 -0.00084896
35 -0.00088376
36 -0.000902739
37 -0.000917301
38 -0.000940574
39 -0.000975514
40 -0.00100977
41 -0.00105861
42 -0.00106831
43 -0.00111388
44 -0.00112607
45 -0.00114666
46 -0.00122965
47 -0.00133424
