0 -0.000131482
1 0.000619216
2 0.000588363
3 0.000585539
4 0.000578422
5 0.000633662
6 0.00065237
7 0.000681039
8 0.000677402
9 0.0006701
10 0.000642925
11 0.000614659
12 0.000563727
13 0.000527627
14 0.000452308
15 0.000467928
16 0.000456475
17 0.000477016
18 0.000501915
19 0.000521379
20 0.000548706
21 0.000546567
22 0.000577108
23 0.000574802
24 -0.000147432
25 -0.000838184
26 -0.000814128
27 -0.000800864
28 -0.000737009
29 -0.000714978
30 -0.000674203
31 -0.000626376
32 -0.000591338
33 -0.000537337
34 -0.000500284
35 -0.000496525
36 -0.000482273
37 -0.000423582
38 -0.00039918
39 -0.000395965
40 -0.000363627
41 -0.000375849
42 -0.000381931
43 -0.000411791
44 -0.000479013
45 -0.000537452
46 -0.000634767
47 -0.000691228
