0 -0.000247973
1 0.00163051
2 0.00159962
3 0.00161123
4 0.00160165
5 0.0016001
6 0.00160324
7 0.00163098
8 0.0016255
9 0.00161091
10 0.00160927
11 0.00164224
12 0.00162345
13 0.0016288
14 0.00162122
15 0.00164318
16 0.00164925
17 0.00166
18 0.0016682
19 0.00166716
20 0.00168332
21 0.00167495
22 0.00164958
23 0.00162682
24 -0.000370507
25 -0.0024903
26 -0.00259269
27 -0.00255934
28 -0.00257334
29 -0.00258031
30 -0.00258598
31 -0.00258025
32 -0.0026299
33 -0.0026298
34 -0.00264656
35 -0.00263694
36 -0.00263402
37 -0.00264347
38 -0.00263052
39 -0.00265491
40 -0.00262666
41 -0.00267667
42 -0.00267881
43 -0.00269264
44 -0.00271519
45 -0.00275551
46 -0.00278883
47 -0.0027826
