0 0.000314335
1 0.00310591
2 0.00319122
3 0.00322766
4 0.003197
5 0.00323569
6 0.00323821
7 0.00321788
8 0.00320291
9 0.00325892
10 0.00322257
11 0.00318514
12 0.00322779
13 0.00320021
14 0.00319433
15 0.00326152
16 0.00322678
17 0.00323786
18 0.00328944
19 0.00322793
20 0.00326439
21 0.00331239
22 0.00336125
23 0.00325511
24 0.000312797
25 -0.00256861
26 -0.00267128
27 -0.00273097
28 -0.00269976
29 -0.00271533
30 -0.00272309
31 -0.0027166
32 -0.00275386
33 -0.00273391
34 -0.00275738
35 -0.0027606
36 -0.0027901
37 -0.00276482
38 -0.0027483
39 -0.00272971
40 -0.00271401
41 -0.00273937
42 -0.00274295
43 -0.00271237
44 -0.00270646
45 -0.00266972
46 -0.00259907
47 -0.00249237
