0 -7.78431e-05
1 0.00158176
2 0.00156657
3 0.00158827
4 0.00157512
5 0.00158502
6 0.00158217
7 0.00158577
8 0.00155969
9 0.00153098
10 0.0015508
11 0.00156289
12 0.00155425
13 0.00154682
14 0.00155318
15 0.00157141
16 0.00155952
17 0.00155538
18 0.00152639
19 0.00152751
20 0.00151364
21 0.00153138
22 0.00149935
23 0.00146106
24 -0.000125971
25 -0.00173944
26 -0.00179122
27 -0.00178551
28 -0.00178883
29 -0.0018141
30 -0.00183882
31 -0.00186889
32 -0.00191506
33 -0.00191292
34 -0.00190066
35 -0.00191828
36 -0.00191801
37 -0.00193252
38 -0.0019327
39 -0.00191344
40 -0.00188967
41 -0.00190364
42 -0.0019027
43 -0.00190499
44 -0.00188768
45 -0.00192886
46 -0.00193667
47 -0.00194819
