0 0.000150832
1 0.001321
2 0.00125369
3 0.00120656
4 0.00110788
5 0.00103389
6 0.00102347
7 0.00100309
8 0.00102743
9 0.00104333
10 0.00107325
11 0.00111718
12 0.00111773
13 0.00107694
14 0.00103015
15 0.00100921
16 0.000994842
17 0.000951019
18 0.000935284
19 0.000944052
20 0.000945966
21 0.00102883
22 0.00108204
23 0.00114084
24 9.13889e-05
25 -0.000917356
26 -0.000901429
27 -0.000856653
28 -0.000824267
29 -0.000822994
30 -0.000807848
31 -0.000826563
32 -0.000818099
33 -0.00084069
34 -0.000834264
35 -0.000807782
36 -0.000834101
37 -0.000851241
38 -0.000891786
39 -0.000894182
40 -0.000946352
41 -0.00095392
42 -0.000955183
43 -0.000948262
44 -0.000965441
45 -0.000958631
46 -0.00104531
47 -0.00106451
