0 4.42364e-05
1 0.00164319
2 0.00165502
3 0.00164615
4 0.00163284
5 0.00159486
6 0.00157234
7 0.00153464
8 0.00151254
9 0.00152448
10 0.00152824
11 0.00150047
12 0.00149796
13 0.00149815
14 0.00149601
15 0.00148324
16 0.00147476
17 0.00145534
18 0.0014689
19 0.00145831
20 0.00144593
21 0.00144939
22 0.00142054
23 0.00140305
24 2.19028e-05
25 -0.00132037
26 -0.00134258
27 -0.00133978
28 -0.00134516
29 -0.00133786
30 -0.0013431
31 -0.00132058
32 -0.00131654
33 -0.00130666
34 -0.00129974
35 -0.00129192
36 -0.00127639
37 -0.00128579
38 -0.00129111
39 -0.00127266
40 -0.00126864
41 -0.00126605
42 -0.00126041
43 -0.00126463
44 -0.00126035
45 -0.00125439
46 -0.00123369
47 -0.00116118
