0 0.000382034
1 0.00211147
2 0.00208777
3 0.00209999
4 0.00207953
5 0.00202628
6 0.00199332
7 0.00194102
8 0.00189574
9 0.00181111
10 0.00175717
11 0.00175205
12 0.00173987
13 0.00174057
14 0.00170902
15 0.00172816
16 0.0017317
17 0.00172416
18 0.0017218
19 0.00176594
20 0.00177379
21 0.00180874
22 0.00183978
23 0.00182279
24 0.000193533
25 -0.00147302
26 -0.00148023
27 -0.00148092
28 -0.00149803
29 -0.00152278
30 -0.00155941
31 -0.00158538
32 -0.00160921
33 -0.00162129
34 -0.00166881
35 -0.00172263
36 -0.00175329
37 -0.00175878
38 -0.00177092
39 -0.00180045
40 -0.00181201
41 -0.00178942
42 -0.00177258
43 -0.00173305
44 -0.0017725
45 -0.00172544
46 -0.00164758
47 -0.00161692
