0 -0.000255288
1 0.00113726
2 0.00117288
3 0.00118111
4 0.00117634
5 0.00115357
6 0.00113388
7 0.00111443
8 0.00110601
9 0.0010821
10 0.00108575
11 0.00107236
12 0.00107188
13 0.00110732
14 0.00113176
15 0.0011873
16 0.00122359
17 0.00125648
18 0.00126046
19 0.00128214
20 0.00128002
21 0.00131688
22 0.0013574
23 0.00137231
24 0.000141303
25 -0.00105478
26 -0.00108032
27 -0.00108469
28 -0.00111601
29 -0.00112545
30 -0.00115762
31 -0.00118054
32 -0.00123292
33 -0.00123792
34 -0.00127636
35 -0.00127021
36 -0.0012804
37 -0.0012893
38 -0.00134065
39 -0.00137709
40 -0.00143843
41 -0.00152119
42 -0.00159248
43 -0.00159805
44 -0.00163961
45 -0.00173005
46 -0.00179057
47 -0.00178284
