0 -0.000115989
1 0.00145212
2 0.00153529
3 0.00156253
4 0.00152283
5 0.00152148
6 0.00144035
7 0.00138252
8 0.00135869
9 0.0013049
10 0.00127416
11 0.00122953
12 0.00118513
13 0.00117843
14 0.00114167
15 0.00115277
16 0.00113015
17 0.00112449
18 0.00109409
19 0.0011056
20 0.00107745
21 0.00107043
22 0.0010702
23 0.00104293
24 -0.000247547
25 -0.00146472
26 -0.00146352
27 -0.00144126
28 -0.00145318
29 -0.00145241
30 -0.00146387
31 -0.00146129
32 -0.00144204
33 -0.00146302
34 -0.0014398
35 -0.00143242
36 -0.00141405
37 -0.00139607
38 -0.00138074
39 -0.00137106
40 -0.00132689
41 -0.00130418
42 -0.00125477
43 -0.0011983
44 -0.00120879
45 -0.00123117
46 -0.00118262
47 -0.00112116
