0 -0.000189223
1 0.000822085
2 0.00094508
3 0.000975952
4 0.00101812
5 0.00103159
6 0.00103664
7 0.000996043
8 0.000986058
9 0.000991474
10 0.000954007
11 0.000926131
12 0.000936126
13 0.000961231
14 0.00096513
15 0.000984691
16 0.00101461
17 0.00101836
18 0.00102296
19 0.00103876
20 0.00105944
21 0.00105811
22 0.00104121
23 0.000987485
24 -0.000257639
25 -0.00153582
26 -0.00157381
27 -0.00159931
28 -0.00159653
29 -0.00163553
30 -0.00168127
31 -0.00169699
32 -0.00170529
33 -0.00170498
34 -0.00171176
35 -0.00167137
36 -0.00170059
37 -0.00167222
38 -0.00165026
39 -0.00163042
40 -0.00158661
41 -0.00156102
42 -0.00151087
43 -0.00148821
44 -0.00150045
45 -0.00151743
46 -0.00151648
47 -0.00151255
