0 -0.000527029
1 0.00116224
2 0.00124216
3 0.00122709
4 0.00120774
5 0.00120686
6 0.00119124
7 0.00117229
8 0.00117659
9 0.00112512
10 0.0011221
11 0.00110636
12 0.00108167
13 0.00106195
14 0.00106689
15 0.0010632
16 0.0010473
17 0.00102718
18 0.00101544
19 0.000996169
20 0.000975493
21 0.000995359
22 0.000969282
23 0.000955878
24 -0.00032518
25 -0.00163222
26 -0.00167683
27 -0.00168424
28 -0.00169202
29 -0.00166872
30 -0.00166845
31 -0.00165871
32 -0.00164705
33 -0.00162577
34 -0.00163133
35 -0.00162246
36 -0.00161095
37 -0.00161693
38 -0.00163677
39 -0.00164725
40 -0.00166211
41 -0.0016853
42 -0.00170751
43 -0.00170721
44 -0.0016993
45 -0.00172015
46 -0.00169233
47 -0.00164673
