0 0.000593618
1 0.00256643
2 0.00255762
3 0.00254329
4 0.00249368
5 0.00248449
6 0.00249511
7 0.00251205
8 0.00247993
9 0.00245813
10 0.00247321
11 0.00249522
12 0.00251681
13 0.00249633
14 0.00250521
15 0.00249021
16 0.00252331
17 0.00251362
18 0.00249064
19 0.00252479
20 0.00246749
21 0.00248875
22 0.00244415
23 0.00245297
24 0.000733509
25 -0.000848432
26 -0.000914288
27 -0.000938753
28 -0.000949335
29 -0.000975911
30 -0.000995682
31 -0.00102985
32 -0.00103074
33 -0.00104073
34 -0.00106387
35 -0.00106436
36 -0.00109661
37 -0.00109884
38 -0.00112343
39 -0.0011365
40 -0.00112036
41 -0.00114987
42 -0.00115673
43 -0.00118744
44 -0.00120251
45 -0.00122756
46 -0.0012768
47 -0.00119541
