0 -0.000132725
1 0.000217239
2 0.000180076
3 0.000223112
4 0.000237757
5 0.000245829
6 0.000248265
7 0.00025058
8 0.000274454
9 0.000305083
10 0.000316164
11 0.000307984
12 0.000314255
13 0.000320052
14 0.000326867
15 0.000300207
16 0.000298095
17 0.000319558
18 0.000348809
19 0.000411504
20 0.000494664
21 0.000541915
22 0.000604322
23 0.000648197
24 -4.27759e-05
25 -0.000620909
26 -0.000594788
27 -0.000554109
28 -0.00056033
29 -0.000547681
30 -0.000505077
31 -0.000490172
32 -0.000423817
33 -0.000368768
34 -0.000303841
35 -0.000268335
36 -0.000235877
37 -0.000235423
38 -0.000222781
39 -0.000219991
40 -0.000258136
41 -0.000275661
42 -0.000290924
43 -0.000311953
44 -0.000368761
45 -0.000406147
46 -0.000465476
47 -0.000595416
