0 -0.000124381
1 0.000901891
2 0.000992915
3 0.000974537
4 0.000988079
5 0.000971909
6 0.000972261
7 0.000996392
8 0.000958764
9 0.000955951
10 0.000948827
11 0.000953564
12 0.000929496
13 0.000931461
14 0.000916787
15 0.000914475
16 0.000909554
17 0.000905395
18 0.000909504
19 0.000908519
20 0.000906015
21 0.000915663
22 0.000932742
23 0.000904814
24 -0.0002343
25 -0.00139621
26 -0.00142386
27 -0.00143005
28 -0.00143265
29 -0.00143864
30 -0.00143058
31 -0.00144139
32 -0.00143531
33 -0.00145338
34 -0.00142776
35 -0.00141813
36 -0.0014188
37 -0.00142692
38 -0.0014198
39 -0.00144356
40 -0.00146285
41 -0.00147438
42 -0.00150817
43 -0.00147397
44 -0.00149048
45 -0.00149713
46 -0.00152127
47 -0.0014881
