0 -1.26089e-05
1 0.00214146
2 0.00217094
3 0.00211245
4 0.00207941
5 0.00205418
6 0.00201871
7 0.00197265
8 0.00196774
9 0.00192849
10 0.00187789
11 0.00186627
12 0.00187583
13 0.00183941
14 0.00184348
15 0.00183848
16 0.00185105
17 0.00182981
18 0.00179836
19 0.00177524
20 0.0017588
21 0.00173206
22 0.00175027
23 0.0016928
24 0.000378531
25 -0.000963549
26 -0.000992484
27 -0.000997775
28 -0.00101252
29 -0.00102736
30 -0.00103991
31 -0.00101595
32 -0.00106208
33 -0.00106451
34 -0.00109701
35 -0.00111733
36 -0.00112959
37 -0.00113706
38 -0.00114622
39 -0.00116832
40 -0.0011696
41 -0.00115476
42 -0.00116515
43 -0.00117758
44 -0.00117637
45 -0.00121443
46 -0.00120653
47 -0.00112676
