0 -8.98445e-05
1 0.00176087
2 0.00175128
3 0.00174933
4 0.00173717
5 0.00170352
6 0.00170996
7 0.00171752
8 0.00167728
9 0.00167071
10 0.00167203
11 0.00164275
12 0.00164568
13 0.00163121
14 0.00163192
15 0.00161757
16 0.00164475
17 0.00164211
18 0.00168095
19 0.00168996
20 0.00172252
21 0.00175636
22 0.00177583
23 0.0017481
24 9.31695e-06
25 -0.00169604
26 -0.00172728
27 -0.00171138
28 -0.00170309
29 -0.00170181
30 -0.0017218
31 -0.00172157
32 -0.00172337
33 -0.00172496
34 -0.00170767
35 -0.0017093
36 -0.00170301
37 -0.00168263
38 -0.00168767
39 -0.00169508
40 -0.00166537
41 -0.0016766
42 -0.00165933
43 -0.00165956
44 -0.00165524
45 -0.0016736
46 -0.00167627
47 -0.00164424
