0 -0.000117898
1 0.00118228
2 0.00124126
3 0.00123031
4 0.00120423
5 0.00119581
6 0.0011889
7 0.00114825
8 0.00112877
9 0.00110783
10 0.00111243
11 0.00112198
12 0.00113641
13 0.00115706
14 0.00119074
15 0.00122125
16 0.00123667
17 0.00124565
18 0.00126056
19 0.0012734
20 0.00129025
21 0.00130642
22 0.00131539
23 0.00129932
24 3.38693e-05
25 -0.00130648
26 -0.00129532
27 -0.00129965
28 -0.00130612
29 -0.00130103
30 -0.00127636
31 -0.00130762
32 -0.00129436
33 -0.00129524
34 -0.00126968
35 -0.00124646
36 -0.00125753
37 -0.00124547
38 -0.00123907
39 -0.00123052
40 -0.00124202
41 -0.00122175
42 -0.00121578
43 -0.00120455
44 -0.00120727
45 -0.00123863
46 -0.00125808
47 -0.00126358
