0 -0.000123057
1 0.00204452
2 0.00212435
3 0.00209214
4 0.00205732
5 0.00203987
6 0.00202682
7 0.00202423
8 0.00205061
9 0.00200942
10 0.00201373
11 0.00200539
12 0.00199203
13 0.00199837
14 0.00201361
15 0.00202111
16 0.00201644
17 0.00202078
18 0.00202655
19 0.00202055
20 0.00204522
21 0.00203722
22 0.00201125
23 0.00195616
24 4.23662e-05
25 -0.00186624
26 -0.00189987
27 -0.0018936
28 -0.0019003
29 -0.00187374
30 -0.00186288
31 -0.00186945
32 -0.00183819
33 -0.00185609
34 -0.00183507
35 -0.00186998
36 -0.00185573
37 -0.00186764
38 -0.00186413
39 -0.00188527
40 -0.00192394
41 -0.00189929
42 -0.00192159
43 -0.00193039
44 -0.00198588
45 -0.00195578
46 -0.00200405
47 -0.00199002
