0 0.000145939
1 0.00189813
2 0.00190591
3 0.00190777
4 0.00188374
5 0.00192237
6 0.00193569
7 0.00195027
8 0.00193701
9 0.00193907
10 0.00192508
11 0.00192492
12 0.00189729
13 0.00192832
14 0.0018897
15 0.00188731
16 0.00187767
17 0.00188726
18 0.00187751
19 0.00184771
20 0.00184194
21 0.00182583
22 0.00182306
23 0.00179198
24 0.000113203
25 -0.00151952
26 -0.00154943
27 -0.00155057
28 -0.00155003
29 -0.0015177
30 -0.00150109
31 -0.00149064
32 -0.00151312
33 -0.00150054
34 -0.00146979
35 -0.00147012
36 -0.00149944
37 -0.00151728
38 -0.00150603
39 -0.00149441
40 -0.00151574
41 -0.00151936
42 -0.00153371
43 -0.00151373
44 -0.00147904
45 -0.00147371
46 -0.00146404
47 -0.00136716
