0 0.000167142
1 0.00157884
2 0.00155
3 0.0015653
4 0.00151688
5 0.00150885
6 0.0014994
7 0.00148123
8 0.00146456
9 0.00148927
10 0.00150429
11 0.00149717
12 0.00152223
13 0.00151999
14 0.00151798
15 0.00153045
16 0.00151572
17 0.00151573
18 0.00153634
19 0.00155345
20 0.00155578
21 0.00155945
22 0.00156696
23 0.00153633
24 5.29059e-05
25 -0.00148284
26 -0.00152378
27 -0.00153494
28 -0.00154263
29 -0.00152779
30 -0.00155176
31 -0.0015474
32 -0.00154641
33 -0.00154458
34 -0.00155537
35 -0.00157425
36 -0.00159351
37 -0.00160455
38 -0.00161148
39 -0.00162134
40 -0.00164966
41 -0.00161447
42 -0.00163343
43 -0.0016866
44 -0.00166816
45 -0.00168344
46 -0.00166017
47 -0.00158989
