0 0.000213831
1 0.00221911
2 0.00234634
3 0.00229478
4 0.00222478
5 0.0021836
6 0.00218695
7 0.00218037
8 0.00216611
9 0.0021877
10 0.00219003
11 0.00219054
12 0.00218778
13 0.00221578
14 0.00226085
15 0.00227898
16 0.00227226
17 0.00231379
18 0.0023177
19 0.00227306
20 0.00231075
21 0.00226095
22 0.00227289
23 0.00223585
24 9.81706e-05
25 -0.00190248
26 -0.00195318
27 -0.0019513
28 -0.00195559
29 -0.00198889
30 -0.00197479
31 -0.00199165
32 -0.00199088
33 -0.00202624
34 -0.00198536
35 -0.00197101
36 -0.0019788
37 -0.00200046
38 -0.00201874
39 -0.00198466
40 -0.00200416
41 -0.00199245
42 -0.00203896
43 -0.00203713
44 -0.00207161
45 -0.00215676
46 -0.00216094
47 -0.00219749
