0 0.00056434
1 0.00164686
2 0.00162543
3 0.00163344
4 0.00154096
5 0.00144575
6 0.00143318
7 0.00139669
8 0.00139461
9 0.00131811
10 0.00128571
11 0.00126503
12 0.00125602
13 0.00125297
14 0.0012056
15 0.00121193
16 0.00118779
17 0.00116191
18 0.00114729
19 0.00113788
20 0.00115596
21 0.00114591
22 0.00111452
23 0.00110775
24 6.04929e-05
25 -0.00105493
26 -0.00105528
27 -0.00107144
28 -0.0010688
29 -0.00107586
30 -0.00105812
31 -0.00106558
32 -0.00108619
33 -0.00111087
34 -0.00112017
35 -0.00116212
36 -0.00119597
37 -0.00123936
38 -0.00124379
39 -0.0012459
40 -0.00125732
41 -0.00124741
42 -0.00120128
43 -0.00113951
44 -0.0011244
45 -0.00105067
46 -0.000987844
47 -0.000950764
