0 0.000140444
1 0.00208144
2 0.00213315
3 0.0021244
4 0.00216083
5 0.00213884
6 0.00212455
7 0.00213636
8 0.00212169
9 0.0020917
10 0.00204429
11 0.00201485
12 0.00200191
13 0.00196722
14 0.00194611
15 0.00195971
16 0.00195374
17 0.00193272
18 0.00194942
19 0.00194483
20 0.00195376
21 0.00196761
22 0.00198479
23 0.0019431
24 0.000133442
25 -0.00161923
26 -0.00165523
27 -0.00169512
28 -0.00172247
29 -0.00172245
30 -0.00170688
31 -0.00172939
32 -0.00174847
33 -0.00177198
34 -0.00182002
35 -0.00181963
36 -0.00181583
37 -0.00183313
38 -0.00184663
39 -0.00182169
40 -0.00183678
41 -0.00181309
42 -0.00177355
43 -0.00173007
44 -0.00174408
45 -0.00174223
46 -0.00173389
47 -0.00167326
