0 0.000122745
1 0.00128413
2 0.00138553
3 0.00133549
4 0.00131586
5 0.00136224
6 0.00134035
7 0.00136843
8 0.00136712
9 0.00136079
10 0.00132339
11 0.00129138
12 0.00134825
13 0.00134812
14 0.00132503
15 0.00131786
16 0.00131518
17 0.0013344
18 0.00127671
19 0.00127421
20 0.00125302
21 0.0012451
22 0.00126012
23 0.00123953
24 -0.000188991
25 -0.00147981
26 -0.00149746
27 -0.00145157
28 -0.00142241
29 -0.0013961
30 -0.00137115
31 -0.00133467
32 -0.00131084
33 -0.00129459
34 -0.00130618
35 -0.00129313
36 -0.00130917
37 -0.00130928
38 -0.00128509
39 -0.00131691
40 -0.0012941
41 -0.00132035
42 -0.00129631
43 -0.00127249
44 -0.00124885
45 -0.00124208
46 -0.00121263
47 -0.00112819
