0 0.000169334
1 0.00196931
2 0.0019114
3 0.00192073
4 0.001965
5 0.00195257
6 0.00192779
7 0.00195509
8 0.00195842
9 0.00196059
10 0.00192965
11 0.0019474
12 0.00196093
13 0.00195265
14 0.00196005
15 0.0019296
16 0.00192444
17 0.00194952
18 0.00196401
19 0.00195491
20 0.00195901
21 0.00195404
22 0.00191893
23 0.00185749
24 -7.98674e-05
25 -0.00195455
26 -0.00200937
27 -0.00201269
28 -0.00200766
29 -0.00201586
30 -0.00202854
31 -0.00203197
32 -0.00201742
33 -0.00202079
34 -0.00201786
35 -0.00204037
36 -0.00200978
37 -0.00204382
38 -0.00204085
39 -0.0019992
40 -0.00202524
41 -0.00201656
42 -0.00202187
43 -0.00201678
44 -0.00199396
45 -0.00202552
46 -0.00197387
47 -0.00196137
