0 0.000315233
1 0.0028958
2 0.00282849
3 0.00286062
4 0.0028707
5 0.00288916
6 0.0028854
7 0.00287934
8 0.0029419
9 0.00297973
10 0.00294825
11 0.00292503
12 0.00290739
13 0.00286814
14 0.00284474
15 0.00285637
16 0.00286125
17 0.0028631
18 0.00281907
19 0.002856
20 0.00285213
21 0.00282398
22 0.0027972
23 0.00275665
24 0.0005649
25 -0.00169382
26 -0.00174458
27 -0.00174555
28 -0.00175281
29 -0.00175774
30 -0.00177521
31 -0.001766
32 -0.00175202
33 -0.00172852
34 -0.0017222
35 -0.00168497
36 -0.00171934
37 -0.00170391
38 -0.00168002
39 -0.00166821
40 -0.00165965
41 -0.00161933
42 -0.00160409
43 -0.00167226
44 -0.00161564
45 -0.00162936
46 -0.00155301
47 -0.00153778
