0 -5.70447e-05
1 0.00120704
2 0.00121013
3 0.00122128
4 0.00120787
5 0.00118533
6 0.00120274
7 0.00121498
8 0.00118894
9 0.00120366
10 0.00117774
11 0.00116569
12 0.00118727
13 0.00119358
14 0.00117487
15 0.00118063
16 0.0011467
17 0.00115564
18 0.00113567
19 0.00116993
20 0.00117217
21 0.00122787
22 0.00126496
23 0.00127681
24 -9.40101e-05
25 -0.00138719
26 -0.0013695
27 -0.00135619
28 -0.00132258
29 -0.00131617
30 -0.00128708
31 -0.00126205
32 -0.00123759
33 -0.00122771
34 -0.00120511
35 -0.00119204
36 -0.00115101
37 -0.00113346
38 -0.00111726
39 -0.00109871
40 -0.00107104
41 -0.00105542
42 -0.00106747
43 -0.00108148
44 -0.00107464
45 -0.00110785
46 -0.00108889
47 -0.00113334
