0 -0.000133578
1 0.00116039
2 0.00113657
3 0.00114517
4 0.00110604
5 0.00115748
6 0.00121211
7 0.00123013
8 0.00128197
9 0.00134975
10 0.00135605
11 0.00137131
12 0.00140068
13 0.00139557
14 0.00141567
15 0.00143578
16 0.0014563
17 0.00146287
18 0.00145724
19 0.00146591
20 0.00147857
21 0.00147402
22 0.0014472
23 0.00145076
24 0.00017168
25 -0.00104739
26 -0.00104966
27 -0.00103808
28 -0.00100907
29 -0.000975805
30 -0.00096226
31 -0.000950173
32 -0.000893542
33 -0.000854619
34 -0.000832007
35 -0.000808878
36 -0.00079218
37 -0.000817307
38 -0.000796048
39 -0.000778594
40 -0.000730289
41 -0.00070187
42 -0.000720049
43 -0.000735286
44 -0.000760959
45 -0.000819851
46 -0.000820617
47 -0.000929186
