0 0.000314162
1 0.00199094
2 0.00200271
3 0.0019897
4 0.00202055
5 0.00202986
6 0.0020114
7 0.00200212
8 0.00202455
9 0.00203843
10 0.0020217
11 0.00204042
12 0.00201126
13 0.00199522
14 0.00202899
15 0.00201443
16 0.00200673
17 0.00201813
18 0.00199701
19 0.0020434
20 0.00205438
21 0.00203368
22 0.00200855
23 0.00194362
24 0.000114059
25 -0.00161525
26 -0.00167879
27 -0.00164767
28 -0.00167149
29 -0.00166828
30 -0.00165673
31 -0.00166838
32 -0.00165945
33 -0.00167753
34 -0.0016823
35 -0.0016758
36 -0.00166491
37 -0.00164457
38 -0.00166571
39 -0.00169672
40 -0.00165099
41 -0.00168719
42 -0.00164393
43 -0.00166295
44 -0.00166886
45 -0.00163806
46 -0.00166316
47 -0.00162395
