0 -0.000634029
1 0.00134188
2 0.00134882
3 0.00135871
4 0.00135941
5 0.00137983
6 0.00141451
7 0.00137998
8 0.0013717
9 0.00138337
10 0.00140996
11 0.00138675
12 0.00136692
13 0.00137481
14 0.00137285
15 0.00137826
16 0.00134411
17 0.00134541
18 0.00135382
19 0.0013072
20 0.00129165
21 0.00128633
22 0.00127708
23 0.00121483
24 -0.000815492
25 -0.00279566
26 -0.00283181
27 -0.00287507
28 -0.00293501
29 -0.00289624
30 -0.0029213
31 -0.00289712
32 -0.00290051
33 -0.00289253
34 -0.00285978
35 -0.00284206
36 -0.00282688
37 -0.00279579
38 -0.00279906
39 -0.00275563
40 -0.00273274
41 -0.00277058
42 -0.00277938
43 -0.0028075
44 -0.00280919
45 -0.00284907
46 -0.00284098
47 -0.00288006
