0 -0.000389706
1 0.000592424
2 0.00058941
3 0.000568857
4 0.000569259
5 0.000567462
6 0.000598335
7 0.000619163
8 0.000628658
9 0.000630158
10 0.000660906
11 0.000672591
12 0.000698156
13 0.000732567
14 0.000766238
15 0.000799728
16 0.000832827
17 0.000867641
18 0.000878636
19 0.000921371
20 0.000928287
21 0.000917158
22 0.000928885
23 0.000916669
24 -0.0001275
25 -0.00117244
26 -0.00116643
27 -0.00115641
28 -0.00114118
29 -0.00110457
30 -0.00110145
31 -0.00109135
32 -0.00109528
33 -0.00109538
34 -0.00105532
35 -0.001058
36 -0.00108474
37 -0.00108733
38 -0.00109622
39 -0.00109026
40 -0.00107967
41 -0.00107221
42 -0.00108976
43 -0.00111114
44 -0.00109812
45 -0.00112824
46 -0.00113595
47 -0.00117974
