0 0.000236993
1 0.0005351
2 0.000597154
3 0.000591663
4 0.000625917
5 0.000633157
6 0.000654153
7 0.000683051
8 0.000706271
9 0.000725789
10 0.000696382
11 0.000685863
12 0.000671749
13 0.000643813
14 0.000630468
15 0.000610192
16 0.000584709
17 0.000567266
18 0.000543413
19 0.000549373
20 0.000553469
21 0.000587488
22 0.000628915
23 0.000653144
24 -9.17575e-05
25 -0.000725189
26 -0.000691098
27 -0.000692236
28 -0.000722421
29 -0.00069787
30 -0.000671547
31 -0.000638078
32 -0.000600794
33 -0.000568564
34 -0.000526301
35 -0.000485945
36 -0.000452698
37 -0.000410481
38 -0.000343891
39 -0.000302747
40 -0.000257408
41 -0.000174466
42 -0.000118771
43 -8.36979e-05
44 -8.07403e-05
45 -0.000106882
46 -0.000171231
47 -0.000216734
