0 0.000394132
1 0.00251143
2 0.00248396
3 0.00246868
4 0.00242786
5 0.00241111
6 0.00237649
7 0.00232087
8 0.00229807
9 0.00225658
10 0.00217671
11 0.00217809
12 0.00217873
13 0.00215009
14 0.00210873
15 0.00210743
16 0.00210904
17 0.00207199
18 0.00210105
19 0.00209134
20 0.00207747
21 0.00210637
22 0.00205707
23 0.002029
24 0.000245387
25 -0.00173324
26 -0.00178571
27 -0.00174465
28 -0.00174902
29 -0.00173899
30 -0.00178868
31 -0.0017781
32 -0.0018037
33 -0.00179642
34 -0.00178881
35 -0.00181687
36 -0.00180609
37 -0.00180492
38 -0.00179186
39 -0.00181611
40 -0.00183104
41 -0.00184372
42 -0.00186053
43 -0.00187928
44 -0.00196085
45 -0.00195054
46 -0.0019499
47 -0.00198673
