0 0.000496847
1 0.00154468
2 0.00156866
3 0.00157009
4 0.00159304
5 0.00158348
6 0.0015976
7 0.00159567
8 0.00157025
9 0.00158682
10 0.00157331
11 0.00159895
12 0.00159032
13 0.00161651
14 0.00160956
15 0.00159518
16 0.0015862
17 0.00160156
18 0.00163027
19 0.00160456
20 0.00158738
21 0.00159284
22 0.00159138
23 0.00154567
24 0.000258981
25 -0.00111356
26 -0.0011735
27 -0.00116408
28 -0.00114918
29 -0.00113935
30 -0.00115363
31 -0.00115774
32 -0.00115729
33 -0.00116642
34 -0.00116165
35 -0.00115037
36 -0.00115536
37 -0.00115781
38 -0.00114872
39 -0.00115182
40 -0.00115601
41 -0.00116135
42 -0.00117242
43 -0.0011585
44 -0.00116488
45 -0.00113769
46 -0.00115241
47 -0.0011517
