0 0.000185635
1 0.00137046
2 0.00136049
3 0.0013388
4 0.00135599
5 0.00134467
6 0.00136778
7 0.00140746
8 0.00140004
9 0.00140229
10 0.00144468
11 0.00145728
12 0.00145724
13 0.00145045
14 0.00146031
15 0.00143418
16 0.00142161
17 0.00141926
18 0.00142147
19 0.00141673
20 0.00143679
21 0.00145702
22 0.00148093
23 0.00146598
24 0.000389429
25 -0.000640818
26 -0.000693659
27 -0.000710677
28 -0.000743791
29 -0.000748114
30 -0.000771963
31 -0.00077259
32 -0.000790375
33 -0.000792162
34 -0.000789621
35 -0.000797141
36 -0.000787622
37 -0.000784937
38 -0.000785045
39 -0.000771206
40 -0.00076722
41 -0.000775119
42 -0.000730677
43 -0.000744318
44 -0.000756362
45 -0.000781216
46 -0.000882939
47 -0.000924315
