0 0.000108494
1 0.00120519
2 0.00120307
3 0.00116124
4 0.00114686
5 0.00109634
6 0.00103599
7 0.00102479
8 0.000982669
9 0.000972194
10 0.000982049
11 0.00101095
12 0.00106884
13 0.00110068
14 0.00115088
15 0.00119875
16 0.00123547
17 0.00130198
18 0.00134488
19 0.0013278
20 0.00133753
21 0.00134735
22 0.00134662
23 0.00134164
24 -1.14807e-05
25 -0.00130918
26 -0.00127883
27 -0.0012736
28 -0.00129645
29 -0.00130238
30 -0.00132238
31 -0.00135172
32 -0.0013774
33 -0.00135812
34 -0.001298
35 -0.00130589
36 -0.00131253
37 -0.00130379
38 -0.00132458
39 -0.00131484
40 -0.00131207
41 -0.00127137
42 -0.00122679
43 -0.00120419
44 -0.00124079
45 -0.00121134
46 -0.00121515
47 -0.0012914
