0 -0.000477056
1 0.00106612
2 0.00104033
3 0.00103547
4 0.00102789
5 0.00103687
6 0.00104574
7 0.00104606
8 0.00104407
9 0.0010452
10 0.0010496
11 0.00106206
12 0.00107089
13 0.00107446
14 0.00110154
15 0.00111558
16 0.00112185
17 0.00114282
18 0.00113429
19 0.00116903
20 0.00117138
21 0.00115117
22 0.00115716
23 0.00112972
24 -0.00034433
25 -0.00189195
26 -0.00191683
27 -0.00192542
28 -0.00193059
29 -0.00193043
30 -0.00188695
31 -0.00189226
32 -0.00193151
33 -0.00191299
34 -0.00192526
35 -0.00190395
36 -0.00189718
37 -0.00187671
38 -0.00190342
39 -0.00190394
40 -0.00190995
41 -0.00192517
42 -0.00196047
43 -0.00191885
44 -0.00193198
45 -0.00197758
46 -0.00196179
47 -0.00195593
