0 -0.000374969
1 0.001134
2 0.0012037
3 0.0011993
4 0.0011379
5 0.00111728
6 0.00107664
7 0.00104296
8 0.00102121
9 0.00101359
10 0.00100102
11 0.00099313
12 0.000972223
13 0.000981791
14 0.000959741
15 0.000943623
16 0.000924106
17 0.000906112
18 0.000872359
19 0.000909416
20 0.000916308
21 0.000926498
22 0.000938865
23 0.000928085
24 -0.000251629
25 -0.00147898
26 -0.0015344
27 -0.00158124
28 -0.00163168
29 -0.00163285
30 -0.00169051
31 -0.00171719
32 -0.00172797
33 -0.00174071
34 -0.00174195
35 -0.0017554
36 -0.00176117
37 -0.00173893
38 -0.001737
39 -0.00170946
40 -0.00169333
41 -0.00165174
42 -0.00166071
43 -0.0016036
44 -0.00165708
45 -0.0015951
46 -0.00155889
47 -0.00152447
