0 -5.91069e-05
1 0.00136838
2 0.00135764
3 0.00137409
4 0.00134057
5 0.00138784
6 0.001432
7 0.00143949
8 0.00148439
9 0.00154506
10 0.0015585
11 0.00157371
12 0.00160837
13 0.00160406
14 0.00162302
15 0.00164251
16 0.00166763
17 0.0016695
18 0.0016609
19 0.00167393
20 0.00168179
21 0.00167087
22 0.00163458
23 0.00163052
24 0.000194373
25 -0.00117272
26 -0.00118375
27 -0.00117823
28 -0.00115466
29 -0.00113012
30 -0.00112321
31 -0.00112149
32 -0.00107192
33 -0.00103565
34 -0.00101959
35 -0.000997262
36 -0.000983827
37 -0.00101797
38 -0.000995786
39 -0.000983259
40 -0.000938526
41 -0.000908492
42 -0.000931548
43 -0.000944779
44 -0.000976088
45 -0.001036
46 -0.00102147
47 -0.00110715
