0 0.000478734
1 0.00193443
2 0.00201505
3 0.00201362
4 0.00198848
5 0.00199799
6 0.002003
7 0.00202487
8 0.00202318
9 0.00204926
10 0.00201968
11 0.00200398
12 0.00200804
13 0.00198257
14 0.00197702
15 0.00196984
16 0.0019513
17 0.0019417
18 0.00193982
19 0.00194922
20 0.00192049
21 0.00192709
22 0.00191339
23 0.0018705
24 0.000350844
25 -0.00125967
26 -0.00129795
27 -0.00130006
28 -0.00130719
29 -0.0013134
30 -0.0013147
31 -0.00131201
32 -0.00132521
33 -0.00132877
34 -0.00131621
35 -0.00131279
36 -0.00129955
37 -0.00129614
38 -0.00129799
39 -0.00129986
40 -0.00132489
41 -0.00130157
42 -0.0012975
43 -0.00128576
44 -0.00128954
45 -0.00127546
46 -0.00130345
47 -0.00132279
