0 -0.000486708
1 3.16437e-05
2 5.84003e-05
3 8.33167e-05
4 0.000106212
5 0.000117893
6 0.000139018
7 0.000168282
8 0.000218175
9 0.000252665
10 0.000279872
11 0.000298221
12 0.000299808
13 0.000278043
14 0.000262317
15 0.000252345
16 0.000248008
17 0.000263818
18 0.000260571
19 0.000252061
20 0.00023923
21 0.000242529
22 0.000239371
23 0.000235326
24 -0.000294056
25 -0.000848038
26 -0.00085691
27 -0.000856243
28 -0.000844717
29 -0.000822635
30 -0.000825698
31 -0.000851493
32 -0.000872753
33 -0.000878431
34 -0.000910477
35 -0.000927909
36 -0.000934318
37 -0.000955687
38 -0.000965673
39 -0.000945614
40 -0.000951406
41 -0.000946714
42 -0.00095877
43 -0.000961484
44 -0.000958643
45 -0.000975827
46 -0.00102779
47 -0.00109882
