0 -0.000474839
1 0.00112241
2 0.00117841
3 0.0011342
4 0.00113208
5 0.0010948
6 0.00104903
7 0.00101873
8 0.0010261
9 0.0010377
10 0.00103942
11 0.00104009
12 0.00106379
13 0.00106642
14 0.00106331
15 0.00104975
16 0.00102448
17 0.00102817
18 0.000992145
19 0.000960859
20 0.000971238
21 0.000945347
22 0.000942276
23 0.000888622
24 -0.000295359
25 -0.00138829
26 -0.00142135
27 -0.00145517
28 -0.00143271
29 -0.00144101
30 -0.00144418
31 -0.00143449
32 -0.00141843
33 -0.00141522
34 -0.00139492
35 -0.00143507
36 -0.00142579
37 -0.00143578
38 -0.00146437
39 -0.0014589
40 -0.00150598
41 -0.00153428
42 -0.00157671
43 -0.0016064
44 -0.00161065
45 -0.00159954
46 -0.0015131
47 -0.00150079
