0 0.00029146
1 0.00267508
2 0.00269297
3 0.00269221
4 0.00266166
5 0.00267083
6 0.00266267
7 0.00262161
8 0.00262563
9 0.00260029
10 0.00253783
11 0.002576
12 0.00258159
13 0.00256464
14 0.00252131
15 0.00252543
16 0.00253416
17 0.00250575
18 0.00252825
19 0.00250779
20 0.00250051
21 0.00251884
22 0.00245614
23 0.00239457
24 0.00030407
25 -0.00198732
26 -0.00205847
27 -0.00202973
28 -0.00204987
29 -0.00203882
30 -0.0020883
31 -0.00207834
32 -0.00209318
33 -0.00208179
34 -0.00206505
35 -0.00209796
36 -0.00208468
37 -0.00208322
38 -0.00206865
39 -0.00209744
40 -0.00210047
41 -0.00210742
42 -0.00211103
43 -0.00211828
44 -0.00219188
45 -0.00216535
46 -0.00213443
47 -0.00215904
