0 0.00010329
1 0.000672716
2 0.00063577
3 0.000610155
4 0.000609273
5 0.000597409
6 0.000567483
7 0.000560259
8 0.000537609
9 0.000513516
10 0.00050589
11 0.000493084
12 0.000491679
13 0.000478589
14 0.000443876
15 0.000416274
16 0.000373972
17 0.000345103
18 0.000314933
19 0.000308357
20 0.000307135
21 0.000339446
22 0.000357738
23 0.000374133
24 -0.000169521
25 -0.000737231
26 -0.000724944
27 -0.000696929
28 -0.000678778
29 -0.000661178
30 -0.000640245
31 -0.000624324
32 -0.000604027
33 -0.000593007
34 -0.000593378
35 -0.000573048
36 -0.000584043
37 -0.000573229
38 -0.000549107
39 -0.000552305
40 -0.000555688
41 -0.000555842
42 -0.000531493
43 -0.000525873
44 -0.0005219
45 -0.000547401
46 -0.000569634
47 -0.000598354
