0 -0.000135529
1 0.00122819
2 0.00137313
3 0.00139167
4 0.00142715
5 0.00144796
6 0.00144315
7 0.00139447
8 0.00139154
9 0.00138407
10 0.0013681
11 0.00133494
12 0.00133327
13 0.00135151
14 0.00134018
15 0.00135065
16 0.00136389
17 0.00136546
18 0.00136988
19 0.00138187
20 0.00139008
21 0.00139354
22 0.00137099
23 0.00131806
24 -0.000350654
25 -0.00211219
26 -0.00215863
27 -0.00216327
28 -0.00216031
29 -0.00216386
30 -0.00218777
31 -0.00217104
32 -0.00217847
33 -0.0021511
34 -0.00216596
35 -0.00212677
36 -0.00216351
37 -0.00214892
38 -0.00213613
39 -0.00213036
40 -0.00209873
41 -0.00210141
42 -0.00205572
43 -0.0020674
44 -0.00207871
45 -0.00211186
46 -0.0020932
47 -0.0020492
