0 0.000152077
1 0.000607803
2 0.000653668
3 0.000686027
4 0.000703723
5 0.000719657
6 0.00073997
7 0.000759868
8 0.000775943
9 0.000786609
10 0.000777617
11 0.000766046
12 0.000752297
13 0.000741795
14 0.000717024
15 0.000725959
16 0.000728661
17 0.000743217
18 0.000753589
19 0.000811643
20 0.000855245
21 0.000909949
22 0.000976761
23 0.000964438
24 0.000164892
25 -0.000528113
26 -0.00052142
27 -0.000529484
28 -0.000511666
29 -0.000527816
30 -0.000531021
31 -0.000509855
32 -0.000484475
33 -0.000478099
34 -0.000461509
35 -0.000475009
36 -0.00048971
37 -0.000520231
38 -0.000555966
39 -0.000586471
40 -0.000595048
41 -0.000591255
42 -0.000592681
43 -0.000578303
44 -0.000548049
45 -0.000525488
46 -0.000528022
47 -0.00054427
