0 -0.000407665
1 0.00171549
2 0.00183121
3 0.00183863
4 0.00189078
5 0.00189968
6 0.00197456
7 0.00200191
8 0.00209568
9 0.00211486
10 0.00219662
11 0.00224142
12 0.0022957
13 0.00233029
14 0.00236339
15 0.00236739
16 0.00233887
17 0.00234304
18 0.00238771
19 0.00237807
20 0.00240201
21 0.00242121
22 0.00238108
23 0.0023944
24 -0.00036009
25 -0.00289918
26 -0.00293023
27 -0.00295861
28 -0.00291989
29 -0.00290093
30 -0.00288148
31 -0.0029511
32 -0.00294453
33 -0.00291136
34 -0.00285144
35 -0.0028418
36 -0.00283011
37 -0.00283098
38 -0.00281939
39 -0.00282828
40 -0.00279711
41 -0.00280342
42 -0.00276042
43 -0.00275681
44 -0.00271431
45 -0.00262154
46 -0.00257312
47 -0.00260709
