0 -0.000178644
1 0.00137078
2 0.00143973
3 0.00149171
4 0.00146857
5 0.00150057
6 0.00150559
7 0.00153515
8 0.00157239
9 0.0015965
10 0.00160889
11 0.0016266
12 0.00165152
13 0.00162405
14 0.00164379
15 0.0016182
16 0.00159854
17 0.00159769
18 0.00159164
19 0.00158789
20 0.0015733
21 0.00160934
22 0.00161331
23 0.00156701
24 -0.000273051
25 -0.00195051
26 -0.00198079
27 -0.00199788
28 -0.00200317
29 -0.00194971
30 -0.00192059
31 -0.00196177
32 -0.00194826
33 -0.00188908
34 -0.00185072
35 -0.0018192
36 -0.00182369
37 -0.0018042
38 -0.00179396
39 -0.00175548
40 -0.00178439
41 -0.00177168
42 -0.00179032
43 -0.00177033
44 -0.00176288
45 -0.00169963
46 -0.00171285
47 -0.00161686
