0 0.000454827
1 0.000700404
2 0.00059217
3 0.000506086
4 0.000501972
5 0.000476185
6 0.000442447
7 0.000424051
8 0.000388047
9 0.000370474
10 0.000351478
11 0.000345079
12 0.000335045
13 0.000352859
14 0.000363361
15 0.00037024
16 0.000391005
17 0.000404959
18 0.000431911
19 0.000439648
20 0.000465807
21 0.000475563
22 0.000495175
23 0.000507288
24 -4.48847e-05
25 -0.000619326
26 -0.000621101
27 -0.000612038
28 -0.000588324
29 -0.000562135
30 -0.000539747
31 -0.00050786
32 -0.000461329
33 -0.00038498
34 -0.000346703
35 -0.000323308
36 -0.000313235
37 -0.000285405
38 -0.000260869
39 -0.00024056
40 -0.000215829
41 -0.000205856
42 -0.000197199
43 -0.000224387
44 -0.000233082
45 -0.000234889
46 -0.000204733
47 -0.000173491
