0 -0.000525292
1 0.00232547
2 0.00247642
3 0.00251449
4 0.00250067
5 0.00245901
6 0.00245416
7 0.00244471
8 0.00240183
9 0.00240763
10 0.00234265
11 0.00227965
12 0.00223205
13 0.00218451
14 0.00216317
15 0.00213666
16 0.00215595
17 0.00214869
18 0.00216229
19 0.00217496
20 0.00217403
21 0.00219345
22 0.00221019
23 0.00220225
24 -0.00043127
25 -0.00309705
26 -0.00312792
27 -0.00311165
28 -0.00309485
29 -0.0031127
30 -0.00306286
31 -0.00305654
32 -0.00300956
33 -0.00299097
34 -0.0029342
35 -0.00295232
36 -0.00291388
37 -0.00291774
38 -0.00296542
39 -0.00293113
40 -0.00296505
41 -0.002975
42 -0.00297591
43 -0.00303132
44 -0.00302526
45 -0.00301297
46 -0.00302878
47 -0.00298698
