0 -6.39649e-05
1 0.000529608
2 0.000567394
3 0.000564044
4 0.000559479
5 0.000572618
6 0.000609831
7 0.000628901
8 0.000647525
9 0.000650178
10 0.000651898
11 0.000637007
12 0.000581821
13 0.000546413
14 0.000517301
15 0.000521214
16 0.00051548
17 0.000516365
18 0.000508864
19 0.000528709
20 0.00051621
21 0.000533794
22 0.0005405
23 0.000557954
24 -7.83477e-05
25 -0.000731352
26 -0.000738903
27 -0.000727892
28 -0.000748402
29 -0.000748404
30 -0.000720906
31 -0.00073249
32 -0.000722566
33 -0.000713273
34 -0.000730475
35 -0.000737296
36 -0.000741892
37 -0.000776964
38 -0.000787892
39 -0.000758834
40 -0.000747133
41 -0.00073119
42 -0.000716872
43 -0.000704209
44 -0.000658134
45 -0.000668541
46 -0.000665348
47 -0.000683182
