0 8.41648e-05
1 0.000414779
2 0.000392413
3 0.000369768
4 0.000313496
5 0.000251265
6 0.000218585
7 0.000170853
8 0.00015201
9 0.000163832
10 0.000158494
11 0.000150523
12 0.000153387
13 0.000152267
14 0.000158667
15 0.000156033
16 0.000183647
17 0.00020547
18 0.00019595
19 0.000198079
20 0.000185529
21 0.0002026
22 0.000210516
23 0.000219319
24 -0.000165586
25 -0.000504571
26 -0.000486285
27 -0.000472746
28 -0.000473513
29 -0.00047245
30 -0.000474778
31 -0.000478268
32 -0.000476054
33 -0.000462416
34 -0.000471129
35 -0.000491991
36 -0.000496024
37 -0.000512495
38 -0.000537141
39 -0.000534627
40 -0.000552896
41 -0.000585726
42 -0.00056665
43 -0.000564989
44 -0.000540492
45 -0.000556148
46 -0.00057941
47 -0.000568478
