0 1.20919e-05
1 0.000911893
2 0.000847347
3 0.000840021
4 0.000835711
5 0.000828138
6 0.000854944
7 0.000851371
8 0.000830718
9 0.000824173
10 0.000843764
11 0.000849506
12 0.000877372
13 0.000902205
14 0.000934014
15 0.000959232
16 0.000953582
17 0.000961616
18 0.000953702
19 0.000925254
20 0.000890645
21 0.000844461
22 0.000782934
23 0.000722299
24 -7.85448e-05
25 -0.000920658
26 -0.00095956
27 -0.000961664
28 -0.000989761
29 -0.000984208
30 -0.00103875
31 -0.0010595
32 -0.00102739
33 -0.00100528
34 -0.00100095
35 -0.000971046
36 -0.000991343
37 -0.00101987
38 -0.00103758
39 -0.00104223
40 -0.00104235
41 -0.00103425
42 -0.00102062
43 -0.00103825
44 -0.00106999
45 -0.00109636
46 -0.00113285
47 -0.00115679
