0 -0.000177052
1 0.00148617
2 0.00155734
3 0.00160476
4 0.00160586
5 0.00161348
6 0.00160871
7 0.00160291
8 0.00159735
9 0.00160356
10 0.001588
11 0.00159367
12 0.00159759
13 0.00159349
14 0.00160838
15 0.00159618
16 0.00157584
17 0.00161211
18 0.0016115
19 0.00160778
20 0.00161067
21 0.00160281
22 0.00158201
23 0.00153809
24 -7.98149e-05
25 -0.00165052
26 -0.00168328
27 -0.00169316
28 -0.00169259
29 -0.00168229
30 -0.00167415
31 -0.00169039
32 -0.00170788
33 -0.00169446
34 -0.00168848
35 -0.00169019
36 -0.00171594
37 -0.00170158
38 -0.00170075
39 -0.00172154
40 -0.00169744
41 -0.00171364
42 -0.00168572
43 -0.00169888
44 -0.00167857
45 -0.00168039
46 -0.00167703
47 -0.0016118
