0 -1.91585e-06
1 0.000777272
2 0.000876617
3 0.000900584
4 0.000877616
5 0.000908717
6 0.000903788
7 0.000920717
8 0.000914836
9 0.000892425
10 0.000876502
11 0.000889024
12 0.000887839
13 0.000937195
14 0.000953564
15 0.0010089
16 0.00104873
17 0.00106176
18 0.00109183
19 0.00112998
20 0.00112721
21 0.00118565
22 0.001239
23 0.00125677
24 0.000210285
25 -0.000768583
26 -0.000821327
27 -0.000867312
28 -0.0008798
29 -0.000898192
30 -0.000923996
31 -0.000959092
32 -0.000988054
33 -0.00105155
34 -0.00109078
35 -0.00109176
36 -0.0010847
37 -0.00108178
38 -0.00104359
39 -0.0010457
40 -0.00105324
41 -0.00104219
42 -0.00100495
43 -0.000939922
44 -0.000893715
45 -0.000876984
46 -0.00085422
47 -0.000787998
