0 -0.000720888
1 0.000869876
2 0.000897103
3 0.000931054
4 0.00103572
5 0.00109698
6 0.00113159
7 0.00117099
8 0.00121465
9 0.00124687
10 0.00128149
11 0.00132852
12 0.00132077
13 0.00130076
14 0.00131043
15 0.00131548
16 0.00132342
17 0.00139711
18 0.00145653
19 0.00150562
20 0.00156444
21 0.00159145
22 0.00161652
23 0.00160587
24 -1.16349e-05
25 -0.00162336
26 -0.00159883
27 -0.00156782
28 -0.00153639
29 -0.00153587
30 -0.00155542
31 -0.00156193
32 -0.00163032
33 -0.00161851
34 -0.001623
35 -0.0016303
36 -0.00162234
37 -0.00160591
38 -0.00163487
39 -0.00155994
40 -0.00156827
41 -0.00157517
42 -0.00154915
43 -0.00156112
44 -0.00160172
45 -0.00162302
46 -0.00171809
47 -0.00172479
