0 0.000777949
1 0.00207213
2 0.00216141
3 0.00218852
4 0.00223342
5 0.00223537
6 0.00225778
7 0.00223335
8 0.00227356
9 0.00231527
10 0.00238683
11 0.00234091
12 0.00242398
13 0.00246074
14 0.00250308
15 0.00253128
16 0.00250921
17 0.00260003
18 0.00255056
19 0.00256723
20 0.00259082
21 0.00263139
22 0.00267291
23 0.00266126
24 0.000721321
25 -0.00122405
26 -0.00121679
27 -0.00122381
28 -0.00120353
29 -0.00119899
30 -0.00118555
31 -0.0011681
32 -0.00116153
33 -0.0011501
34 -0.00115116
35 -0.00113251
36 -0.00113029
37 -0.00114393
38 -0.00116014
39 -0.00117561
40 -0.00116907
41 -0.00119071
42 -0.00123502
43 -0.00123046
44 -0.00126003
45 -0.00127212
46 -0.0012828
47 -0.0012699
