0 -0.000705671
1 0.00063769
2 0.000639903
3 0.000617987
4 0.0005717
5 0.000559038
6 0.000552991
7 0.00054468
8 0.000565951
9 0.000543122
10 0.000528932
11 0.000514576
12 0.000495564
13 0.000504756
14 0.000494125
15 0.000502787
16 0.0004997
17 0.000509384
18 0.000536358
19 0.000567752
20 0.000593888
21 0.000651301
22 0.000712582
23 0.000716463
24 -5.54871e-05
25 -0.000959568
26 -0.000964118
27 -0.000984761
28 -0.000982852
29 -0.000991863
30 -0.00100217
31 -0.00104868
32 -0.0011299
33 -0.00114919
34 -0.00121024
35 -0.00128288
36 -0.0013284
37 -0.00134394
38 -0.00138654
39 -0.00142938
40 -0.00147951
41 -0.00153952
42 -0.00163828
43 -0.00167914
44 -0.00172807
45 -0.00168956
46 -0.0016629
47 -0.00161881
