0 -0.000289934
1 0.00194883
2 0.00206599
3 0.00207879
4 0.00201243
5 0.00210002
6 0.00204341
7 0.00205598
8 0.00202658
9 0.00204523
10 0.00203891
11 0.00204304
12 0.00205448
13 0.00207153
14 0.00203131
15 0.00204958
16 0.00205331
17 0.00205223
18 0.00206749
19 0.00206625
20 0.0020465
21 0.00203611
22 0.00206556
23 0.00199046
24 3.37696e-05
25 -0.00188014
26 -0.00192624
27 -0.00194465
28 -0.00196408
29 -0.00196469
30 -0.00195497
31 -0.00195314
32 -0.00193503
33 -0.00195044
34 -0.00196856
35 -0.00195296
36 -0.00195228
37 -0.00196052
38 -0.00194991
39 -0.00197338
40 -0.00194579
41 -0.00195542
42 -0.0019635
43 -0.00195378
44 -0.00196169
45 -0.00197811
46 -0.00196156
47 -0.00189462
