0 -0.000105186
1 0.000795654
2 0.000842461
3 0.000830792
4 0.00082563
5 0.000814088
6 0.000807967
7 0.000813418
8 0.000790807
9 0.000805376
10 0.000808249
11 0.000822983
12 0.000802388
13 0.000811319
14 0.000829325
15 0.000817564
16 0.000833317
17 0.000838474
18 0.000824369
19 0.000837701
20 0.000833084
21 0.00082981
22 0.000831056
23 0.000810839
24 -0.000154545
25 -0.00108162
26 -0.00109564
27 -0.00110834
28 -0.00110049
29 -0.00112124
30 -0.00110649
31 -0.00112726
32 -0.00112261
33 -0.00112731
34 -0.00111554
35 -0.00111562
36 -0.00111242
37 -0.00112018
38 -0.00111569
39 -0.00111466
40 -0.00111455
41 -0.0011243
42 -0.00113258
43 -0.00115645
44 -0.0011592
45 -0.0011682
46 -0.00119341
47 -0.0011803
