0 0.000896386
1 0.00297904
2 0.00307878
3 0.00311783
4 0.00310458
5 0.00312041
6 0.00313573
7 0.00312282
8 0.00310914
9 0.00315378
10 0.00313681
11 0.00313101
12 0.0031597
13 0.00315791
14 0.00313856
15 0.00312676
16 0.00316925
17 0.00317905
18 0.00321325
19 0.00324014
20 0.00321595
21 0.00322184
22 0.00319408
23 0.00314051
24 0.000698546
25 -0.0016206
26 -0.00168707
27 -0.00176917
28 -0.00178035
29 -0.00174791
30 -0.00177524
31 -0.00177189
32 -0.00175952
33 -0.00178029
34 -0.00180262
35 -0.00179485
36 -0.00182859
37 -0.00178716
38 -0.00181239
39 -0.00184187
40 -0.00182903
41 -0.00188704
42 -0.00185831
43 -0.00187178
44 -0.00189515
45 -0.00196558
46 -0.00197597
47 -0.00196655
