0 1.17808e-05
1 0.00199122
2 0.0020814
3 0.00207027
4 0.00206263
5 0.00210966
6 0.00207528
7 0.00210424
8 0.0020563
9 0.00207846
10 0.0020564
11 0.00205201
12 0.00206235
13 0.0020519
14 0.00203025
15 0.00201413
16 0.00199464
17 0.00201332
18 0.00201066
19 0.00200661
20 0.00200155
21 0.00203032
22 0.00202366
23 0.00195952
24 -0.000103602
25 -0.00206299
26 -0.00211256
27 -0.00210937
28 -0.00210608
29 -0.00211788
30 -0.00213131
31 -0.00214987
32 -0.00214588
33 -0.00210929
34 -0.00213447
35 -0.00211848
36 -0.00214504
37 -0.00215179
38 -0.00213361
39 -0.0021341
40 -0.00214118
41 -0.00212814
42 -0.00212766
43 -0.00213436
44 -0.0021392
45 -0.00213564
46 -0.00214691
47 -0.00217187
