0 -0.000313058
1 0.00155728
2 0.00152547
3 0.00153405
4 0.00152292
5 0.00152198
6 0.00152815
7 0.00154901
8 0.00154222
9 0.00152449
10 0.00152263
11 0.00155475
12 0.00154103
13 0.00154782
14 0.00154227
15 0.00156574
16 0.00157289
17 0.00158787
18 0.00159943
19 0.0016002
20 0.00161733
21 0.00161722
22 0.00159639
23 0.00158062
24 -0.000308957
25 -0.00232632
26 -0.00243168
27 -0.00239919
28 -0.00241444
29 -0.00242591
30 -0.00243298
31 -0.00243812
32 -0.00248912
33 -0.0024904
34 -0.00250607
35 -0.00249591
36 -0.00249598
37 -0.00250445
38 -0.00249483
39 -0.00252473
40 -0.00250299
41 -0.00255844
42 -0.0025643
43 -0.00258344
44 -0.00262076
45 -0.00267735
46 -0.00273519
47 -0.00274801
