0 -0.000194767
1 0.000807264
2 0.000816067
3 0.000754043
4 0.000756323
5 0.000712929
6 0.000697783
7 0.000628619
8 0.000638221
9 0.000615173
10 0.000613765
11 0.000638532
12 0.000652081
13 0.000626143
14 0.000670946
15 0.000712106
16 0.000763358
17 0.000779905
18 0.000782195
19 0.000760494
20 0.00081744
21 0.00083718
22 0.000864545
23 0.000949951
24 3.6014e-05
25 -0.00082696
26 -0.000773647
27 -0.000733541
28 -0.000677184
29 -0.000642688
30 -0.000614504
31 -0.000591627
32 -0.000584291
33 -0.000575376
34 -0.000578461
35 -0.000563071
36 -0.000537169
37 -0.000531357
38 -0.000514578
39 -0.000505918
40 -0.000550657
41 -0.00056224
42 -0.000620306
43 -0.00065838
44 -0.000712249
45 -0.000762597
46 -0.000769887
47 -0.000782475
