0 -0.000334957
1 0.000567031
2 0.000479468
3 0.000474391
4 0.000466999
5 0.000488608
6 0.000507507
7 0.000526136
8 0.000517337
9 0.000518428
10 0.00052378
11 0.000526937
12 0.000542309
13 0.000537241
14 0.000556382
15 0.00059521
16 0.000593145
17 0.000603367
18 0.000603764
19 0.000637795
20 0.000665765
21 0.000675732
22 0.00070615
23 0.000731371
24 -0.000304612
25 -0.00136046
26 -0.00134878
27 -0.00135509
28 -0.00135088
29 -0.0013622
30 -0.00134327
31 -0.00135776
32 -0.00138152
33 -0.00135082
34 -0.00133565
35 -0.00126647
36 -0.00122829
37 -0.00119672
38 -0.00120099
39 -0.001199
40 -0.00120264
41 -0.00122038
42 -0.00126229
43 -0.00125953
44 -0.00126404
45 -0.00132009
46 -0.00133743
47 -0.00135853
