0 0.000163059
1 0.00263803
2 0.00263948
3 0.00264158
4 0.00261334
5 0.00258781
6 0.00264249
7 0.00264234
8 0.002604
9 0.00260741
10 0.0026248
11 0.00259118
12 0.00259242
13 0.00261123
14 0.00262863
15 0.00260749
16 0.00264106
17 0.00263776
18 0.00261847
19 0.00263652
20 0.00263033
21 0.00261644
22 0.0026034
23 0.00255244
24 0.000530588
25 -0.00146016
26 -0.0015011
27 -0.00151849
28 -0.0015045
29 -0.00150966
30 -0.00150023
31 -0.00151287
32 -0.00152724
33 -0.00150539
34 -0.00152221
35 -0.001515
36 -0.00151088
37 -0.00151133
38 -0.00149825
39 -0.00151387
40 -0.00152582
41 -0.00149349
42 -0.00151836
43 -0.00152756
44 -0.00149206
45 -0.00154451
46 -0.00151887
47 -0.00143104
