0 -0.000130285
1 0.00131069
2 0.00127726
3 0.00121799
4 0.00124025
5 0.00123531
6 0.00121369
7 0.00123472
8 0.00122455
9 0.00119172
10 0.00116652
11 0.00112487
12 0.00110078
13 0.00108766
14 0.00108473
15 0.00112737
16 0.0011438
17 0.00117092
18 0.00119045
19 0.00122856
20 0.00126343
21 0.00130706
22 0.00134511
23 0.00131816
24 0.0001895
25 -0.000967081
26 -0.000993165
27 -0.0010312
28 -0.00104475
29 -0.00104054
30 -0.00103459
31 -0.00105144
32 -0.00105512
33 -0.00109026
34 -0.0011491
35 -0.00116438
36 -0.00119214
37 -0.00120889
38 -0.00124868
39 -0.00124818
40 -0.00127694
41 -0.00126973
42 -0.00125083
43 -0.00121785
44 -0.00123425
45 -0.00127227
46 -0.00131337
47 -0.00131042
