0 -0.00024349
1 0.00085328
2 0.000851116
3 0.000845439
4 0.000834224
5 0.000865262
6 0.000852953
7 0.000863559
8 0.000848719
9 0.000859006
10 0.000859089
11 0.000851467
12 0.000825028
13 0.000806269
14 0.000778924
15 0.000768783
16 0.000772161
17 0.000762264
18 0.00074935
19 0.00075715
20 0.000749635
21 0.000756772
22 0.000754541
23 0.000729198
24 -0.000473063
25 -0.00164654
26 -0.00168997
27 -0.00172443
28 -0.0017175
29 -0.00172153
30 -0.00172887
31 -0.00172317
32 -0.00172048
33 -0.00174961
34 -0.00177707
35 -0.00182097
36 -0.00181099
37 -0.00182396
38 -0.00184967
39 -0.00185393
40 -0.00190379
41 -0.00190629
42 -0.00188643
43 -0.00187401
44 -0.00189262
45 -0.00190396
46 -0.00189889
47 -0.00187867
