0 0.000243537
1 0.00133117
2 0.00129483
3 0.00130113
4 0.0012777
5 0.00126632
6 0.00125536
7 0.00125593
8 0.00127403
9 0.00125912
10 0.00126008
11 0.00126381
12 0.00126481
13 0.00127522
14 0.00127844
15 0.00128502
16 0.001279
17 0.00129689
18 0.00130209
19 0.00128644
20 0.00129578
21 0.00128951
22 0.00130084
23 0.00126624
24 0.000196055
25 -0.000894466
26 -0.000909473
27 -0.000923219
28 -0.000930498
29 -0.000927732
30 -0.000926217
31 -0.000911419
32 -0.000935001
33 -0.000929698
34 -0.000936789
35 -0.000924223
36 -0.000928941
37 -0.000905069
38 -0.000920845
39 -0.000913913
40 -0.000926434
41 -0.00094329
42 -0.000932149
43 -0.00096976
44 -0.000938899
45 -0.000962718
46 -0.000994842
47 -0.00095482
