0 -0.000149649
1 0.00217524
2 0.00215668
3 0.00218317
4 0.00216785
5 0.00218298
6 0.00215084
7 0.00217653
8 0.00217262
9 0.00218347
10 0.00217294
11 0.00218468
12 0.00217633
13 0.00220398
14 0.00223884
15 0.00222233
16 0.00216956
17 0.00216917
18 0.00220542
19 0.00217807
20 0.00218417
21 0.00216553
22 0.00216733
23 0.00210477
24 -0.000377516
25 -0.00275231
26 -0.00282257
27 -0.00283753
28 -0.00283544
29 -0.00284569
30 -0.00284394
31 -0.00284627
32 -0.00283739
33 -0.00282688
34 -0.00283567
35 -0.00282736
36 -0.00285878
37 -0.00281591
38 -0.00285775
39 -0.00284882
40 -0.00282547
41 -0.00284079
42 -0.00288694
43 -0.00279802
44 -0.00282474
45 -0.00279865
46 -0.0027869
47 -0.00274535
