0 6.24094e-05
1 0.00120623
2 0.00105134
3 0.00095909
4 0.000870388
5 0.000829702
6 0.000754985
7 0.000667333
8 0.000582309
9 0.000479549
10 0.000472123
11 0.000470553
12 0.000476928
13 0.000495538
14 0.000499128
15 0.000533103
16 0.000582051
17 0.000615469
18 0.000622093
19 0.000639675
20 0.000654319
21 0.000677739
22 0.000670678
23 0.000662135
24 -0.000338952
25 -0.00129455
26 -0.00132045
27 -0.0012765
28 -0.00125485
29 -0.00122271
30 -0.00117408
31 -0.00114877
32 -0.00111763
33 -0.00111077
34 -0.00109838
35 -0.0010583
36 -0.00101212
37 -0.000983619
38 -0.000888125
39 -0.000857544
40 -0.00076877
41 -0.00072641
42 -0.000724399
43 -0.000741465
44 -0.000753333
45 -0.000823307
46 -0.000923514
47 -0.00105858
