0 0.000658851
1 0.00226849
2 0.00229932
3 0.00231123
4 0.00228036
5 0.00222482
6 0.00223116
7 0.00218794
8 0.00216584
9 0.00215703
10 0.00215293
11 0.00215351
12 0.00215845
13 0.0021615
14 0.00216807
15 0.00218118
16 0.00218955
17 0.00218246
18 0.00217732
19 0.00218364
20 0.00215713
21 0.00218479
22 0.00213304
23 0.00210296
24 0.00036394
25 -0.00130689
26 -0.00136084
27 -0.00138826
28 -0.00140622
29 -0.00141421
30 -0.00142096
31 -0.00143761
32 -0.00144181
33 -0.00143575
34 -0.0014423
35 -0.00146616
36 -0.00145948
37 -0.00145276
38 -0.00145848
39 -0.0014755
40 -0.00147548
41 -0.00148193
42 -0.0015043
43 -0.00147864
44 -0.00144193
45 -0.00143778
46 -0.00139549
47 -0.00132566
