0 0.000324915
1 0.000715396
2 0.000623361
3 0.000562587
4 0.00051818
5 0.000499781
6 0.000475334
7 0.000489442
8 0.000480865
9 0.000433078
10 0.000441738
11 0.000450908
12 0.000458455
13 0.000458699
14 0.000489737
15 0.000509265
16 0.000520635
17 0.000554929
18 0.000572367
19 0.000586804
20 0.000606478
21 0.000625465
22 0.000626593
23 0.00063278
24 3.50551e-05
25 -0.000452256
26 -0.000489751
27 -0.000500167
28 -0.000510025
29 -0.000523057
30 -0.000543879
31 -0.000563632
32 -0.000565706
33 -0.000568317
34 -0.000570475
35 -0.000573654
36 -0.00056386
37 -0.000571398
38 -0.000587022
39 -0.000587769
40 -0.000586656
41 -0.000579955
42 -0.000554245
43 -0.000522827
44 -0.000497098
45 -0.000442689
46 -0.000421598
47 -0.000402375
