0 -0.000296314
1 0.000725147
2 0.000740673
3 0.000753405
4 0.000756085
5 0.000730215
6 0.000726111
7 0.000670626
8 0.000652558
9 0.000661972
10 0.000667793
11 0.000657394
12 0.000665118
13 0.000695279
14 0.000717857
15 0.00072278
16 0.000716838
17 0.000701683
18 0.000670674
19 0.000657058
20 0.000622888
21 0.000609646
22 0.000633275
23 0.000647695
24 -6.01151e-05
25 -0.000705461
26 -0.000725504
27 -0.000711426
28 -0.000684857
29 -0.000666402
30 -0.000643033
31 -0.000653635
32 -0.000642018
33 -0.000682374
34 -0.000700827
35 -0.000695121
36 -0.000728955
37 -0.00078872
38 -0.000845252
39 -0.000882043
40 -0.00095698
41 -0.00100606
42 -0.00105716
43 -0.00110346
44 -0.00115401
45 -0.00114571
46 -0.0010958
47 -0.00117495
