0 1.02115e-05
1 0.00139484
2 0.00149629
3 0.00146711
4 0.00142821
5 0.00134838
6 0.00135938
7 0.00131075
8 0.00131975
9 0.00135163
10 0.00134955
11 0.00139373
12 0.00142066
13 0.00145404
14 0.00149368
15 0.00153838
16 0.00153436
17 0.00154606
18 0.00154991
19 0.00158566
20 0.00158542
21 0.00161169
22 0.00162795
23 0.00160932
24 0.000258394
25 -0.00109203
26 -0.00111244
27 -0.00109992
28 -0.00108427
29 -0.00106655
30 -0.00107464
31 -0.00104825
32 -0.00102912
33 -0.00102227
34 -0.00100648
35 -0.000985859
36 -0.000968718
37 -0.000944453
38 -0.000921736
39 -0.000926241
40 -0.000922766
41 -0.000902375
42 -0.000908139
43 -0.00092029
44 -0.000918788
45 -0.000935266
46 -0.000944318
47 -0.000915649
